222720
223496
210175
232522
228278
210177
220219
228726
223969
228173
231281
223786
223693
220898
228731
233216
210316
227561
210212
231628
222979
224023
220692
231682
230145
222199
231494
220886
227277
224438
223300
231747
231586
227751
231532
223461
224186
222077
223459
223150
210091
232474
223827
232559
220847
229854
223980
232526
222830
223952
210033
223337
227623
222358
220772
230676
2320242
231762
232276
220907
233206
222133
231099
231656
231056
229639
232778
231037
232734
224086
222822
224057
232883
227780
210384
224202
227704
210352
230001
220275
228474
230728
222148
233167
232436
232847
222139
223238
224194
229727
229720
231385
227721
224305
230553
231386
224229
224148
229770
231592
224125
230704
220837
232709
232684
224234
223017
228154
228798
220306
2320391
222955
230303
232290
231635
2320302
230589
227328
231563
220643
229297
222389
220913
232248
228438
228346
227716
223533
230998
231927
220596
229140
231356
223233
227973
228562
228437
233116
228941
220644
229967
227589
220689
227731
220317
224388
210163
233186
233384a
210250
230212
223603
223288
222207
222917
230849
2322682
220873
227707
230471
233008
227742
230976
220637
224311
222447
222206
222853
231934
223532
230291
233020
231008
231147
231408
227892
210022
231363
223389
222058
230928
220794
230550
232737
223883
210447
228222
231440
233282
223764
228689
231495
231215
2320422
210181
232804
233379
222137
231316
227584
223465
232360
222377
222467
228696
227462
229359
229514
232151
231004
220828
220293
231177
230935
227907
227485
220809
227770
223015
210109
223166
229510
223376
232205
220094
2319732
222410
231157
210139
2319762
232575
222788
231188
233161
232449
231312
230156
210030
227939
233135
232665
223144
222468
231262
233144
233326
231214
230096
231273
2320221
230564
230535
232144
230742
230702
231654
220246
220878
231541
210232
222340
228989
229557
233328
232789
229064
210027
222144
229881
222550
233291
227991
210246
232910
230977
233034
220256
228089
230188
227258
223683
222946
224169
227802
230228
233242
231855
220071
210477
222906
222964
233294
230958
222215
220713
231551
227899
223380
228220
230384aa
231660
231151
231698
220191
232766
224158
232519
227439
223352
232433
228211
223198
222050
224138
223458
233015
210053
232479
231894
220903
232751
231125
233053
229771
220808
230325
222292
222054
230135
227458
222403
222498
220861
230660
232597
231090
233319
232447
230282
227486
2320052
224377
222075
233296
230020
229681
231007
233109
229660
227433
210263
210005
220702
228722
232170
210120
222053
223001
2319711
230501
210376
230453
228138
223098
229679
230366a
224257
222480
222004
222895
223767
230939
221952
222865
233012
220270
230503
223745
223725
230921
229674
230331
232353
232095
222746
223765
228690
232188
220570
227853
228277
222162
227673
229316
230989
229307
231963
232505
231432
222532
223423
228648
2319861
222310
223845
220279
230640
228179
223314
210333
232105
2320421
231798
229404
222289
229760
223559
228402
220842
223051
221002
2319752
229278
229105
220764
230893
2320371
222030
220925
210448
223422
231447
231064
223147
229661
220312
232954
210430
231003
232802
210050
223965
2320701
229232
223472
224367
220683
220674
230384b
224238
231609
229932
223810
2319911
227350
224192
220087
230012
230559
232978
220701
210040
224271
223038
220813
229421
220778
222837
223084
221993
229295
230378aa
229200
2320092
220865
223609
210472
223316
220620
210105
230747
232570
227377
229974
230119
224012
229902
220976
230986
229329
222573
220879
223279
229829
232536
230360a
223200
231036
229809
210068
232237
231812
233058
233258
210185
222087
231916
228714
232580
228826
224218
222140
210438
220661
220615
220804
223824
232612
230011
228820
231167
210295
220666
220231
223106
231080
230597
223710
229417
228132
229691
223310
231597
233289
224425
229706
220854
223991
220292
222367
231785
231576
223199
232956
230337
210405
220936
227771
228756
229250
223489
231680
229942
223320
220556
228921
220887
230151
230745
224047
223428
222472
222977
232702
220038
2320301
222765
231101
220787
232169
227647
210463
232683
222226
2319672
232208
222320
220252
227453
227327
223943
223688
228030
222192
228552
232894
220817
227696
232495
232903
228888
223065
223187
233391
232489
232655
230792
222951
232760
232691
229193
229367
229931
227556
220551
232811
222230
227270
231124
220149
227679
2320481
222718
223546
2320862
230370ba
222998
230278
232593
230133
233039
229678
222515
223092
230349
227343
233222
229330
2319932
224027
230865
223850
233185
228899
229936
220178
222231
2320401
223361
228544
231888
220946
210374
233026
224080
230632
231357
233084
210131
210302
229151
227482
232685
210070
229205
227961
220572
222712
230366bb
223695
223128
228329
228727
227365
223785
231590
230636
222114
230780
230069
222715
2319781
222408
228774
223961
224347
231223
222070
228031
220843
228521
220026
229333
229301
210140
222092
220805
232254
223032
222554
230077
230949
231539
222010
220649
210485
228190
228933
210264
230994
227346
231407
228790
222361
227676
232637
229353
220203
222235
222307
222887
232572
232175
230856
231928
222013
228223
228323
220239
232810
222497
222060
229172
2320761
228108
230555
231852
229804
224184
223408
224276
224323
222487
229907
228762
222323
232618
227357
229489
210019
220812
222078
232059
232506
223599
232754
223173
233341
220050
223289
231006
220257
231235
220024
224284
222616
223086
230359a
223365
223386
223203
232960
210149
228622
224273
229231
231230
224390
231010
223350
224216
230905
224017
2320212
223290
231242
230531
228372
223034
232845
220920
220088
210203
233298
228445
231776
227712
222164
230207
222161
222094
220207
230948
230646
229535
210180
230260
210206
232454
2320582
230112
231644
222626
2320491
223202
232870
220176
223388
230327
229710
222256
231185
227309
220267
210341
231465
210311
232803
220896
227633
230305
230192
230041
220122
220958
224182
228829
230838
232622
231195
210157
230388a
233234
223101
227926
224122
230721
222506
228849
223249
222932
231249
220997
233392
222278
232285
223246
232295
2319842
222644
228631
232602
228809
223794
2320642
229609
227418
231860
220835
228545
223679
233257
223260
231692
229680
230779
230507
221962
231355
228753
227668
220568
229619
224227
230234
223618
223168
223574
210461
220135
223557
230455
232344
232660
210143
220139
222393
230710
230596
231365
231331
232501
230546
227644
223487
210476
232944
230380ab
2319812
223662
229900
228361
223296
230182
230600
230374ab
220639
232808
230878
222875
228721
222582
230235
223404
210415
222524
229712
223809
229628
232943
222819
232174
231723
231289
232801
222567
227628
233098
228845
222395
229956
227409
232534
220633
222451
229319
223137
231460
231863
227864
232328
222111
220628
227872
220691
224171
232876
222396
224250
231570
232476
220259
227734
210197
210308
223201
228645
223287
230602
227984
231582
222722
228144
220086
231850
222587
231876
230537
227639
232225
2320872
220264
210417
222368
232797
222103
230627
231700
227491
229289
229962
229448
210407
229859
224067
227273
228119
229115
231105
223118
227366
228163
228448
220121
230945
220942
210361
231836
230456
229758
228677
223922
232634
222518
233030
220548
210039
222210
230906
231580
227859
229156
222247
222048
220899
228340
232401
220860
210305
223285
231371
2320171
232635
232917
222542
230324
222176
222810
231453
223712
223492
230829
230365aa
229799
220273
220796
232463
224287
230677
230088
229496
230644
221977
230778
220243
229684
222847
229128
220167
220840
229298
223613
223600
2320032
222871
210424
220654
210145
229899
223670
229376
231143
228167
232577
220108
230643
227256
224175
228148
227284
221963
210378
223919
232679
224415
228577
224166
227789
229874
230895
232210
223954
229243
231786
222513
210372
233333
230811
229103
223439
220626
228651
223864
229142
229676
227627
230391a
232430
222475
227855
222636
227614
230384ab
230040
232645
220730
233304
223338
232309
223364
223892
220228
230376bb
227888
230899
227687
231017
223807
233123
230157
224314
223833
232335
233316
223676
229736
230165
222055
223689
231960
229547
227516
231121
227391
231883
222834
229677
223707
229911
224246
227375
220712
229063
230368bb
229793
227323
230314
229322
231578
224380
229823
2320241
224200
220241
223327
210172
229982
223769
227294
232195
230125
220559
228478
223448
230629
210293
231557
231587
2320191
232154
227733
224189
210133
210079
2320042
232949
232552
222988
232134
220555
227634
222379
210255
220739
220740
229998
223383
233033
228339
223130
231806
227563
230793
227385
220816
229652
220198
222666
210310
230957
222980
224105
231531
222418
231705
2319792
222458
220209
231650
228616
227917
229288
222647
2320151
231608
220216
222752
220916
220678
227887
230241
223216
224085
227428
210427
230883
220096
2319982
229993
210453
220188
232232
228835
220595
220700
233295
229303
220681
232200
220602
230484
222346
228118
232173
230210
232108
231234
232104
232325
231703
227845
222218
229875
230774
228293
232383
223312
231145
229196
231181
228549
231012
227452
230534
231730
227616
222703
222159
233162
228636
230118
210283
223971
220278
233344
220810
222008
220642
222864
232529
232621
210043
230104
227440
230379aa
229744
222457
231199
220227
229241
220964
229955
230605
232291
232740
227469
220973
228424
228594
228657
228287
229019
228958
229408
210071
229781
229210
230551
227677
228669
232437
2320901
2320592
230965
220562
227987
231087
223090
210001
228685
220675
228784
233040
227403
2320002
223651
222879
232308
210486
228550
232595
223811
227783
220250
231508
210102
224420
229960
229553
230594
232658
230669
230046
227728
231297
233268
231737
229834
210166
227587
220932
230933
220605
2320272
227913
221950
230464
224201
232987
223003
2320232
231232
233278
222149
229635
228839
230220
222003
227885
227791
231180
232484
210121
228541
228276
229215
230351
233076
223933
220822
210443
230353ba
232581
224114
230358a
229808
232359
2320562
229393
222637
232097
220070
210047
220670
230272
222617
223534
222158
223353
230910
229675
224297
222940
223435
231203
223047
222351
230482
231641
223525
230609
230591
227876
220600
222356
229838
220048
230892
224131
229777
222345
222494
233388
232453
229940
222901
223333
2320341
228551
223000
232209
222764
230752
223672
228664
210262
220714
2319701
230075
231831
222286
220240
233352
224160
230488
228680
223357
220935
230509
220233
230718
228479
210338
220716
231410
229312
210393
229858
232941
232245
223589
223375
232992
230891
223720
230161
222973
229702
2320442
230358ba
231461
222509
210433
224177
230424
230611
232264
229576
231964
222689
223097
230828
231616
228925
230824
231546
222308
231809
223598
223904
231208
223851
2320581
228772
223551
210042
224309
230238
222189
232869
232171
232773
232352
227667
220745
232692
221968
232378
223429
232525
223433
227794
220215
222638
222227
231498
229830
227497
227932
231169
230857
210426
229229
2320312
220640
223339
224259
222220
222250
231054
223837
230352ba
230497
222456
227551
224199
223637
231122
220247
231688
230974
224069
220305
232250
223331
220204
221986
228734
230277
228021
223475
232599
222086
227301
229767
224364
228522
224334
228426
229304
229335
228568
228317
210035
227345
229976
223323
228720
210440
210458
210193
232911
220144
231485
210239
220261
229426
233103
229999
231227
210092
222873
229802
222428
230319
221966
220800
223067
228875
222017
220202
210290
222291
228671
233270
228811
231469
223153
231304
222219
229494
223612
229704
227875
227500
227955
224049
223986
228758
232732
228931
231933
232814
227804
222276
223417
230736
220882
232674
227790
222462
231634
223601
230360bbbb
223793
229886
233259
227650
231683
210498
233309
231936
223702
227657
231049
222469
232628
232587
230667
224119
229212
2319852
231648
223154
220201
230379b
229713
210051
220591
227933
220885
230821
222300
230743
232343
223623
232753
228618
228588
223802
233348
230470
223167
223484
228904
231456
227670
224040
232297
230608
224063
223628
224162
224335
228832
223029
229786
2319772
222005
220944
220173
220263
232214
230530
228585
222203
210315
2320372
228266
223400
224178
224144
224210
220676
224097
223131
230603
231339
230143
222267
222038
230309
232765
232189
232326
228016
230185
222877
223447
223418
231429
224315
2320142
230732
222165
232768
220560
229959
232890
229705
229985
222302
228715
227598
227583
230187
231957
223164
227709
231084
223782
230635
227867
232266
224320
227755
222298
222466
232565
228093
223120
232899
223385
230734
228957
224154
229403
233260
232441
210046
229446
223399
232996
232387
222539
224088
227660
210137
210369
222202
231436
210063
231915
228808
227423
2320011
228678
228656
222781
227263
223664
231053
233360
220759
220590
220076
223340
222152
223654
224240
229158
230209
227833
222627
227691
224190
233301
233172
227891
233168
231661
222802
222929
230757
227249
222242
223611
228466
222084
222507
233159
222306
230613
228781
229551
224414
230593
231871
232800
223012
230831
222677
223554
232156
222337
222888
229689
232306
222751
231451
232111
222248
233070
223777
227901
224310
222840
229880
222290
228859
231910
227848
210227
210122
228703
210127
220128
222271
233054
230496
228702
222583
222941
223996
230362b
227620
230687
232220
233182
223416
227268
223420
231253
223566
222209
230338
210356
227898
227480
224187
228484
231497
230354aa
227388
223910
2320091
222635
229495
228269
227373
2320811
2319791
222009
227372
230749
210077
230014
224058
228320
232728
232146
232451
230105
230911
232337
230116
220583
229244
222303
223718
228791
231450
232848
210278
231713
228668
222299
231155
232798
232948
229311
231720
223740
231867
229788
231952
222097
230176
233160
220569
229561
227713
232207
231307
231657
220662
232508
221000
223854
229364
233233
233329
223661
231025
230134
222927
231775
223160
229095
228193
2320431
230177
230519
230622
229871
229947
223941
223761
231023
229953
210010
222499
228183
220085
223434
231109
229724
228556
223779
231726
232607
222894
228785
222104
233126
231822
2320192
229240
227252
227506
220698
224142
210014
220725
230641
232592
232332
233350
229815
223250
232375
230712
229447
230938
222779
228217
228230
230982
229595
228927
232859
229626
232138
222861
223896
231615
228454
222262
233077
229046
223255
228300
231193
210150
231409
230446
232502
232588
230992
220010
230581
222547
224345
227672
210418
210460
220673
222122
220859
229930
222809
220029
230377a
232836
222154
222744
210425
210184
222889
210412
232334
232828
224147
222814
224349
229738
210329
231295
229872
210211
232680
224402
227362
230862
232114
227477
210026
220939
223396
222324
223633
210062
230138
231402
228428
222488
232738
210154
223747
233196
230870
2320632
229126
222862
224386
228738
229293
231603
210432
224295
228008
231619
220606
223205
230845
231129
229589
230476
231258
220052
220728
228822
220138
232631
223528
228201
232569
223103
229230
232103
224137
232632
210284
227267
231519
233284
210434
230956
232603
222683
233265
224126
230363ab
230823
223042
2320201
227275
231024
223863
223544
231266
222110
222899
224385
224113
230917
222269
228198
230890
224155
229600
229792
231622
231818
227776
231930
230048
227331
231815
230183
220587
228755
232413
224264
228492
232176
222646
232533
230678
229837
231671
229629
227363
223529
220911
231245
224267
227748
232700
229686
222059
231746
223564
222996
229568
223498
232920
220789
220943
231302
229522
227730
220663
223432
220910
227992
223414
230198
220599
229198
210202
223951
230148
230461
228314
223735
223578
232288
229132
222584
223509
231869
231435
231335
220762
222168
220034
229585
230726
227963
228149
223846
223262
228765
228140
220199
224245
227334
2319741
230577
230680
229673
230036
229692
222241
232128
231029
227416
223215
222684
223080
222067
229873
210098
222624
223629
233324
223460
223140
222191
231653
229836
221996
231584
228959
230457
224350
229127
230860
223593
231243
230044
210111
222775
231028
230089
228615
223539
224051
223645
233366
230819
232888
222374
210117
227360
231343
232682
232283
229756
228626
223960
220089
227310
224035
231908
222787
232296
230300
223123
230377ba
229787
230570
232582
227674
227906
227493
221983
220224
222585
223596
222106
230868
228675
231712
232185
232407
220255
227758
223470
233089
232831
210334
227349
232282
222037
229283
231564
232998
228224
228905
210289
222001
227902
210332
232701
230540
222042
222876
228741
233204
231290
220744
228895
222919
222716
220126
210054
229630
227502
232424
223865
231445
222411
2320531
228249
222249
223911
222738
229687
210373
210220
231254
232791
229541
223093
2319882
229928
229625
231472
229646
223844
210217
229087
230626
229526
230784
222102
2320362
223625
231117
227407
231545
230969
231377
223716
233157
229929
230968
224381
221997
232762
220112
230052
228848
223543
223753
223682
231288
223476
230947
220598
210146
222811
210025
222126
232438
229555
223701
228558
223762
228496
228285
223052
229315
220742
231153
224369
223882
231069
223694
222264
232853
228751
227849
224263
230299
223321
232970
233269
229957
231517
230545
223175
224289
228691
220612
228015
223669
231827
222935
228583
228700
223050
228940
232231
231521
228412
230759
220720
210073
231375
222923
230847
222790
227682
232566
232504
223236
232338
233217
224039
230195
210086
222961
231263
224036
221961
223630
229765
222347
231549
232412
229980
222240
224426
228608
227408
210257
230788
220627
232327
232153
230601
231684
2320572
210189
227281
220157
210466
230430
230211
222052
232500
230343
230808
229237
230427
229234
232512
232241
224128
220761
222446
223581
220710
210135
230894
231959
222146
227905
220949
222366
231913
2319971
232259
229433
229431
229351
223008
231687
227580
220831
224352
232982
232229
229844
2320702
227537
222352
223935
233307
229552
228661
228706
220963
230699
229826
222634
232850
229650
228613
228804
222844
223513
231349
233142
210090
232676
223148
223602
220625
229287
224324
223887
220019
210330
227769
230526
229377
223234
233088
229820
223974
232139
231560
230498
223805
230839
232721
232567
223319
228129
210488
230429
230586
227744
229849
228769
224308
220956
220766
230353bb
232517
233226
228747
220665
231477
223555
223348
222436
210229
222789
223921
222662
227788
228750
220651
233099
229894
229057
229694
223877
210186
222978
222962
221948
220237
223181
222852
233101
224152
230276
230683
229697
222501
220801
232995
229276
222780
231820
210136
220836
2320322
230086
231768
223874
220118
223508
228903
2320781
222589
220313
223993
231076
232406
223569
223179
222965
220054
230514
222556
227663
229866
223978
230140
223920
222798
229637
210256
210115
223368
2319721
228632
229141
222757
232591
210489
231789
229682
229634
2320211
223880
231299
229905
233313
231280
230137
231715
231759
228950
230115
230354ab
2320832
227285
222514
230359bb
233347
232235
232260
210343
223230
229952
222999
231244
230083
222655
210406
232795
228234
222805
2322681
232186
223577
227822
2320851
232445
230709
223241
228834
222132
228013
231428
223239
232377
231398
227397
229512
232940
222972
223369
210419
232924
223397
228896
232744
220685
228692
230901
233349
223624
210272
220145
222558
229039
220601
229371
223479
232257
233314
229790
210088
233150
229651
223398
231292
222562
228584
210097
210321
220161
222549
220853
220014
230929
230380aa
232485
231380
223722
220682
220768
230536
227856
223750
223088
230915
221936
233158
229380
223816
228589
227601
231672
230961
231378
221934
232066
231938
228709
231190
223727
210144
210429
229524
232311
223207
230558
224332
231279
232065
220722
228248
231925
222928
222536
210319
233335
229252
232336
220120
223242
230781
223206
231491
232730
222892
231810
228605
220177
227280
231814
232442
223419
227654
229855
231487
223550
233253
224318
220268
220969
231271
232608
222745
220211
220003
232783
224132
222767
232656
231821
227881
229558
222244
222772
221955
230027
231051
233199
222342
222173
232531
231372
228483
220980
229954
232116
229665
224018
220183
228716
232616
233031
210496
223890
233153
227836
231015
233096
210381
222062
230902
231070
230731
233299
228000
232857
232115
222066
223730
229732
230879
233080
229579
223663
230208
229878
230946
220653
232369
220715
227489
232897
232177
210254
230864
228695
229918
231424
230696
232563
231251
222642
232110
224325
227786
231210
227597
231333
222474
220154
220147
224030
230389a
229362
230428
222856
233261
223696
229365
224209
231252
220647
224212
232083
220844
230374aaa
210322
220686
229467
222915
232251
232518
2320652
232690
222990
220874
228789
228162
2320621
222878
210084
232310
210490
220573
230370a
220557
228227
230631
210491
210377
220576
232545
230506
223407
227425
222663
222958
220156
221937
222808
230030
232187
222656
232472
228773
222445
223315
233251
2319811
222425
2320902
229261
223469
232661
231327
230363aa
231607
210075
210243
230777
210104
230475
229636
222069
223847
229769
227395
228752
222657
227705
220746
233378
232610
222394
222483
222448
231111
232434
223739
227295
2320571
222141
220163
229991
230944
230796
224095
227815
223374
223834
232530
232562
227711
220912
230797
222121
233108
210285
220905
223635
220690
231524
227410
223652
231843
232568
231694
223927
223473
222575
230146
210087
229527
233011
224220
230767
232252
231889
230328
230934
222117
231520
228717
229988
222045
229366
229016
231068
230230
233092
224110
230975
232623
223595
220129
231914
230563
231118
230730
228297
221994
231823
233050
233192
228603
231738
221964
230382b
222541
220736
222178
231296
232112
210350
232221
233224
224084
228737
230511
232747
224435
224340
223298
223690
223744
230355a
223213
210052
220921
231401
230064
229824
2319952
227572
227554
232929
227871
2320122
228451
232741
231588
228345
220249
210266
222464
229169
222028
220773
231691
229562
222333
231158
231880
220975
232698
230754
223325
231917
223894
223027
232865
231470
231725
229294
210442
229779
224221
222535
222839
232123
231416
230275
230991
230382a
223776
233003
2320672
223191
222756
227367
223541
224353
232805
232649
220260
230251
233276
230433
232611
230628
230625
224044
223011
223918
224021
232653
2320492
230483
210340
224153
223280
220141
220933
230356ba
228344
229497
229516
229211
227784
233138
231507
230371b
227603
223355
228414
224215
228827
224300
230103
229648
222701
228788
232491
231837
210170
229825
210277
230082
231446
210409
229390
224224
227483
231552
232972
223237
229803
232098
220025
228210
222668
230024
223456
232358
230758
220280
232198
231611
230218
228009
223099
222694
224026
230090
223482
223849
228617
230633
222741
223060
210291
223134
2320472
223700
232368
210451
229766
228164
230799
230653
233277
223096
223174
230056
222974
220567
231425
229523
224252
230451
231075
210067
232172
221960
227954
223102
221991
223474
231426
223229
220258
230642
231057
230355bb
229995
229885
232893
220987
222156
223497
231256
220080
233141
223204
2320542
210013
229699
230256
223632
229308
231799
222785
233274
232355
210309
222431
232135
223597
228524
222406
228775
229762
230579
233010
231062
223403
230510
232166
227813
229711
230444
222754
231237
230713
223796
232227
230576
210411
232321
231137
228593
224071
233245
228064
223924
220220
233118
223615
210366
227832
210320
232100
227450
223562
210114
230652
222328
232598
224262
227862
222534
231293
228086
223616
220104
229222
227322
232733
227811
230665
210028
232388
223912
230160
229061
230672
221975
222975
228628
231667
231642
223582
2320252
232305
231677
224383
231500
232263
227701
227778
229889
224408
223586
228994
228245
230490
223968
228406
231189
230358bb
231566
232749
228625
232898
220286
228638
229313
230049
220213
229382
232233
223468
230363b
230213
231173
230264
223424
229733
231833
223171
220851
210325
224294
228830
223607
222350
233240
222145
232322
222528
231338
210362
233055
223441
230163
220957
229800
210048
232145
224274
2319822
232885
231585
231032
231334
224241
223228
224375
210015
222034
231900
223852
222516
229397
223928
222315
227684
231704
227882
220150
228225
223926
232852
229784
228128
229066
223759
220767
222882
227722
220646
222774
221990
222693
233330
210101
220066
223754
229291
229723
223231
231518
232615
232216
229827
229374
223227
2320381
232687
210058
223619
228447
232601
222658
2320351
231229
228712
231284
210441
232367
222485
222970
228704
230542
223567
230518
210450
230100
221967
231310
220575
224429
229944
2319761
229406
220592
230871
232482
231912
229893
223196
229700
222784
228071
210056
232236
228871
231924
231442
224269
2319931
227454
220824
222530
229946
210173
223411
232712
222259
222643
229693
220779
220770
210095
228939
231113
222971
228553
222736
231368
224112
222371
2320922
224307
223309
232224
228005
229147
222708
230962
233137
220868
230236
230072
223855
232708
231538
223553
224143
232991
228639
229703
230390a
2319801
2320731
220652
233072
220797
228697
222843
220584
223217
222288
220981
229690
231422
222674
232965
232341
2320271
228405
223223
233195
227994
223563
227419
222763
210394
228180
229049
222023
222732
232564
223709
210286
223873
222404
227298
220954
230528
230017
228452
229708
231131
227774
232879
223621
230240
223640
222697
223900
231716
229717
210222
222500
232715
231219
230008
222229
231086
230315
210455
220092
222838
230666
232126
222699
220579
223064
2319731
230450
230391b
227594
231909
220984
230360bba
228794
223293
232673
229521
231106
229964
230621
231309
228301
230557
230916
230874
232331
223142
232585
232141
231796
228311
229480
231216
231043
220982
231022
223957
227648
210265
222492
230232
2320331
232614
220117
230312
223976
224228
223413
230308
221001
222982
229437
229181
220314
220594
224231
223208
227402
227798
229117
228534
210261
222698
233136
227278
228546
224360
228579
230465
220704
210021
223273
232497
231931
223301
224002
222174
231530
224001
222911
222939
230919
222628
230791
227695
220782
210249
223485
229544
220190
2320881
232557
230377bb
230983
220838
222645
224326
230999
223049
220265
229614
228596
223814
2320291
222903
220968
223953
220611
232875
231078
220781
227573
229197
232746
228801
220783
232124
230057
220578
223318
230233
220993
222704
232862
227792
220679
220677
229155
230954
230271
232342
224150
233376
233272
229882
232514
210002
227937
227361
230762
222287
228732
230316
221003
223839
220217
228407
231433
223804
222461
230662
228378
223746
223516
223421
223373
222824
220065
231804
210076
231503
231663
229424
223159
233236
232405
222818
231621
222987
231668
220603
232515
2320132
222759
233293
223828
232729
232763
223270
223035
230367aab
222533
231777
222669
231675
231481
2319702
230574
210130
223359
232574
233228
231845
210364
228170
227912
233041
227860
231832
232977
229083
231862
220049
220619
223063
222687
227800
222430
228455
232686
227658
228672
231848
223162
230952
228818
222195
230204
223530
227303
229343
230771
232912
233375
223254
228413
222442
227591
224255
231089
227763
223189
228878
222293
232625
222926
231709
220952
220100
231652
210279
223681
2319751
210103
210271
220073
233370
229081
223760
229845
231311
231707
223311
228710
232318
231475
229148
230489
223071
233091
220574
231771
229032
227908
224173
230508
224045
210167
210155
220638
231891
231396
230340
222043
220027
228936
224031
231336
223797
230320
230927
227260
231826
210348
210390
229584
230155
231839
232542
232925
229186
231708
232361
229945
229941
223903
2319841
222233
227330
231765
222729
232119
223801
2319671
229184
220820
220185
230084
222270
210420
228440
232772
232786
231856
228018
223094
232440
232837
230197
231360
230274
233340
228094
223240
224093
227631
222338
222272
223068
231261
2320522
229934
220751
232896
228472
222397
231719
232490
224118
228087
228096
227683
224135
222989
227649
222405
228387
228057
230806
222063
223454
210484
230281
233024
232769
230031
231504
2320812
230782
220589
220081
227897
210099
230761
228123
227874
224205
220023
233338
223667
228662
224437
220996
222295
223467
231418
232278
231529
210391
232117
223881
227567
232273
229948
230686
231265
230389b
228355
229798
232304
231543
220315
210275
229867
223343
231575
228870
210238
228116
233354
229545
229536
210459
227890
231600
210178
2320441
230265
230764
210313
228867
227787
227661
231085
231553
227646
223394
222522
231756
231399
222578
231268
230180
232711
222301
2320081
222079
210060
232964
220648
210235
223030
228543
222040
223729
229794
230439
231473
220011
229030
231493
233133
223999
222719
228655
229292
230005
232271
230283
229532
223535
222171
228654
228828
232431
222265
222444
229752
224179
227729
220635
223879
223045
210116
222521
220580
227803
223743
220318
222016
231305
228586
224283
233004
227756
220101
229583
223062
231315
230884
233056
230310
228232
231014
233104
229419
230697
223594
222036
223259
232393
223243
232695
231404
233009
224211
232349
229223
227640
230066
220806
230021
227370
220786
210331
229368
220123
223258
232633
228897
210187
220571
231574
233155
220775
220930
221935
228887
229429
231384
229242
231115
232590
2320051
210385
232725
232371
223862
224230
230301
223570
220659
230443
230863
230355ba
232532
220058
220307
223992
224174
222434
231940
229968
228805
230333
224061
232904
227381
223059
231441
222685
220002
228869
228494
210462
220137
229925
223655
229621
220033
222450
223605
223552
220068
222546
228937
229655
232812
230059
224374
222279
229370
228962
228687
222284
229607
228890
231192
231352
230887
2320452
229841
232347
231052
223401
232841
223107
231834
233146
224338
233250
233312
231781
220871
228681
227434
232475
221989
230698
229478
222353
220624
227347
228735
223438
230521
230575
232142
228843
210138
231123
223214
230541
232439
222523
220272
228168
228591
227274
220928
222527
230760
210276
210397
229254
220945
228684
223755
233321
228842
227669
231544
220855
2319681
222251
224076
220311
228910
220785
224136
223631
220585
230592
220208
231554
222482
220175
230612
230716
210061
220283
230896
233254
220727
228282
223326
227590
232218
220869
222747
223367
210100
233042
222960
222867
220862
231514
220062
222360
229750
232320
220856
2320261
230848
220271
230386aa
220758
228920
223821
232127
229996
232644
224280
231782
231366
230746
220291
220179
233087
223336
223221
222576
229092
222820
231021
223151
210142
233273
223184
2320462
230302
232908
228425
223145
220072
233117
227816
230387a
227431
222355
228935
223734
220205
222675
223276
227719
220552
224359
2320412
231040
232871
231793
233171
233071
233163
230123
2320071
230703
222392
227495
231033
227265
223295
220045
230756
230637
230473
232784
220107
222588
220547
223674
222068
231488
230370bb
221988
229688
230167
230332
229813
228011
232681
232317
210164
223620
223713
223524
220610
230434
224382
230080
229427
232265
232247
228423
229347
230071
220098
223830
227389
232961
228980
231361
228764
227585
220795
230775
230966
231515
231853
222795
210089
222910
232354
232988
223675
230886
229919
230201
230369a
223860
222246
227698
232600
232219
230437
231240
232158
223366
228807
210160
228814
232275
233239
220948
2320622
220680
2320262
228629
231116
233129
222641
230941
220297
230102
223025
229898
230753
229432
210191
222984
229275
229751
220186
210282
224423
230323
224094
232759
229317
230834
230317
230867
2319871
229187
229735
223431
231430
230284
231127
231800
228264
222465
222816
223046
231528
229937
223371
232537
231030
232450
228748
222277
223405
229369
227735
2320782
230882
228084
223547
220998
222851
227952
227586
220132
224290
222993
220281
228868
220214
231594
222688
223947
222383
224410
233306
230375
230139
230985
232149
231577
224204
229970
224372
2319981
224073
222319
228802
224342
210492
232541
220780
230474
224272
224159
227956
232102
232380
231374
232456
231735
233372
232524
222713
221998
224434
231414
232586
229045
231041
220671
230173
222821
227305
222957
221946
233110
222460
228257
227844
228188
228795
222648
230364b
233120
232202
229400
220160
222095
210017
228955
220194
230979
232181
228161
222734
232197
233308
222100
229398
228729
222673
227675
232985
222331
230386b
222136
220826
210161
220858
231103
222997
223370
232819
210108
230018
228946
224339
232467
228816
229416
231183
232351
228945
233025
228572
223219
228421
220819
222096
228459
227694
231148
230717
223885
222429
230383b
231031
2320292
223706
222630
227613
227671
223678
222127
233174
224363
222438
232671
220148
228231
230624
231593
232718
222771
222568
223445
231673
222625
222495
227681
222709
220105
233225
210201
210342
224096
228620
224060
229358
230684
227398
220926
231337
232509
223317
222936
223225
229221
228893
230765
222090
220884
227415
229856
222855
210018
223033
230478
231272
231562
222273
228046
222538
228831
231135
229921
227612
232345
228001
228569
222991
224121
232606
223768
231364
227399
233173
230988
229176
228952
220900
227829
222723
232199
230854
232492
230051
231011
228022
231318
222766
223390
223808
231201
233107
232466
229346
222544
220934
230039
229116
2319951
224064
223536
229828
220192
230452
231132
231466
232422
223973
228450
227741
231643
233336
222827
220035
232392
229709
224405
222859
223934
223511
220103
230738
224181
227304
230107
220765
230373aa
230121
231937
228803
231438
228557
230010
230822
224003
233037
229879
228160
228189
227488
223291
224389
229949
222526
222194
210456
231162
210493
230846
230981
230568
210123
220097
224219
224302
230360ba
230763
232576
230068
231413
232125
228427
222900
222131
222314
231191
227392
227975
228347
228398
228499
233275
231231
231670
233364
233374
224424
222155
222280
230330
229445
210192
223031
229226
232840
221940
222339
222799
229067
230200
224244
221953
233218
220938
231922
228166
222937
229314
224176
227288
231893
232793
223540
223113
232168
229247
227492
222563
232298
222362
223584
228059
220110
222676
228288
233238
232889
232280
222359
220146
227806
222163
210270
230386ab
210074
228343
232781
231728
230459
229530
230339
232654
229797
227715
232129
220310
2319821
222275
2321842
210383
223981
224091
210288
222006
224062
210389
220693
227472
223121
223156
2319922
222797
229042
231875
222726
220634
231920
220166
231001
220125
224090
229783
222205
222285
228182
210317
220223
233143
231501
230795
231490
2320742
233022
2320061
220041
223043
230967
210094
228800
230307
231868
223962
230638
224193
224041
231405
230432
228836
222325
230239
227571
227779
220174
229617
224416
223766
228679
222571
223395
220102
229696
228739
228838
232933
232421
228215
223514
231112
231209
227315
222664
229914
229761
228783
232905
228432
227745
232938
233231
223575
232329
230851
233227
233219
228070
228844
221005
230923
228441
229056
2320082
227818
230685
210124
232860
223502
231764
231452
228806
228155
222349
231267
232432
232473
229832
231213
229245
220655
227740
228319
231770
230101
223673
233064
223899
224077
229963
229493
231697
232955
233178
210248
223990
232573
220992
232973
2319851
210303
231854
229170
223256
229053
210347
222073
223444
227866
230833
232152
231696
220153
227471
230469
232385
230070
227318
231711
222758
210296
232823
224078
232555
223501
223005
222076
227953
222422
223842
229537
230816
229971
2320762
228846
228349
232666
2320772
220028
229192
222695
2319912
222449
232957
228141
230872
210402
220909
227474
228177
229977
222619
223780
230079
228120
224436
222072
233188
227723
223658
231166
224403
210328
223836
232867
223909
232723
220617
222254
222198
223493
223104
222416
229372
231631
229233
227286
210253
228598
232356
230620
210368
224107
210064
220688
222793
231218
220738
2320392
224043
231950
220140
231415
220799
223819
230881
231110
228480
220726
223391
220695
227451
210204
222011
221969
220159
220979
232118
230543
228602
229647
233210
231595
231013
210156
220974
222274
220802
232664
231714
232516
231659
220821
223691
228126
220130
221954
231400
231045
2319872
228255
220955
229807
221995
229540
228017
231212
222953
227384
230373b
231784
223781
224430
231016
2319692
233343
231443
230832
222580
220891
230815
220632
228885
229989
223069
223687
230843
222807
230366ba
231630
223112
231613
221004
231002
227766
228103
228458
222650
231830
232578
230479
229759
230288
224167
2320021
230385b
223775
222204
232707
220906
230877
231165
230499
229574
228635
222748
231484
232314
229378
210119
227851
220042
230984
224282
222711
224411
228419
220825
228208
223800
228674
210370
224395
220734
228898
232301
220083
210436
229864
228236
223263
231637
224130
231420
223141
231706
231604
232663
210225
2320882
228218
222033
223818
222540
210200
233164
229112
231808
224286
231602
223886
227262
230034
223126
228592
220039
224033
210280
230440
229633
228381
229822
220966
228886
229912
222224
210444
232923
231555
229983
229734
230168
227575
223915
220959
233074
233067
224217
210226
224010
228035
232549
231300
210196
228718
220155
230357aa
222678
210379
220908
231788
222954
232624
232864
231468
230657
231905
224394
220848
230454
220171
227604
220282
232669
210069
231858
222924
222211
210085
223266
230106
223771
221941
231612
222884
232346
229146
227579
220016
230463
224270
210299
220298
230154
228370
223133
232261
228052
222835
230785
222857
220180
222014
223982
228010
232376
227629
232677
222908
229418
231202
221958
223406
231926
232183
220229
232391
228151
222409
224235
232140
227886
222098
220721
232303
229248
233221
223125
210481
230817
233179
223307
228197
232133
228158
232488
220059
230091
222891
232511
220657
231865
222370
232936
228796
227843
223832
231558
223410
231160
224046
227574
229058
231724
220872
223626
2320112
231693
231480
231403
232429
210274
228114
223937
222620
222679
222000
230368ba
229507
228028
222651
222260
223507
231523
222555
232468
210337
231362
229615
210009
230904
2319712
223917
223714
224116
223282
210147
230054
229546
223950
228574
230169
231638
229470
224156
228728
231651
224351
230693
228099
223178
232921
223079
228506
224011
223342
227884
228683
221999
232967
231464
231499
228554
224028
222222
232167
222631
210190
222237
223073
233094
229392
222019
230196
222696
227266
220322
224398
224261
223622
232627
222949
222909
228477
231458
224412
224427
231241
223058
223526
220793
223110
229876
232478
232071
229622
223790
228682
223736
228865
220022
227750
231474
224074
228670
224288
229251
224407
210339
231547
222185
220788
230122
229608
231884
224400
210354
227781
230359ba
231525
230087
231955
222046
229718
230215
230876
220931
228817
230243
222706
230249
232583
229910
230480
222239
230369b
231533
228221
231753
222543
223135
229548
232547
230290
224357
230837
223082
224008
223232
231035
220195
220880
228504
230128
229508
220962
220184
229068
231397
232239
229662
223641
222021
220918
223572
229951
230943
222232
228725
233363
229281
229402
222375
223878
222569
220890
231221
230909
223257
222671
229177
232539
231901
232971
229487
228350
227607
223382
228333
210214
229149
233230
223588
231742
210399
230502
223346
230492
232164
230346
223648
222373
230987
232274
232269
233059
220021
230942
232147
232255
2320921
231870
228746
223124
230959
228711
227863
227371
222228
222761
210016
231736
228754
222489
229862
227355
230406
231649
227969
220892
223108
222297
220978
228121
222570
227269
221939
220989
223983
223277
220771
229256
232426
210300
223381
223268
2319682
222967
228960
2320251
231044
222870
229865
231639
220319
230610
230723
224066
220867
230671
222253
231773
229620
220733
227960
223278
228396
222652
220650
220857
223522
230449
222182
233252
223829
224328
227259
223770
231198
2320691
220814
220895
223072
222769
227889
223494
230289
227641
224406
220055
224354
223798
230352a
210199
230097
232503
229525
222196
222130
223923
227287
233334
221985
228357
222806
220187
231178
230674
222517
228435
224079
233271
231805
228810
229901
222201
231324
229207
230009
210497
232758
231175
230306
228178
233325
222731
233065
2320062
230367b
231817
227904
232191
231766
222815
220839
228431
222886
2319962
231921
228532
231269
229180
224355
2320752
227253
230485
220967
2320932
232851
231573
231685
230441
210171
227271
223956
222186
231944
229457
222943
231389
227923
231141
229373
228793
230670
230520
223583
229571
222281
230880
228587
230032
230861
228067
232984
228482
231314
220136
223161
230345
220077
232731
223267
2319862
231323
222702
230787
223360
229883
223070
222321
220316
228107
220093
210153
231669
223677
230468
230682
222443
232675
228694
232242
230028
220015
231510
231751
230722
2320161
223481
210174
2320502
231419
227478
222153
220769
232767
222329
229272
230462
222800
232594
223967
223180
227931
220630
229791
222813
231354
210148
222332
231260
224236
224029
229444
223190
223442
220554
222721
232494
230615
229869
228109
232827
230356a
224361
224371
232640
228525
232963
220043
210057
230164
227570
224319
222992
232339
223384
210346
210244
222667
230110
223579
232855
220079
222018
223521
229656
227411
223083
232372
231516
222245
223966
227710
232604
228780
222318
224442
227356
228399
223488
229263
230004
232878
231496
220960
232877
231373
222312
228442
220829
220036
222649
222175
230248
233386
233315
224329
231559
223328
230038
232863
228873
230960
224242
232373
222170
223520
232201
231502
223305
231074
231666
229891
224005
227470
222872
232457
222581
232228
231828
231803
231077
231079
223699
223732
224102
233384b
230313
232520
220656
229204
231835
229603
223195
231755
222381
210465
223026
210083
233244
222071
210182
229350
220007
231471
228646
220866
224293
231681
228213
222670
228779
228124
233093
228493
231953
232659
222681
223908
210215
231486
229835
224124
229785
232435
231376
224168
227595
220248
229749
210020
222384
2319941
233032
230900
2320321
222419
224260
230955
230565
222085
228131
232983
229641
223218
231540
223471
227817
229933
220553
221947
222858
220684
223500
229812
230050
232122
228972
228856
230297
232394
222382
232307
233190
229320
220116
220696
233119
222257
228891
223335
223449
222378
231168
222305
228310
223111
230567
220090
210041
229334
233377
232629
220864
223872
231388
210494
231161
233083
231942
224006
224037
224346
229979
230737
232223
232395
222659
222091
228047
231623
230655
220983
228408
228612
228295
232742
227382
231647
2319832
232937
227632
222691
222502
223157
227577
231744
220236
223294
2319881
210198
232498
227895
229036
223636
229572
232215
229895
229847
231739
224387
231278
229969
222184
229888
210213
227568
220703
220288
232739
220046
220222
220718
222680
232389
231328
224404
232887
224222
220296
230344
210446
232315
222118
228614
228782
230566
228468
223040
230383ab
229415
223698
2322492
232782
210003
224397
210306
223089
210398
229428
231063
220731
233303
231902
233145
227314
2320342
228073
230229
227693
231505
220717
227894
230245
227442
223995
232872
231058
227436
223274
210413
222629
231537
229642
231567
232527
228744
232750
230800
233243
232270
227747
230372b
230708
231156
231946
227732
2319972
223668
220732
229754
232719
222898
231478
228919
227490
222885
232333
223545
220266
229833
222969
222354
210437
230287
210195
227653
233149
230132
231710
222143
220262
228922
232293
229280
229817
229338
223560
224019
232340
230074
229604
230590
232130
223988
230953
223197
2320411
220735
222108
223987
227861
224409
231919
227621
220927
224120
210324
233090
228607
230360bbba
228318
227743
223356
223077
227255
223752
210132
230924
220099
224417
231009
224432
222692
232455
222948
228604
231042
230648
233262
233361
227831
228660
228175
222866
210110
231479
232882
232975
227272
227257
232374
233051
224306
223076
222266
230675
228100
230023
223783
232246
230263
230748
227746
229890
222180
231890
231350
228337
233175
230124
223642
223053
232446
231511
230037
230361ab
210297
233057
231226
220106
231275
230295
228491
210134
231026
223193
229354
223443
223787
233371
230073
230818
228341
222863
227337
222914
231463
223671
233207
229538
210375
231341
223870
231767
223888
223129
221972
231750
223763
227820
222120
228821
220875
223803
222440
220743
228335
230141
231423
229672
230688
227834
233381
223186
221970
210118
233007
220047
231935
228733
227995
229458
223451
220709
230292
222548
233267
231322
230598
222931
223519
223149
228575
224419
230841
223056
210314
232761
2320181
224313
222255
229990
232846
220834
227630
224099
223884
223480
222088
232693
222825
232990
223377
210468
230584
222022
233368
224106
222002
210023
232379
232131
227936
223341
231757
230003
223948
228787
229577
231824
232137
210059
229327
233130
231646
210423
222057
230372a
220235
224075
224348
228165
228673
227618
223362
222169
233125
233017
228799
229780
224299
231301
227858
210208
232779
222212
224032
231060
223114
230113
222441
222217
210012
231929
224393
222995
223115
232900
231320
230390b
223825
231098
231454
220792
224331
231171
230426
222391
232688
230493
231239
230973
223244
230897
228169
230364aa
228761
228007
229122
228306
232483
220295
210044
229926
222921
231618
223715
231907
223183
222525
229958
210037
223322
232460
230769
223964
231722
223751
232099
222686
223109
233369
224285
222639
223741
232667
224070
224258
229582
230219
223721
224421
222796
222933
232717
227293
229468
223116
210408
231665
228125
223826
232313
233000
231027
230735
210467
210218
227827
228481
220131
2320222
228652
223940
220776
230925
230246
232901
231096
220823
230932
232922
223182
228907
230006
231797
231325
230578
230604
222890
228457
210318
224140
222579
232302
227795
224327
232243
222823
220937
230247
228647
232790
230614
230318
220051
231081
227854
233279
231903
231391
231760
220833
231039
230814
229917
210169
228894
210445
232589
231879
222484
230651
2320681
229861
222387
229966
2322381
231383
230026
220850
210223
210439
220999
230532
220299
230262
220064
230042
232230
2319771
222682
230365ab
220991
228749
227821
232726
2319742
220986
221978
233152
231740
231282
222792
230794
220707
222913
230768
2319942
232994
223455
210141
231819
210258
222755
232521
230002
231838
232829
232365
223512
220001
2320801
220741
230539
224145
229290
222829
232849
232553
210307
2320682
229747
227578
223591
221987
227761
220181
233124
228187
233248
224322
230326
228847
233052
230741
233305
224048
231941
233356
222531
230695
232159
232538
230147
223731
230193
2320512
231579
233140
224384
232642
227617
223812
228292
224101
210403
222833
220737
224392
222336
222959
224292
220914
2320641
232710
228666
230114
222938
230022
231330
210480
229385
222963
232106
222968
228475
230907
230019
222402
230171
223100
220893
231906
232213
227494
210452
222623
224362
230706
228281
222710
231923
227429
224108
223944
220308
228923
222496
224376
220660
232462
210242
228242
228837
231548
232927
223272
232443
220586
223132
2319992
227400
232256
230525
223653
231233
232807
230481
230448
223573
230855
232650
223515
220232
223457
232554
229430
222261
230387b
222728
233166
2320461
231624
232703
229846
222426
223297
233194
229224
228610
224133
222455
223224
224183
232496
231200
222029
227358
220134
210294
227297
228102
228581
232319
210093
223858
227692
230000
233016
233310
223719
229768
227455
222826
223122
231591
233023
228251
221974
220170
2319691
231038
224025
220832
230221
230560
210327
227325
228041
230562
220056
228397
220030
233045
222654
231676
230495
228595
223946
2319961
230374aab
222463
224336
230286
232647
231444
210388
224365
229194
230244
222739
232886
227810
232835
232452
233208
231583
232736
222985
222564
210500
229050
223330
223437
231340
210421
228054
229748
227896
231172
210031
230170
222208
220304
232652
223078
223269
232777
229591
220877
229375
231958
210004
228097
220889
233035
210358
227560
227562
230858
227967
233169
232212
228239
233134
223728
222065
232724
231816
228429
224368
222160
223853
224233
210479
228707
227873
222365
210216
2322111
230202
230798
229707
223840
227576
229566
232630
210471
230658
2320891
231727
231721
231431
230572
210457
228693
223222
230908
230296
231206
228949
220757
231795
233302
223757
228841
223409
222179
229456
222282
229943
229927
220845
231065
228338
223019
222519
223857
233069
231965
229818
223299
227329
222727
223347
229238
227819
224356
223998
223057
223363
231741
210082
210096
232249
233380
220915
231601
232868
231605
229560
224312
231674
229559
228723
228743
223822
222700
231763
231287
229950
229737
224092
220621
230826
223172
227642
230347
232384
231561
231344
231184
222831
229683
232743
232178
223061
232699
227292
230205
227505
220563
233086
222753
221973
224206
231248
222916
223415
224316
229195
220971
224087
222737
230130
227857
231745
210416
229414
231264
233151
228039
223023
220200
228135
231701
231846
222322
230619
222031
220013
229987
230547
230172
220031
231134
227622
227510
231772
220294
232419
227678
229593
232704
231849
231841
232540
231829
224042
228461
228265
223708
228982
220218
227880
228139
230585
231348
231598
229840
229409
227865
230354b
222653
230711
231761
232258
223226
233114
220197
224083
210435
228302
223902
233389
223979
228176
230996
224440
233063
210323
228663
231780
231733
230571
227413
229401
227473
2320732
220849
232934
233280
232839
227793
223737
2320821
220750
222618
222193
222150
229093
230206
231951
222421
232638
232613
231308
230191
231886
231599
232824
220162
229821
231095
230445
220078
222294
220901
228219
220719
229897
224277
228444
220846
229643
231617
221980
222167
210269
222672
224165
229906
228676
223036
223139
210210
222101
223387
233038
229922
229624
230144
231779
227727
230035
230918
228759
227624
231859
230587
227351
227828
231556
229356
231382
227916
229670
220221
230694
223275
210382
223119
210165
210113
220561
223284
220254
232558
220687
223929
231059
210367
231807
232969
224317
231791
231662
230701
232480
230552
2320892
210129
232363
222477
222505
230364ab
231104
233266
223028
223726
231636
229389
230830
231881
231943
231236
231326
230719
230223
222107
222508
2320662
2320141
232121
223647
229450
227958
224024
220818
210049
232993
222801
231107
224251
222454
228422
223039
228578
222983
231678
233047
224016
229216
230740
222950
228819
224279
2320432
231482
227605
230936
227796
222049
230842
223659
230937
223891
230098
230885
220189
232222
222061
228330
232289
229395
229975
222268
222074
232672
229324
230311
222283
223379
223958
232662
222762
232895
220629
230153
227459
220142
210036
230533
222559
222380
223087
222740
230067
220929
230505
224391
224151
229076
222047
230043
223527
228476
232107
231176
231317
231792
220238
222316
232918
224275
233105
227797
232096
231572
230888
220923
232735
232548
230225
210045
231550
223004
233128
222082
2320131
220613
230809
222157
222142
220711
227638
2319901
230214
229573
229410
230561
220631
223939
228254
227352
228597
228027
230016
231047
231904
224428
231794
223354
220588
223283
231406
223997
232523
230149
222904
222794
223646
223393
222012
223856
222007
230820
232101
229309
222437
220645
222181
228192
224034
2320671
227752
210336
210011
230664
231878
210072
223614
232464
222735
231898
222470
232163
233079
227250
228101
228237
220919
227850
228883
232267
229631
210228
228766
210259
224278
223580
231392
231417
224055
231749
210080
220658
231778
223499
233102
228090
232856
231897
227251
222893
230951
223127
232696
222415
223138
232771
229260
231427
223292
230472
223791
231072
223334
230714
223692
233205
223271
229887
223913
224401
233095
220040
228701
232074
229719
231892
210125
220897
224022
227615
220225
227435
222407
229743
222730
220614
231877
228156
232816
228207
229870
231250
210414
222566
227760
2320692
228771
224239
231020
2320852
230606
232930
223684
230304
220641
210055
231276
2320771
229640
231840
229520
220988
2320041
227847
230866
227870
232162
223054
230477
2319802
230076
228876
229025
229554
220950
229079
230353a
2321841
230903
222777
222134
230573
232160
210499
222263
210078
229483
220951
229387
222476
230447
224431
222386
228686
210392
227738
220545
223571
227296
220994
223867
230776
231939
230373ab
229279
227830
222401
220053
223558
228633
227307
210230
227513
220747
228763
223329
2320841
228331
223617
229909
228582
227487
233283
220151
210159
230194
233285
2320532
230789
228786
224254
231186
229612
231536
230460
2319891
229060
223656
223105
224333
223657
230348
224248
230376a
231864
222574
223505
224291
232226
228012
222128
230252
2319831
231286
229225
224180
230431
230371a
229235
223427
210464
224009
227846
220234
223548
222099
220970
220669
232461
232459
230186
220672
233122
227596
230273
220608
223446
232874
232636
220977
233014
220284
222768
228486
222080
222529
229816
223606
228019
220303
231108
233156
231083
222660
210194
231146
230654
227724
232764
232161
222348
222479
230226
230109
230964
223308
233028
232806
228880
210363
222427
229253
220245
231381
220756
231896
228508
223158
223756
229139
220320
228708
232316
220870
232689
230725
224304
231911
232609
230216
228901
230970
228418
224256
232179
220922
230250
230378ab
2320751
228767
227878
231948
227504
2320352
231690
229340
220115
229070
231259
229972
227387
231743
229299
220549
233213
222586
224321
222327
223345
224123
227359
230529
230729
224000
210176
228416
228776
228778
222633
222177
230859
230166
232980
229663
232926
222151
220287
220242
231825
222690
233327
231801
228020
232697
231752
220124
223304
232942
230422
232287
224203
2320102
222236
230136
223665
221982
229114
232471
232714
232561
231513
228324
222942
231527
222545
223784
223749
232330
224056
222135
231492
228274
230362ab
223253
228866
229965
220075
222026
233359
220558
223506
223627
229605
223235
222553
220182
220133
233390
210065
230668
223788
222116
222782
230158
227879
223705
223975
228760
223898
2320482
232935
223876
231437
233049
228235
231895
231207
227767
222860
228159
231774
227378
2320152
2320311
224266
223013
210231
223942
229088
229884
232820
232510
223252
232794
230773
223185
231119
221992
223666
223634
222832
210029
227606
230524
229328
222309
232094
227714
222561
222590
230804
230259
228434
230875
232294
230835
232206
222902
223358
220904
220091
232312
227824
222572
222503
220774
233148
229300
227765
222537
228298
223510
220158
229422
232694
220290
210475
223977
227868
222225
222486
230365b
233006
229805
220274
220940
210478
230362aa
231857
232292
229668
229599
223265
223351
228965
223649
231370
231918
223402
228601
223281
221944
231205
232203
230500
223704
229764
228659
223136
228471
227805
233115
229062
227664
231351
231629
227374
230269
220803
231102
229789
224170
224207
229236
229352
232745
228658
231457
210469
230231
232535
231395
228268
231277
220119
232780
231459
229085
227978
224253
210151
230095
231342
210112
220253
2320031
223848
229597
231731
222883
230381a
230094
220018
221957
229915
210209
223644
223286
233111
223349
221943
220972
232651
229904
224129
231882
232722
222565
223723
230491
231565
223778
210236
230580
228157
233355
231000
224198
228900
2320861
220748
2320022
220753
232822
228392
233132
227928
222326
222344
223372
2320792
222113
232821
228206
228757
210260
220069
210298
232706
222081
223037
210380
229499
230142
230092
224439
230425
227569
230950
232775
230270
227737
230466
210188
220277
222027
222511
222311
224298
223248
233044
230063
229491
224038
224141
2319782
230357ab
210312
230700
232272
2320182
222399
227659
220109
228294
230926
222817
232350
231961
228555
222417
224014
223495
232444
222557
233288
227736
220618
222770
224370
224185
222032
231220
231050
220784
228705
222725
232670
223972
230190
220004
220008
220609
230772
227703
233256
223789
228777
232880
231522
232884
210106
2320611
220706
227852
232866
222778
220565
224265
223210
227759
223462
231092
231658
223799
2320282
2320822
222742
220755
220604
227637
223041
230258
229721
230770
222947
223945
223643
222714
228104
223587
229069
220894
230733
223220
229464
210351
230692
231506
210410
232668
227553
229249
230930
228191
223717
210482
232155
222897
229041
228938
2320511
232182
223302
220815
230257
231088
229596
210487
232713
228238
232776
224015
230673
227261
222044
227685
220664
232945
230840
230487
227593
232120
227680
228823
229741
210357
222976
232132
220309
233131
220623
210128
230242
230852
2320722
220074
232148
230922
231947
230268
221959
222221
231542
232362
228792
223724
231345
223452
231204
230538
229084
230827
233212
229108
210387
231303
221984
227739
228267
227982
229218
233362
230656
222850
227700
220790
231019
210107
227927
223955
227311
232796
232947
232617
223440
229698
233357
228153
210234
210205
210007
222363
210483
229379
222051
222896
230727
229121
232364
222147
220593
222661
228368
228456
224399
230978
223517
220566
210396
232838
224007
227785
224004
2320231
230294
232493
232815
220841
224089
228649
230280
222385
220169
227757
220164
228366
233165
220082
230111
230025
210268
224281
223450
210386
2320931
228326
222881
222216
230739
228909
223044
232180
231387
232150
223091
222453
231966
222776
223869
231455
230630
220321
224050
229853
223313
222478
230523
230374b
220961
228698
230322
222640
223010
229179
230162
228813
231932
222187
223247
223748
220597
232060
210273
227911
227319
230131
227988
222172
223949
230786
220063
229716
224164
231100
223585
229565
229774
210353
227799
228964
232477
2320471
230616
230055
220301
228253
223066
223264
223592
229994
224366
220060
231066
224052
228004
228840
222252
230081
222056
222223
220057
230755
222213
230352bb
231005
228619
231873
230060
232194
220084
224223
222925
231055
2320911
222388
223303
232907
233154
230203
224172
2320172
227548
222243
233176
230385a
210360
224214
210474
224188
228077
229986
228699
223893
232881
220067
222390
228667
2320111
232556
222432
227626
220965
231686
223565
229175
231393
230724
230367ab
220811
227914
232813
232192
232962
228953
229310
230527
210240
230993
227559
232571
231071
2320612
222786
222733
231298
229753
227706
229331
220995
228204
224378
229345
230388b
231758
223932
230376ba
223165
220699
231222
223650
222836
228606
224247
224358
231329
228449
229384
231954
2320631
227557
230549
228403
229695
230356bb
229729
222238
220807
230015
220941
220300
222335
2320281
231476
233365
222115
232832
233112
223838
223483
232643
231034
223007
232756
231645
227444
231294
228464
210395
224413
224232
210473
229992
224191
231866
220749
231097
232946
231394
230623
229638
232657
230691
228688
2320121
222504
232678
2320001
220095
228443
227772
229575
232932
228446
220705
228825
224098
230199
231238
223491
220165
223006
230494
228275
2320912
230341
220622
233373
210126
220111
210241
230681
231228
210224
230805
228296
229892
223989
230661
230554
222481
220754
232748
222803
229357
227582
210267
223608
227666
230383aa
233246
210024
233193
223538
231136
223009
230844
232386
220917
227643
231534
210233
222105
232113
230548
233062
230152
210335
229740
229277
228559
227312
229159
228926
227404
223332
2319722
210245
222905
227581
230810
231569
229344
223211
230751
222791
223477
232928
220791
222945
230650
229935
223152
232279
231787
232909
224433
223994
229961
229570
229671
224103
223453
221971
232357
222400
233292
222471
223905
229726
227968
222869
228327
230913
220667
231679
228171
231568
233383
228911
223085
223024
222842
222868
222934
223773
224195
231369
229396
222304
210344
233367
210355
230357b
224226
220196
232528
224341
232757
230321
231625
228719
229262
223549
220206
210345
224082
220143
220193
232626
232916
223245
222749
223936
210292
222966
232470
230058
231790
231606
220876
231887
230649
222828
222435
220061
231851
229664
230705
222986
231390
230744
227910
222717
222025
229776
229503
231379
2319892
229973
230117
221965
222317
223792
222621
230898
231655
228043
2320501
223531
228174
223733
210301
2320561
222041
220114
223703
223188
231702
233358
220005
222093
227869
222783
229407
222743
232986
232324
232469
223738
228286
231489
222560
2320382
222357
224296
228146
228914
232458
228244
2320871
231313
210454
220760
223075
220285
231535
232641
227276
228214
229714
233235
229038
222773
231748
232792
232830
220550
223685
227655
231589
223931
228032
233029
222123
229715
231872
222841
232873
229075
230047
230690
231255
210287
220752
220006
223306
223020
223155
222981
232448
229360
2320101
220230
227726
220269
230253
230972
223537
230556
224208
224213
233061
224379
224373
229685
232281
210422
232196
232499
232584
210032
228045
230217
221956
222200
223048
223542
222183
222420
210158
227308
231224
230029
231732
231640
229323
223859
223817
223604
231225
223914
230120
231462
210470
230783
228797
223985
224134
231802
233073
220724
230659
232979
231321
228665
222724
228462
227600
227645
223901
224418
231346
223146
210066
220729
210219
227935
228044
220798
229563
223022
222944
231571
223194
231949
227762
222296
228463
232560
228833
230836
230179
220777
229282
223907
232481
229659
220581
228542
233214
2320012
228415
227768
229479
232551
222491
223861
223490
222341
230504
220212
222039
2320402
230645
233198
210008
220152
229580
227720
232727
220168
231717
230720
224330
231783
223820
227753
231093
223895
224396
232579
220546
224109
210371
230380b
228713
232366
222490
210428
223680
229485
228033
228270
230336
220577
228902
224268
233184
230750
220210
231434
227635
227775
221945
220244
231874
222414
231509
223169
228590
230184
233189
231847
210251
222376
230517
227979
222423
233255
222804
228283
223192
2320541
223261
222473
232299
229739
2320361
223002
220697
233018
232428
233002
228730
223868
223081
230126
230912
232843
231358
222190
231274
223774
220564
223875
227386
232234
232072
222166
220226
222452
231664
232752
231945
222848
223758
222622
220863
221979
223143
210038
231367
223466
222551
2319921
230224
227290
230378b
230931
228147
210152
228308
223610
231610
224104
222845
233286
223568
230801
220032
231614
223378
221951
210349
221976
210326
222459
231861
229598
228029
223503
231347
233320
227511
228724
229442
227764
227475
230175
223209
232244
223463
223561
2320551
227903
231359
230647
233323
223055
229296
2319902
222313
223177
222024
222234
222577
2322382
228117
222119
227619
210281
222922
227974
223906
227688
230368a
232826
229863
222880
232390
222129
223212
230178
228877
2320552
231283
229099
223478
231842
230261
232858
220694
220251
228740
229801
227336
222552
229089
229026
229843
230442
227341
229611
223813
227481
231048
232109
229645
230093
2320202
224337
223984
224081
210495
222214
220017
223866
227940
210247
231411
229606
222372
233036
229336
232217
227441
223095
223742
222520
230367aaa
223251
222510
220763
232546
228085
210168
222632
233337
223772
232543
229654
224117
232165
220607
232348
230639
230174
228653
228098
231620
223638
223590
210401
230458
232465
222854
231247
222705
232253
210179
223392
228599
229273
228433
232487
232605
228600
2320791
220302
228152
222369
223021
210081
224115
229533
220990
232136
232190
210400
231512
232833
228110
222665
233013
232844
232262
220127
223523
222846
227689
220708
230617
231734
222109
220985
223425
230990
228929
230920
228736
222512
229657
222112
224249
231956
233247
2320162
230971
223930
233345
230707
229981
228881
222138
229666
232966
222258
233121
224149
230599
228145
229144
224053
222064
224111
231144
224196
223556
228812
223697
220852
222750
232639
227662
223344
229425
222398
232193
228872
227921
230486
232646
233085
222424
229183
233191
228473
233127
231257
227463
2322112
231689
223117
231962
231581
230361b
221949
232619
230045
233346
210359
224441
232486
231133
233068
220888
228250
230438
220924
230298
224127
224344
231246
227306
230127
220953
210237
232989
231217
230634
228650
228202
223412
232507
222083
227922
223436
222920
230379ab
229434
210365
230889
228325
230812
232755
227699
227900
220172
229757
230663
231018
229908
231695
223916
2320332
232513
232648
231170
230293
232817
227611
210404
220020
224100
230869
220113
222874
231899
228055
230423
228824
228770
232809
233220
222956
223963
230381b
223426
230790
232620
230467
223430
229984
231449
222493
220616
232774
220902
227665
222918
220827
220289
222994
229051
210162
223711
223897
223576
230873
227754
223486
232931
230914
231285
222849
220947
228623
224059
230963
220276
228547
224197
231769
231306
223504
232892
220037
224068
228742
222413
228328
227291
222952
233181
223938
231633
224301
229731
222197
229349
223014
220636
230825
233223
224013
230995
228548
222188
230607
228815
222015
232204
223823
224054
233215
233382
232854
222707
231627
223464
231626
233318
220723
2320521
221942
227499
222812
230150
232550
229669
221981
210183
229618
230689
2320451
223660
231526
231754
229913
231332
229939
233317
230715
231291
231412
220830
230129
228172
227394
227282
228014
232300
232277
231163
232427
227962
229150
223016
227814
227690
223170
230512
230980
223324
232284
231319
222760
232381
231718
229391
2320802
224237
232370
233232
227842
223518
232716
231632
230436
231164
231067
223815
223925
228768
210431
230850
210449
232705
231729
222089
220881
223074
222125
230267
229136
224139
233385
210252
223806
223639
227812
232906
224020
231448
231483
229318
231699
231885
222364
230222
224343
231353
230588
231046
232382
230329
230803
229539
223795
222412
227915
229745
220668
222035
230595
231149
210221
233113
230515
232974
222124
222334
229610
230997
232544
233281
221938
231211
222020
224146
227652
223176
222439
230361aa
231439
2319991
222433
222343
230085
227948
230679
227686
220582
231421
232720
220883
223889
233387
229601
233001
232240
210304
222330
233263
223686
232143
224243
229763
210207
232157
233322
224225
