250272
221013
250185
270423
360552
210197
310319
260262
300574
220708
350349
220584
320456
210021
240428
300531
210418
280149
360830
361228
290190
361390
240443
310170
210468
361986
220886
300115
240086
230243
230111
300303
300123
320824
350166
320565
221348
361919
270107
360409
320778
320966
330018
144980abb2
221214
210167
270069
310187
360752
310056
250205
320092
330079
270054
310160
330106
144980abb1
350272
300110
330015
220652
360898
300251
221280
230373
320321
221414
360984
221362
320717
250188
320782
220437
350131
361675
270219
270009
360192
320817
250360
260163
360342
330611
300025
221124
240269
350061
290016
361330
270243
360288
221207
240324
300436
270249
360249
220448
220219
240337
350457
210407
220803
221119
230410
250398
360787
270257
361316
360845
360415
250231
360194
361508
290060
350399
221379
210482
270237
320053
361756
260240
380016
230294
270112
270072
330517
320997
330534
321014
320455
360452
320421
360942
221357
220856
310043
330631
320651
270397
260037
330121
270308
360132
350160
330474
144952ab
260034
270438
360470
330044
210138
320984
220425
290025
210216
310029
250386
350158
361458
320296
361465
360648
230338
250367
220967
230484
350461
230277
300096
330342
300348
270103
320001
240253
360717
220236
361489
144992ab
330043
350230
360270
360281
230436
250038
361034
240013
310195
320167
360047
250122
221109
330143
330075
360188
300501
210114
230278
300128
360482
230077
220825
210410
330094
230043
360036
321099
330408
290005
270446
230333
360089
320082
270215
350139
361517
221434
220881
360831
240319
230017
230113
360080
361926
361166
300582
350273
230490
310295
221241
230266
220743
360532
250171
221305
240237
240265
320833
220259
210181
360580
220016
230044
220775
260331
360468
360302
270065
221103
361439
320796
330718
330547
230452
210127
361225
220934
230354
300248
221391
360276
321083
220117
300392
300581
210311
320503
210288
320128
330580
330400
330431
361147
380012
260153
300179
260315
320740
220956
361185
220472
320070
320091
310194
220646
290069
210192
230442
230330
360379
320902
300424
320847
250245
361352
361098
330111
320245
361334
240036
240233
360543
240338
220913
220514
350291
221200
270276
350499
220629
270203
220200
361403
360769
210416
300243
350078
220072
144960ab
220911
270098
360855
220315
270502
350067
210326
250154
270349
270046
320597
320860
320518
320703
330152
260276
361095
220475
221204
270482
300399
230040
360430
240198
320327
230161
360075
360271
350400
310016
320333
220190
260091
270100
250301
330446
360932
360328
320126
220568
350132
250329
221360
310076
330221
210403
270169
320159
310151
270232
320360
270305
360413
361644
220498
270388
260030
250021
240298
260309
361816
300149
240404
300454
320441
300425
360577
240247
350041
361641
350275
220225
361293
221216
361600
360813
330555
360753
300078
240113
270197
240271
360501
310277
221198
360480
230141
270307
240119
260059
320941
320043
250029
290053
320616
300204
330051
360701
240411
250373
240435
240028
350002
210441
260249
320056
250319
220020
310015
221108
320691
361466
270402
221306
361659
260191
144931aa
210336
330733
360917
360461
360652
300520
300105
220166
250075
360339
361657
210135
350286
220254
360459
350026
361346
221275
240115
270391
260180
240135
240295
361678
220250
220050
350218
320818
210163
361123
310306
221032
310269
250105
361433
270244
361701
144912bb
220563
330341
300374
220544
360491
260243
270470
320107
330257
360168
250259
330321
230473
260084
360781
221242
320583
230066
361653
220910
361717
250362
330584
300111
330696
210104
240310
330025
360441
330315
360189
361252
360353
250059
221132
220042
360721
330700
350385
310232
250406
361394
230076
250357
330010
360559
260194
250020
230339
270024
361699
230022
320385
330265
350423
280229
230324
300036
250189
300157
361283
320650
320982
270491
240092
300461
220655
260042
144942ba
330277
250269
360016
361067
230389
361320
250277
270297
220770
220614
330475
240369
270260
330144
361915
360131
361244
300583
221260
220229
260279
210266
210161
220736
270354
361902
220034
220410
290125
220428
330647
380015
330484
280221
360444
220152
270173
310176
220859
330095
300524
210322
350125
300329
240170
220413
240339
361510
330501
240114
300289
360307
221253
330621
330113
321034
300214
361376
270193
210019
210319
260008
320538
330141
270202
240203
300218
221011
361722
361188
320396
330712
240322
250184
221423
250167
320104
330343
270175
230255
270171
250114
14037
300488
230480
220421
350391
210100
330301
221378
330291
144971abbb
260039
250339
361649
350450
310167
350406
300422
210314
330527
221190
210304
360297
300526
220921
320286
360832
360766
221196
210348
320688
360431
360315
300245
220468
330640
361809
360780
320625
350396
361181
280001
350427
221008
360381
350116
320643
330203
320846
250296
210051
210037
300043
144913aa
320646
360421
330168
300491
321097
250121
280080
360821
240399
220417
350360
361172
220358
240360
250303
270400
320257
240183
320457
230274
310082
240056
210390
210460
361001
320504
230151
300345
310234
350119
280207
260349
210486
350364
220907
300021
360371
221281
230075
361151
310038
144941bbb3
240315
360563
320305
320910
230371
350196
320802
280068
300270
270373
270480
360292
220888
361591
270432
361589
350023
360551
230393
300170
270164
330567
310069
250071
210182
250307
260175
220853
220129
300240
220744
220342
310165
260053
320516
250232
330129
361278
300482
240188
320685
220026
240153
221001
320077
270487
310201
260023
270291
220447
360498
360730
270481
210318
320399
221006
361205
210392
230444
250240
260266
320263
350347
350331
230218
270371
280118
361368
361455
330480
300247
360744
250249
300176
300398
230470
230221
221322
240067
300423
210131
320398
360239
240382
361089
320523
270404
320425
300283
320422
300577
361727
280048
220201
220931
240202
280084
270070
260144
320099
360424
260176
210141
270419
361741
330747
360095
320164
280164
330586
221180
210332
360078
280037
360146
270420
220812
361091
210466
320373
350295
361311
320715
230148
361538
330659
210281
210406
330393
221404
290131
320469
320851
360741
320520
350004
280006
360068
280098
240420
330707
270006
300510
220778
300372
360087
320367
330491
330720
380032
250169
300152
290086
210253
330392
320702
361310
361874
230013
270450
220218
221191
320310
300147
360719
230455
220093
320464
220657
210470
320085
220124
330114
320866
320830
360321
220239
290122
230313
230494
250220
270279
360467
361116
220404
144982ab
330396
220872
361111
330069
270120
320514
360975
330371
320394
270123
250081
310115
330070
330637
320498
361406
310169
320497
310253
361428
300457
361519
221169
240292
290062
220924
260363
220634
230224
330273
320627
220699
320174
350062
230460
230272
210061
320829
221239
230035
300561
220113
320471
270504
240236
320344
320145
360814
210132
300440
270406
360882
220679
210414
360045
330423
350497
250012
360296
320582
321040
250380
290107
221184
330165
270341
230128
280007
270361
350419
260300
240398
210263
361748
230054
230135
144970ab
330281
330200
220409
360954
220465
220103
361326
350171
330654
220873
360733
260295
230435
300205
320079
320446
260032
300426
360046
360860
360440
210145
361702
270119
220748
280120
360210
360655
240069
210229
350113
361146
361227
360907
230465
350052
220900
361035
320218
361361
210431
310226
361287
221050
350186
350220
320094
320636
221102
320614
361404
320937
230402
361871
380018
330183
290096
220902
220724
280074
320734
250014
290135
360886
330418
320318
14066
361637
260228
260113
361757
350085
210009
240423
361910
220349
230433
220370
330023
321064
14067
240309
240026
221278
310007
260027
350260
320294
260149
240110
210408
360227
320050
360887
330390
320766
350346
300104
361502
360128
290118
320770
320764
360630
220185
260065
300253
300393
360108
220345
221396
360806
330573
221342
230474
361026
330254
230198
360689
330309
330398
360388
320165
221328
270299
320027
350213
350179
300309
330739
260061
330109
310228
320005
270150
320510
361005
361461
361855
361239
330384
210015
240027
320304
221037
220712
320785
320574
320303
350102
320346
230425
250369
330593
330009
221133
220206
221029
220097
220305
240080
320873
320611
230067
220131
361288
360531
300182
230361
360607
240320
220487
144943ba
220078
360877
230095
230365
330228
310206
220235
240073
230485
361562
361544
330435
350280
221107
144993aa
210386
220647
240362
350216
350099
361838
290071
280175
300589
361483
330548
144912ba
310283
240429
320433
300178
210069
270053
361944
361853
260320
361192
210040
350036
320936
280021
220232
360889
220151
220332
221285
361974
270213
361620
330271
320763
320635
361141
360248
220780
310161
230332
310224
144971aba2
360077
240040
320683
260010
250328
300452
300277
350374
270273
230300
321049
350126
220182
330583
320239
240266
320852
250273
350056
230450
220252
220954
320004
361601
350384
250335
250072
361497
361784
330037
240159
250404
320231
240048
240449
270182
360198
361415
220312
220889
250271
250044
270421
350464
300297
240034
320049
270236
270114
221376
220427
330665
320342
360760
230532
330535
220030
330186
144960aa
320418
360063
144953a
240452
320508
350097
220883
250366
270177
220869
210169
360347
361646
230126
260013
360899
310190
220557
350415
260250
270082
240302
360427
361250
240005
360834
360202
220522
320628
220169
300415
250127
260085
210142
300153
300010
230463
300304
220885
290166
230488
250202
360756
360985
360811
280003
361583
321045
310189
270324
290116
220164
320484
320767
360979
360873
360163
320233
360972
220049
280151
260017
320014
221262
220656
350351
270253
210471
320621
361788
320042
300174
250055
290076
220895
361734
361791
270192
270323
350483
260239
360030
350403
330238
310303
221320
330564
250212
300321
330680
220445
230033
380010
360279
300279
240453
230439
250294
320414
221172
350212
210367
280187
350014
250401
360434
260348
360672
320546
310230
330440
240043
240270
300519
361348
360205
260267
310001
210310
350083
361829
270271
221311
320620
321090
250061
230443
270220
361949
250318
360330
300266
270185
350157
360547
310242
320505
220966
300389
250247
320143
360517
270122
220330
320350
210384
361409
230311
144923aaa
360712
300584
240211
280083
230513
330692
360945
220033
330500
310112
310227
260200
240456
310089
320046
330389
221101
14041
240047
220128
220963
220260
250022
360127
220270
230079
320714
360291
300366
360791
320002
270513
144942bbb
240294
360931
210031
230098
220542
210402
330615
300074
240181
300003
310014
310284
240201
361294
210301
350245
210306
330132
330208
220285
220753
361161
260086
290137
300507
240008
220823
221217
320078
361085
330045
250024
360522
330590
360174
260087
240071
290090
280213
300237
361625
280163
270488
210393
310108
330498
220041
250230
330003
280113
230108
350311
361373
360960
230175
250261
221178
350444
320036
310199
230390
230227
250132
360175
240291
330199
320647
321103
361041
360196
360694
220211
230103
230085
320540
240442
230204
360688
300560
360539
220247
320289
221336
270301
320693
360097
361027
220079
221254
240397
270157
320160
320402
270159
320492
280013
350007
320707
220752
360207
220174
310254
361043
250402
250125
330344
350217
210475
240458
240374
320470
300256
210496
280050
360570
270453
361436
221040
360254
361671
320044
350446
330627
270380
260156
221156
360411
361044
250355
310033
320641
240177
350456
361459
321089
210278
361760
350301
361058
210338
270444
330059
230065
361651
270026
360112
360865
360599
321071
240014
361711
221271
320185
310256
230398
330053
350001
220105
330270
320213
350336
361218
270320
220735
144940aa
361365
330438
280176
250287
270176
270416
361662
360311
221153
330437
240417
360293
221025
270309
330499
280092
360771
350187
210333
220533
300118
320794
221366
320675
330677
350019
310052
221381
221148
220202
300508
360530
260072
360399
220523
361859
270018
310171
14051
330729
360314
361932
320034
221091
240314
360770
320592
361642
360037
360826
320653
350377
240224
320757
330419
220382
330128
210029
361462
220725
220071
220923
220955
310003
320315
320339
220130
310316
360463
221000
360695
290027
280033
320558
350490
360473
320440
290036
330285
330247
210110
361551
320276
221350
210214
230288
361634
230031
361206
310251
320922
210426
260048
220990
330220
144953a2
290004
330602
270519
360687
361550
330181
210388
290031
360435
220606
320383
320964
290153
350202
290052
240180
330052
260269
220289
220536
270005
220651
220368
221226
270426
330256
330553
240377
230449
240145
221233
280101
361277
361666
230356
250115
280190
320442
360959
280018
360058
220318
310310
220760
361018
250222
320400
330359
380002
260168
210001
300324
220085
361724
320154
360069
250396
360338
210152
220292
360757
360346
144960aa2
210364
220007
320868
220720
330519
250228
361548
320184
230225
300540
230241
280115
220274
230318
350489
310046
260294
361209
320071
361259
361930
300012
221403
220300
230183
350120
260098
220168
270247
240143
321061
220572
221351
260137
240193
360681
221387
250085
270407
321031
230388
220808
280154
250153
250013
360320
360377
280082
350288
240029
221158
14042
300450
360172
320724
360266
220325
360895
260298
221429
300396
361221
320250
350225
350053
350043
320668
330443
240163
210376
240154
240448
330460
360891
270080
220056
210361
230064
330338
330046
320596
300362
230045
360976
320961
220198
360739
220055
320319
361773
360235
360162
220196
360848
270311
221284
350409
260002
240197
361108
320323
330427
210244
350188
361449
360587
350378
360702
360358
210117
260079
330210
330028
300407
320924
280180
144943bba
330523
321080
360299
220390
320634
220122
320388
320345
360191
350469
361728
360505
360085
300490
360540
210488
300055
320410
320152
330322
361270
250412
310147
220937
330340
230429
250182
361002
220685
360072
350232
280088
230188
250187
330236
280008
330118
360797
220858
350184
321101
320120
361950
210419
320316
144922bab
221185
361342
330204
360853
220970
230346
330216
220933
300155
360674
320248
220181
210041
250361
260181
350238
361812
360668
360007
360407
230284
300356
240289
360611
220982
350357
330428
270313
361164
350467
310240
220746
361280
280201
330262
270505
310070
250216
220700
220059
220733
320853
361384
220587
361356
230543
360675
220821
220828
361888
361219
220999
280168
361496
361762
210449
230454
220002
330524
320876
361413
350298
230153
300451
360376
144920aa
210457
360185
360504
361374
230182
280106
320479
360558
350390
220023
290029
270478
320006
230421
270269
330237
210109
260214
360164
221377
320103
230407
360896
250157
221054
360941
270085
360369
361752
361543
330060
360019
330176
320397
220110
321001
270386
361968
360001
270356
210340
360284
361658
361579
320929
300447
230296
280143
221036
270060
360026
360450
270345
300291
320618
210269
320877
221347
144962aba
320887
210355
360910
280095
360479
320194
330407
240342
361860
361667
290009
361557
310302
320459
240261
330194
300406
220876
210317
230295
270099
260058
350302
350359
360755
240332
320177
230260
320365
360217
240330
350433
361187
210157
360140
230144
300121
290171
360025
361718
220338
210250
361392
360952
210233
320756
220779
240252
361683
240431
320369
210107
320280
330169
330198
300081
221084
270314
330401
250008
220543
360053
330468
320022
360904
350195
320737
250407
260121
270439
221343
310186
240088
220279
310292
290070
330632
300334
290078
230173
240277
270079
250098
350329
230303
210091
361174
330674
321017
270004
350145
310134
230203
330633
360414
240392
360525
360487
260009
270032
221361
220986
300184
250308
280029
240296
221072
350330
300434
300223
230345
350096
270231
360928
260355
361447
310197
361268
361478
330063
360032
220948
250094
361105
210297
220972
360433
240450
300361
330307
221068
220716
360856
250174
360091
360476
240128
350486
361359
360243
330065
270403
230016
350045
330298
350030
360262
14043
14050
240126
361979
240060
330532
270473
330386
320214
280039
330232
270016
240407
220379
210201
361818
310243
270499
330019
250161
210199
220189
330704
220019
300556
300143
210316
330284
330495
210464
300318
320593
361220
290057
221053
210350
360419
230323
221323
350206
221070
350317
361909
310002
210447
360718
360685
240032
360969
220627
210068
361065
310138
260261
320598
220222
210451
270265
230464
280191
290054
300307
320974
280075
270514
210483
210153
361267
220687
300031
250354
144960aa1
320747
270321
230237
220383
330351
321054
330592
221105
310026
330058
361138
330526
330558
210307
144962b
221123
320313
320021
300186
310237
360481
300213
330353
230495
260189
320111
250343
221374
210038
310247
230489
380028
361296
330483
250305
220454
320142
350087
320784
360716
350029
270154
300538
230026
230403
361619
270228
360616
320511
280005
360316
310149
250197
250082
360201
361399
360868
290022
360562
350074
220406
330206
300566
230428
260050
321091
221043
220226
210280
220077
300016
221237
210375
221104
300064
361703
290185
330278
361588
280173
361925
310223
330375
320543
280183
320553
361023
220528
230155
260193
310238
360245
280109
240066
220459
360763
260330
361880
220257
221432
361375
310110
310225
220844
360628
360617
290043
220167
220980
230268
210042
321022
250102
360106
270186
270168
320741
330368
361516
310291
320275
230446
290112
330708
361367
250340
230178
230145
210049
350065
220505
300088
310106
221186
270134
320032
330493
230544
350100
321073
361725
380009
290075
360100
230122
221139
361640
350025
210238
310012
250032
360789
220102
221297
210427
330622
220001
360690
330097
250067
320681
350294
221206
230110
330115
14069
330387
361720
360872
320894
360405
260310
250049
320998
320789
144973b2
361966
330710
210330
361142
321092
360373
260177
221113
361515
330088
220680
250395
250211
360527
320191
361377
250135
360322
361246
320406
230368
350095
320971
230456
320266
290098
310188
330211
320096
320517
270408
320957
361236
210183
330155
250299
300572
361956
350128
270027
360626
360263
250192
230482
300039
320655
210202
360018
350020
260319
320996
361071
290102
270355
230302
361826
320864
230028
350069
320048
320429
210476
360398
350297
320709
320292
350289
220111
210415
360447
210225
361521
220100
300477
300576
360742
230369
360014
230219
220661
221041
270360
230109
350165
320926
361626
220726
280147
360859
260264
330514
230254
300067
321027
270195
360150
270139
360135
350468
280089
360093
320973
290144
220321
260057
280059
330479
220453
240262
350221
220076
330451
270201
310198
330509
230306
360841
320113
230212
14046
320527
250166
220805
220045
361721
361844
230397
320928
320320
270382
221034
361407
14035
280072
310063
330126
220290
210150
360623
221048
360183
350136
240390
361716
320754
280028
270381
361154
260134
220570
320080
220460
361571
361805
280079
221202
330355
300456
320665
230415
330508
220754
360057
220973
240245
240174
220297
230023
330020
300313
320677
300280
361307
350170
360357
310262
350242
350426
361697
300017
270049
221277
270290
350430
230430
310135
360502
300145
221398
361705
220815
360646
310192
350341
361851
220333
320999
360485
300198
360055
300495
210439
320689
290093
321025
230413
220950
230327
310304
221219
260286
321000
361820
361050
210108
360157
350475
320020
350006
240430
310166
360161
320838
221019
300570
320792
221392
350214
330093
360153
221205
300098
300516
260259
270090
290156
220796
360678
360633
270464
360743
360333
330706
310159
144921b
220121
361574
361476
14068
330678
220546
230014
310083
361549
290182
270209
350500
220265
290180
330690
210020
360598
280139
210241
350211
300314
330108
290030
260169
280166
360193
360213
290160
220703
330370
240334
361317
320235
210446
360114
361386
300468
330223
260015
361604
144933a
361842
321095
280208
290047
360647
220849
320384
220432
361402
250194
220348
330728
320324
270383
361767
321038
250251
361063
221166
260270
210395
230215
300063
320291
361165
350259
330012
260362
361669
360004
221355
310255
280188
320509
230271
350077
350258
330179
220452
230400
321016
240011
260028
360545
360592
270258
321085
220378
270414
300131
220569
14060
270296
270023
330077
361022
220804
230270
310236
280196
320530
300317
350308
330190
330425
330076
210226
220397
221137
260125
270081
300575
210146
240226
360569
360825
230483
330008
221195
361382
270435
230012
240229
230259
221427
361308
360919
240195
210271
240305
360044
361777
210461
310163
361726
220710
230133
240081
320544
320200
360466
230477
250225
360139
360866
210088
361298
330215
320413
360345
260016
290050
350335
280203
360103
280224
220104
260203
250378
230344
350283
361393
350443
250178
350305
220082
310088
300177
350410
240105
221412
240323
221122
270152
221431
230535
300339
320458
230036
310172
300139
320251
330117
270338
320102
300062
280179
230167
320954
330085
361754
320896
250147
260252
360397
360176
210298
360158
290121
260036
360727
310250
210320
220672
361117
220439
221116
350425
360995
220207
220170
270468
210165
300150
361572
360356
330488
250023
260054
361955
300341
330504
270068
270132
350035
210096
310317
300542
221273
361000
300113
270104
361628
221211
320913
300349
220035
220148
220180
350182
300344
220329
320282
221352
360676
300172
210218
330349
240041
220272
320023
210195
260323
360222
330324
230399
220277
361104
260068
361881
300502
14049
320058
300011
221329
320274
320955
320146
221173
240378
300554
230130
220820
210170
320720
361736
260178
330016
360835
330624
220480
220551
300364
360289
330434
221230
360197
240087
350148
321005
360981
330244
220596
361783
320899
210012
230096
330713
230509
221251
220742
320579
361898
330289
230068
350270
330561
230448
220266
240172
230195
240189
361488
270428
350345
300158
310312
330413
350122
361017
300567
320831
360246
300215
300114
250133
220422
320719
250379
361645
250405
260222
320854
280016
220114
144912a3
250350
330367
320362
310179
320117
220123
360785
360231
250313
230432
220238
220154
220221
320485
360579
320811
360451
210268
210059
360955
360244
361081
330293
230515
220863
320330
260288
230422
220636
300427
361021
240192
360560
320258
250200
360567
320690
360635
300042
330560
220643
240146
270412
270129
360693
240267
210300
260236
210289
330354
350088
221209
330147
310133
220268
230412
320210
210143
220991
260285
221031
260115
270495
270181
350314
240351
360991
144941bbb2
230379
270350
330471
300378
250093
210148
240173
360200
221074
240345
240447
330618
361796
221325
361328
240133
300579
290082
260204
220609
220887
361231
320288
290123
270429
230395
330391
361546
210401
360989
350011
280199
230006
230101
260230
360238
220961
310006
361388
220667
280181
240329
330022
240260
280057
360340
250295
310145
320366
144993ab
350343
230245
300160
350447
220084
230247
240097
250078
230405
270456
361520
210155
320810
310023
300459
270254
320512
300410
310276
240225
330333
310221
320209
330742
270011
361131
320204
250209
350485
221028
330536
260131
310178
330537
330303
220228
361112
300052
320243
250268
250015
240256
350040
210294
360778
270370
220373
280051
330452
310185
220287
270358
210389
330721
361265
210272
350411
240006
230418
240357
300403
361499
300144
221024
360214
350432
230424
360999
270465
230385
210422
221182
330661
361074
210097
240108
350320
361810
290114
300075
361561
250148
221181
270392
350039
361424
320223
360033
270250
350257
240166
240281
330663
320493
330433
240318
240142
330040
361168
350333
310021
380020
210166
360326
360144
290038
320068
360182
220930
310123
260055
330751
260357
250351
240230
221397
330280
270503
144960aa3
240102
220462
230168
250293
280020
330623
270378
270061
321011
300486
361942
330568
300030
310124
330102
290074
361198
230073
330160
320372
330653
360863
220220
240384
230511
240194
210398
320489
144940b
361953
280234
320038
220153
300238
320586
240179
361129
210154
310136
210327
230223
270038
270019
360810
260344
220789
321096
220585
260130
300384
350246
220807
230362
270332
361985
221044
361254
221060
360022
230134
260136
320371
250036
221344
360627
361981
310259
360464
350017
144940aba
220806
240001
320193
260212
250054
361122
350424
360147
230286
360524
330105
210473
221039
360640
300095
320880
221393
320844
270118
330123
230312
330651
240379
320064
330083
361825
280138
361677
320916
361594
300013
270128
144931ab
361387
220155
221375
361163
260202
300332
230508
360740
250112
144973b
350176
290101
320438
220328
220355
360510
260232
260329
330698
360382
220450
270091
220048
361335
300481
221049
250124
310143
360894
300224
350256
360143
360804
221121
221021
330336
230074
320169
361613
361684
220058
240268
360833
210325
220246
230498
230341
220556
330554
270212
350300
221345
350084
330412
230459
210302
360800
210204
320463
260342
220898
221002
320328
270199
270256
360122
361761
361452
300443
270071
220478
221419
280194
360173
360649
240065
330318
210221
350101
321043
250393
260174
320730
230507
361712
310077
310129
360255
240144
300138
361208
310164
320216
361961
361336
361302
350363
360679
220210
320914
361049
280121
220616
14070
350094
350204
360050
250134
361057
250342
290106
360536
361540
330253
210285
330657
360883
300101
360700
320906
360875
210455
361200
270384
270067
330642
260235
230525
310139
210193
360767
310260
290067
220054
210412
240101
221118
330189
360101
221317
330589
250364
360902
330124
210498
210055
230536
320172
220146
330541
320130
220906
300445
290081
240033
260049
221183
320987
330702
260005
361109
221437
270037
280129
360595
320173
240012
221015
320033
270460
360300
250368
330311
210462
320432
240255
220984
250214
270485
270337
270153
221326
360220
350309
320760
320073
350224
230374
220497
210396
250163
320448
300442
310267
361867
310074
320656
220897
220936
250117
260346
230139
14048
350240
210196
230194
210026
230228
240187
210485
280119
240402
260268
320765
220686
260003
360966
320814
230229
360149
221098
290099
220331
221418
300151
310209
210337
320624
360900
330456
210444
210432
330502
361621
310050
250079
320037
350150
270059
210076
220506
210335
210158
330081
350076
320837
350008
260046
210369
280030
350075
310308
240375
360893
310181
310211
361967
144980aa
270452
350203
361746
320507
221127
361751
361792
320795
320379
290139
361847
240300
210212
220471
310092
361286
330600
361332
250266
221439
310285
250110
310040
360396
320862
361708
240434
220581
350199
361101
360541
240283
350352
250037
230009
300473
260311
361051
220091
330001
270137
361495
210383
230520
221112
350278
320059
210190
220837
250410
320783
240136
300154
280132
270425
260162
220693
320284
350412
320600
360571
361623
290128
310162
220918
250276
320609
300335
270489
290084
360615
220125
360318
330735
361080
300208
210284
320012
270089
320340
360548
290165
280159
350370
270348
220768
230348
360446
360508
220698
320101
220036
361664
320904
230478
270461
270111
220047
250129
250108
360923
360754
320776
250131
230293
220504
310248
221353
360837
230396
350263
330685
210343
220217
300352
221062
220192
230406
361430
361383
361434
260358
320710
300162
240213
250090
221042
240162
361537
260071
361525
260273
320331
290039
300071
220052
221154
320307
330505
320712
320491
144962aa
320306
360352
250267
360138
320644
144973aa
210045
144912a
230231
260106
320551
230305
360638
320559
350250
360492
361398
361856
330608
220848
270494
270367
320885
230461
300192
260051
310173
240111
221027
210034
350279
360669
144933a3
361840
330578
320246
210083
280034
320047
300544
300337
300430
144991ab
360391
300496
320010
270467
290141
320087
320311
360980
361056
240196
320144
361846
350332
310200
210106
221140
320341
350178
240427
350369
230123
350381
330159
280177
361865
250119
360805
210368
250298
220175
144941bbb1
220081
220053
290133
360937
230021
361597
300166
220233
300382
280077
361719
210275
220790
260360
350236
221424
280019
210071
230376
240218
361843
210230
230287
250120
310054
320412
350389
350463
320603
210381
210477
320807
290092
350322
330112
280110
220107
330756
260114
360034
240124
310062
330481
230142
220391
270149
210256
320181
220431
230039
300312
361766
310008
320277
240096
350046
210494
361934
240368
320487
290032
361262
221017
321066
361957
300053
210079
260335
361331
300275
330345
220668
300080
320800
320449
240152
350477
300022
360724
360561
350201
330487
360738
330193
230269
330283
330725
360947
230088
210116
230157
321082
330099
320039
240438
300438
220347
220429
360309
221046
361918
250017
270184
320363
330576
300246
361504
210365
220891
220547
220704
350462
360390
220326
361695
230423
220215
360212
270116
320480
300562
250103
300383
360312
320378
350436
360009
330054
360253
220715
360965
300106
260251
230061
220926
330726
321035
230027
330227
350428
330308
221056
270375
220635
330681
361093
330679
230522
144982b
360355
330086
361446
270372
250325
220351
220942
270097
320249
300354
310080
240007
270142
280197
360148
361355
144983bb
300557
320585
360572
300286
221384
330649
330432
220242
361797
270230
361248
300573
310075
330693
330445
221276
320140
240373
350115
330686
260092
220463
361418
330084
320190
360457
220361
300300
210223
220481
230162
320028
360974
221295
210360
321078
230233
360707
221296
300054
360624
330620
230070
230349
310294
320739
361768
230401
300465
361769
300499
220366
240440
320138
250399
310036
360519
240231
240085
290008
310271
230094
210025
270284
280011
300328
220090
144920ba
230546
220681
320976
220867
320979
240444
230359
14045
330229
330347
320295
361618
220371
220147
360961
230082
360187
330033
221334
210144
361513
350181
361706
270140
361036
310272
360703
260154
360094
210126
220262
290065
360888
210147
230275
310318
260119
220276
360564
361958
361973
361506
270394
360274
220620
361443
300038
250376
144943bbba
230283
361575
350356
300236
270043
330492
270298
361020
320912
330675
320542
330196
300272
361132
320803
360934
270144
230030
361593
310091
300221
310073
360660
290011
280156
350401
260019
330521
260133
361686
221321
320952
330529
210293
260255
240234
250413
260322
350082
220294
280044
221087
310222
360924
330146
230037
330664
350405
330327
300466
220024
320773
330469
360632
220628
240219
221245
270325
250262
221170
361207
220157
144941bba
350276
330286
220590
350465
250275
220750
320272
280090
230503
361954
250143
300112
321032
350254
220356
360012
250109
360747
330376
240107
270396
361318
330397
220494
321100
361862
320960
361305
310113
320348
240130
260254
240020
240328
220381
240285
320673
221310
260067
330319
230521
361733
221307
320671
210436
320447
330673
250235
360537
230129
330730
220893
280067
290186
310009
360782
320416
350388
321088
361282
360134
360305
320698
361414
270160
220684
230184
210341
220899
300020
361139
360584
360970
350429
221293
210424
220314
361107
360336
350081
290183
240017
300148
300571
270210
361429
230005
210022
210387
360298
270058
250142
320211
144972aa
270051
260171
360344
300493
250168
310030
270094
320060
361913
330596
320748
361690
330515
210497
360455
210433
360368
350223
380006
360436
360903
290072
220008
320888
320093
230431
250248
360258
360362
221094
350371
320861
350304
360511
330744
310315
240100
361015
300315
230533
360234
360704
250371
360696
240290
290152
260221
144991ba
240112
320336
240414
320843
361006
220092
220106
300350
220278
310183
320858
350441
361125
300244
250053
220003
361086
320701
300368
360565
320759
350471
310094
220010
360406
230334
361630
280162
320950
320522
330465
360260
361534
221126
320224
360040
230007
321033
320884
361072
220838
300305
260328
210276
270030
260324
361472
361765
230244
230316
350398
300050
220126
220022
350068
220604
260351
310153
320850
361539
144912a1
320521
330331
230240
320882
361541
360710
280100
230539
320584
360119
220971
260208
330180
350189
250095
320206
330150
300365
220043
220303
361427
300534
361054
300588
320395
220249
221023
240437
144963b
210366
310280
240210
300404
310132
360589
330130
260021
250179
220386
360622
210258
270245
144953bb
260274
220772
380023
220423
360229
320567
360489
240363
221005
220878
361959
250158
320878
320162
360585
361258
320090
230310
361202
330715
330714
320356
220067
360499
330737
220842
220430
250051
330450
250311
360601
260101
260167
361914
361603
230230
220065
380027
361931
361315
220032
360006
220491
361556
310175
350392
260062
360808
360901
250315
360102
320721
330399
360850
350234
220580
360294
220362
300254
210129
221294
221268
270174
300528
360852
360772
221421
270145
280185
210072
230518
220777
221092
230149
270510
320256
240387
260161
350338
320136
240093
230253
320718
220974
321046
221386
240446
350484
330140
300058
210128
361211
270143
240385
220862
220706
350168
221077
210113
361309
250080
361652
290189
250198
320692
361505
360029
270188
144990bb
221004
300505
300217
361758
300331
220013
360842
220922
330691
270255
350198
361778
330104
220641
260188
380031
300103
290130
14040
320836
361689
250060
360086
221051
310005
330264
300597
361175
350268
360306
380029
240016
321098
250183
270007
330178
260339
350071
270025
210411
220040
220998
330604
210456
360604
320454
330074
144952aaa
310154
221406
220344
360606
220783
360428
330334
350261
220441
240049
230545
210194
230352
144971aba
250201
361341
361417
260077
210027
220458
360847
220473
220718
360629
320134
360827
320533
361660
250219
260164
240191
360503
250104
320506
360795
300163
360843
220258
360115
360680
221157
210296
230046
350049
221255
260120
240248
361824
210105
320131
300212
361740
220865
220057
270366
321069
300549
361771
361272
380022
361799
360573
330362
360460
230475
361068
361370
361135
360555
320962
320124
310013
210267
360432
230165
330513
310210
330004
220564
260063
221433
320990
300585
240264
220691
360534
360226
280219
350183
230370
250382
270166
230281
361276
220062
210303
321087
220418
360425
220515
361019
260073
220095
300497
360442
240403
320842
360998
361088
361776
290184
210094
210172
330116
221425
320066
330213
230329
320799
361819
330332
330703
250140
240346
240215
320743
320349
280015
230164
270095
330080
290037
300141
310067
210075
361255
300550
361599
350210
210065
330272
330064
221371
361118
210287
240400
360439
230051
220145
230062
360335
230053
361337
300421
360829
210434
330034
320755
361303
220101
250074
360313
361321
221081
330248
300338
361680
210018
350445
320499
220644
210274
330096
361608
230050
230440
221270
360546
320109
300484
290132
350382
220253
144962abb
320221
300231
270172
270413
230263
300290
360374
361395
240070
361232
350373
240094
220087
250377
280052
300008
310245
361737
320029
221149
320180
220359
360081
220316
220632
361636
320704
330752
361804
350466
280055
361061
361038
280152
320019
270133
230321
240106
300100
230497
144932ba
220015
361794
240242
361240
310193
320775
220705
220455
360125
330585
321060
361749
321063
210437
360351
270445
320011
361426
361299
320268
270347
310020
310177
270434
280204
220288
230384
220088
330383
230426
320536
321026
250349
361730
320244
230115
360659
260334
221290
220143
221331
210188
220112
350376
230089
230238
361978
300034
280097
361755
360483
350487
270306
290033
361480
220513
361482
290055
270430
320777
321086
210308
260316
240317
290034
360884
221059
360846
220322
270041
210090
380003
300168
230104
330601
330035
210499
270017
320915
210347
210417
230214
350494
240321
361126
361247
320963
280087
361102
210124
221138
260147
360982
240023
230457
320155
300395
360880
360380
360223
210039
230289
230290
270125
320728
310010
361354
210371
230125
210397
210168
210176
220066
320758
350133
361195
270161
320229
210467
260150
361545
220389
280104
330754
220231
320075
300586
330316
361927
361217
220539
220792
290014
350342
260290
360686
300387
280170
240275
361177
320911
221330
250043
360067
350032
320812
230427
310028
240250
330326
361079
250408
220398
361531
220017
330581
210077
360554
220162
360443
330148
220988
330110
360818
360774
360639
240035
270295
220255
221007
230078
270028
240190
210277
350054
280102
270002
320863
310252
220426
250283
361530
361405
360230
210342
270036
280066
220659
221236
210270
220401
230309
260304
300029
310059
330274
230143
300056
320377
330612
350366
220374
270509
361965
144983ba
210500
210399
260275
230408
360581
250226
250385
240063
260129
361617
210458
240228
361004
300439
250046
221135
270319
220730
240121
260146
360021
144910ab
230024
210084
240333
320612
230411
144921aa
250203
270328
260165
310244
360458
360121
361064
361114
320678
300229
230320
320238
260076
220443
250300
320201
320299
270268
210210
210179
320599
360874
250217
320534
320386
360929
320016
350042
14064
250381
300580
221316
240459
320832
210186
361120
330378
230394
320890
290077
330382
144943bbbb
290028
361650
220415
360779
210349
320347
310032
310131
360614
321006
240249
260283
360155
350172
350154
300108
210130
350408
360699
320148
220456
250210
350293
270248
361437
360151
220402
320338
260291
221222
250372
210024
361587
321079
220591
380013
220941
220929
230146
330454
240072
330676
330467
280169
360426
360788
221405
350431
221269
320788
320706
330705
240077
250310
330026
320992
221258
310275
360987
210174
250255
330455
270346
260225
361260
320496
230276
210290
360372
320806
220176
270189
250320
260359
310066
221086
144950b
360166
320790
320935
330314
300226
350192
361133
330175
220160
300523
330173
320150
350142
221073
250018
360653
361929
300065
14039
320761
210380
210123
290136
220018
230514
360165
360608
210220
221300
220901
310146
330125
300073
290094
250257
360083
360518
320393
144941bbb
230107
210102
361351
361432
230015
221319
221194
240044
361103
350321
320872
330634
221189
220216
280230
240051
260075
210208
360637
221076
210067
144923aab
361903
210054
290158
220142
220284
220490
330294
250250
240350
330528
350092
240104
330717
260197
321104
220144
250101
300051
350149
260069
361411
240127
250066
361233
360549
220797
270288
250062
360869
280217
220367
361253
330606
361564
360948
300044
330559
361313
260052
144953a1
361090
300417
330689
230357
330062
300293
320186
350362
330177
240018
270156
320526
300188
144972ab
360041
270224
350282
350057
310301
250292
221298
144931b
310239
320067
330192
221244
310064
320798
220612
300397
360751
320208
320687
350269
270057
330486
230010
320808
361471
360619
250027
260047
240393
210087
220118
320848
220678
250331
260145
220412
221163
361312
361872
210073
250155
361832
360867
360667
360697
260159
360836
360325
290059
300296
290169
270458
220953
220511
220388
320500
300380
240445
144922baa
230528
360854
290019
330066
220133
250091
220027
330563
310298
360051
361639
220295
230060
320332
210082
250345
250150
270518
144970bb
310118
250165
220375
210085
361251
360957
220622
290073
360472
350325
320948
210060
260020
361813
230118
360921
230239
320590
290113
14065
144911a
210164
320247
210180
361694
260160
221292
270084
350010
330629
310097
350093
144941a
360620
320555
320232
210215
330490
361635
220073
360104
300333
320883
360822
300541
330163
361876
360136
260172
300388
210032
230476
320228
350367
320816
230512
230519
144981aa
320969
320745
320426
220075
360643
220039
361419
330039
361194
210450
230192
220029
300060
270052
221250
230217
230119
330609
330011
320875
300548
280128
361937
361180
250088
330605
300091
250086
350386
360107
350156
320118
210251
330738
240131
350137
280012
330357
300059
360920
330366
360031
250233
310087
320645
270003
320640
360844
310104
221047
210372
320787
290129
220524
290138
250363
360169
240359
361580
330734
220811
330300
220517
361775
320265
260350
210283
144911b
230004
310182
280024
320024
230383
220307
260135
360651
220457
361030
330202
320725
300085
250282
380007
210101
250370
221369
361193
320631
320602
230336
210080
290105
360840
270179
360807
220141
220241
221318
220599
221240
330746
361083
270127
221058
290146
361450
320874
144981b
240426
260257
220360
361779
320225
260318
220384
360706
240165
221146
210356
210374
260299
270124
230087
360123
361100
380005
220502
350024
220571
361962
260040
260118
360513
290089
361347
300222
300285
330372
221208
290097
350324
260213
300167
320139
360557
320329
361173
260128
220363
360512
280094
240118
220261
220535
360783
220119
144960bb
360240
210217
360634
300402
361042
320382
330719
270163
320615
350197
250336
220912
360082
144940abb
361857
144952aab
240055
320771
361835
330188
260094
321055
300024
320376
360625
260265
250113
250056
290124
230499
361863
290115
250001
310111
220080
360600
290091
360474
310289
350328
360876
361134
270292
310286
210011
360224
360035
260220
350063
360711
361632
290068
360725
300033
361674
220120
220493
310126
360027
330187
270063
361682
320129
220764
250312
221394
220064
320886
250288
210324
230280
360677
220069
221097
361781
350353
330360
320147
300028
330056
361800
321008
230540
350316
300336
260078
300593
321042
270242
350448
270280
361612
210046
360641
220482
250193
361128
230335
361242
360671
280146
361212
320949
270092
320566
230200
320187
240205
250263
220061
220376
320352
290026
320900
300485
330330
320834
361263
221210
280046
310090
220605
350476
361215
221417
330050
220343
230091
210329
220500
220819
300429
250252
360705
220567
310264
230451
260333
320661
330688
361060
250041
280122
360273
240299
360926
320840
310235
361425
320744
260064
210240
210207
320415
320061
270322
321076
330711
360118
240243
250040
361492
300500
144942bba
230236
330055
360110
361815
360528
361709
220983
320110
270178
321010
350274
221117
361535
260007
330231
360935
330292
270167
360507
210160
221332
350393
260123
330646
360448
270062
361204
361518
220519
330748
360538
260006
330533
260218
210003
360365
144913ab
220271
210421
360386
221016
300308
360858
220633
270190
280042
221409
221114
240358
240293
220354
250260
320168
221339
220759
14062
350162
220870
300433
250264
320578
360137
220602
260190
240241
330750
210115
330522
230071
360864
240364
230261
221174
350117
240122
230337
230479
361732
260258
320934
350027
230055
361048
250341
260271
320137
221129
360645
361203
250097
330352
210056
320436
220434
360233
220809
320815
300116
220696
350418
330230
360412
220334
280218
270117
270012
360983
144910b
210404
220694
230492
360993
300210
280031
220403
221395
210136
221111
210313
320524
144933a1
300209
320528
220046
230315
210063
240031
290163
221422
361059
300136
260045
260102
360610
320968
320933
220405
210185
230527
360786
220420
310290
14055
210495
330416
330575
230510
220470
300363
320700
250146
330013
240120
240410
220357
210252
230138
270516
330149
310258
210070
250050
320076
361802
300355
250327
220449
210413
220979
280086
300578
361878
361567
320419
220645
220138
240091
330459
361987
330142
300298
300169
220985
320594
360544
350262
320513
360013
230506
220256
280069
360170
240348
220890
250330
361179
320437
300492
210453
330625
321036
300376
270031
360195
300536
330414
230205
270498
290056
350180
240457
350348
220394
210257
310100
320827
280182
240158
330170
270225
210345
270187
270206
270217
361423
230285
210491
250170
360215
270015
221152
350048
260338
210099
220317
210339
260001
240408
321065
270289
300035
320135
221274
230147
360775
320589
330444
320203
320995
350194
220758
270211
300202
361615
330297
250229
330151
310293
310314
300026
220269
230256
360088
321012
240355
230378
350021
220521
230170
350414
330162
220593
350173
144991aa
361241
210074
360283
361831
220486
270264
270369
361920
361655
270246
361094
350394
320222
320074
310128
230041
361295
250409
320025
320613
290157
361558
300193
270039
250338
360317
350473
280206
260297
360327
320175
221055
240341
230213
220108
361431
220407
320466
290150
361457
221079
330571
250172
320942
330716
250033
280038
360475
361817
310011
330441
330695
300032
220006
321106
310156
221243
360500
270267
250218
220512
240116
360020
221301
330709
320917
350123
220416
220173
240303
361528
144952aab1
300346
330310
300470
320823
360698
220308
230250
361281
361319
220978
361257
361552
220996
220296
350493
290044
220555
270110
300367
300185
220444
330511
270261
230159
300077
330279
360301
310281
360304
260282
210385
270191
220594
221279
360184
280198
250241
320682
320564
320368
230080
221080
361224
280017
360477
240064
260253
360662
361366
250026
280073
220740
221299
270146
220791
350474
360590
270469
280140
240156
320219
240401
310022
250280
330219
330276
320253
360497
320462
290177
221231
320254
360099
210047
210262
361349
210048
260066
221303
290162
320240
210092
320264
240415
300180
360824
250019
320571
360225
230152
361542
361073
250337
310196
221201
144983a1
320545
300543
260231
220992
320255
330312
240117
220137
270339
210273
330630
360092
270496
320081
360179
250334
330439
320568
280065
220816
270088
221283
240349
360401
320869
320557
360154
350208
360758
260043
350460
220309
230181
330557
360986
260233
250227
360096
350313
250278
210442
360915
230251
144971aa
240344
361670
330682
300525
361115
144970ba
220757
330090
250190
330041
240353
350482
310204
220139
220689
300086
330167
220163
320654
360521
361078
320355
321051
361731
230020
221238
360073
360988
221256
230487
260303
144993b
270233
210279
221215
361673
330607
220830
210175
350491
320267
240367
320353
210017
220861
361191
240061
361808
310158
360404
320428
221234
290010
360905
221220
300478
320171
330409
350161
361714
220063
240209
350358
220607
361113
220178
240297
300469
210125
250139
361380
230116
320975
300183
360323
350104
320697
260209
250317
280227
320541
230314
210264
280041
240009
360996
320735
320889
330131
360017
300527
221408
260074
360916
240058
290149
360720
330656
361532
210328
250186
360360
360074
260179
360657
361358
300057
250092
144953a3
320293
250270
361475
330565
240288
270477
270342
350383
361473
360308
330101
320821
260140
350339
320549
221018
360367
221312
300255
330497
270327
220293
290187
280189
210489
321058
360178
330518
360359
310150
330655
360042
361485
270083
220548
310085
260247
144942a
220336
360203
260186
300294
330463
250073
330320
361595
221134
220183
360661
270310
221388
280111
250126
310214
260166
361008
360708
210062
320259
260142
320663
210008
250375
310229
280125
270227
280107
300175
300140
250141
260317
300539
220372
361578
310218
350440
350140
330313
250039
220165
361444
360801
240371
320809
330156
220905
361891
350005
360366
230034
350264
361889
300227
220960
240075
260341
360420
300498
144932a
360918
300173
240125
240212
221110
270033
250403
350307
360885
300596
330225
361883
350190
330628
360410
360936
350159
290174
310096
350478
210184
220313
350209
330394
230322
210066
361629
210002
330650
361554
210480
221313
320870
330485
230257
360992
270486
250279
361477
350454
300094
230420
320657
350215
210035
361290
320460
230201
230002
361486
320881
320215
250151
220874
300453
270251
361338
360520
250390
300066
270073
320680
361084
230216
310053
310307
350488
250388
330158
300446
250353
230282
250387
300370
260105
350315
240037
360582
310057
221093
280014
300487
260227
240316
250034
250004
220875
240386
361110
350368
220365
300288
290181
360802
230517
330356
310216
270410
230069
320575
270141
230505
320285
360002
221071
300464
280174
320736
330405
330139
320986
330031
220385
260033
310203
360462
360817
220028
270316
320897
350470
260095
240418
220204
260302
230541
144923ab
330233
300242
360692
220787
320845
230102
300068
350435
360003
230375
240078
360892
330335
321004
320427
360277
230360
300249
240313
210235
230086
320804
361715
350155
360059
230523
360408
310122
310079
360268
320547
310241
240451
221035
230526
250414
360994
260024
230048
330072
320063
361536
250083
361627
361028
361150
270329
320944
320430
320813
350175
350147
320192
220134
360962
360204
361400
240391
270448
250003
320532
350066
240365
330369
240206
330666
361704
361527
240436
220245
221009
320835
310055
221090
330350
270064
260173
360156
361279
300471
220197
270511
361624
350413
360748
220086
240178
361945
210023
310144
330302
240079
290079
330671
360278
300040
320182
310212
360241
320179
361611
300359
210122
230486
240273
210334
330436
250352
221373
300592
220932
240168
270479
360221
330449
260141
220446
320965
270506
360958
270285
300568
350060
220489
330740
350185
320465
320699
240204
360494
360927
250064
320684
360971
310125
360871
361858
360596
210203
230063
330029
320125
250314
221420
360303
220577
250025
350453
361442
270424
361602
310058
260124
221324
330243
360911
240176
330275
221012
320003
360310
260301
350292
361464
350153
240046
280193
230072
350235
280108
360199
350146
330014
360878
361607
230343
320658
221187
290117
144941ba
230409
330222
330071
221131
300083
321074
280127
361076
360486
320664
360418
330506
320895
320262
361563
240171
210006
320040
310273
361707
220025
320637
280027
361130
210137
230191
220795
360453
320417
330404
360160
220011
144983a2
361570
320561
360553
220070
230307
310095
260347
360828
350380
330061
360709
361893
320679
210219
290120
240002
320780
14074
210121
300006
330161
361687
350416
300394
260151
230504
320587
330348
220545
144930a
361729
360478
220243
220324
300405
360275
230029
330466
290134
360389
240038
321028
300460
230417
260012
210309
300511
250162
360978
280078
350439
260289
350243
220399
220392
320273
220561
230189
220438
220350
360043
240068
360793
330388
250246
360417
320297
220692
320178
350496
361801
320108
360575
360141
230154
210323
280091
290017
361363
310263
361214
260143
250365
280099
290111
361201
260080
300559
361738
280131
221224
270441
330337
300259
280062
350012
330546
300476
300196
330426
330697
310191
280153
320212
350337
220150
210211
320477
260308
360922
240388
210004
330662
320595
300045
220499
360765
320199
361033
220734
230501
220639
360267
144920bb
300514
230299
260238
330107
220852
260306
220074
361119
270035
360049
361178
330411
221264
221314
240161
310296
360392
260352
220917
300483
360354
320452
300090
320473
320857
220135
144973b1
310278
361491
320993
240025
221155
360116
270022
210030
330442
220280
310034
270151
361410
220857
310017
361350
361401
300134
330417
250111
240082
320786
350334
210120
280157
361144
240340
260132
210133
250326
300343
260031
220747
240455
330136
300512
210493
330038
330525
310101
221065
221177
310071
320051
270275
350277
360591
220099
320626
360488
240099
240003
300109
320424
361747
220860
330638
220574
221252
230190
320525
350219
270263
290167
361171
360809
361939
320622
221248
310148
360061
361814
250316
350387
360395
360594
320119
330250
260241
144970aa
270377
320481
330172
360190
360438
361744
330406
330268
300408
361148
320408
250011
360334
330489
360264
310051
320793
320279
350143
361921
320939
350442
144980abb
260244
250236
361438
320749
360897
210189
240221
260245
360862
350306
350129
230304
320097
360024
360363
350420
221168
320009
330024
361271
361759
360737
330249
210353
361509
290046
330543
270451
310202
300049
350452
230049
210162
210472
361592
270293
330021
361037
330135
320630
320309
360280
240409
300529
221235
361264
230131
270393
230291
230292
270459
310279
350106
320270
270029
300518
260356
280036
250223
270330
230491
144972b
360819
310042
260229
230197
280216
320405
320828
300263
144980aba
310045
280215
210053
350252
310157
240441
220532
320978
350241
310288
360171
360820
361322
350498
361189
321050
350248
361157
210465
310086
361481
330328
250265
350130
210239
250144
360722
330363
320015
250065
360794
361952
220962
330260
320114
361742
300107
260099
250077
361523
230156
210377
320236
320269
330617
290155
320354
270238
230372
220518
290126
350255
360062
144950aa
300432
221099
300448
361963
320727
350344
144961aa
361087
270411
320781
230380
320629
210078
290083
221363
260112
320018
250400
360384
361735
300521
260088
221435
230445
330296
360005
270138
280105
350111
260215
320151
250302
300479
320977
220943
380011
330185
320633
260195
220810
300190
310215
361155
300018
360010
320839
250346
230502
300161
210005
361186
240347
320163
221095
320026
380024
220717
220109
360209
230350
360784
220919
361789
230176
321018
210459
220337
220116
240103
330424
221272
230342
330138
240185
321081
321052
360282
360776
210358
290108
320529
221333
210405
240383
260170
360219
270365
221436
360251
210086
270204
144953ba
250256
350127
321094
360269
320825
280167
210265
221400
330723
220068
240325
320242
330395
320401
290088
330381
300322
360256
220440
270131
230032
300411
330002
250243
320601
221365
361339
221171
330197
320927
280209
210443
350481
230047
230059
250128
310180
210232
360861
320738
220213
300400
380008
250323
221057
361839
220492
300015
250195
361606
360211
360403
320045
220617
350103
330048
221372
330639
360079
361923
230328
280136
360943
330422
221125
250009
220836
360533
230099
210057
320774
361980
330572
220240
320052
310098
350091
320723
300165
210058
240366
270395
350422
320226
300503
260325
260122
330727
210187
360799
361770
310140
360732
361024
221120
361943
280063
320930
270105
310047
350134
250149
361285
210243
270405
300401
290179
330570
360364
270303
361864
360048
350072
330287
260280
350480
361870
250057
220158
220850
330683
361046
360777
320537
350200
300489
361681
361210
330145
260148
320552
144960ba
330597
260183
350479
330477
270312
221390
210016
220671
320632
361560
360109
230105
270483
210237
260126
230097
300517
320672
330644
350285
310107
310299
321009
360851
360990
361323
310041
210344
221100
220419
210363
250374
330684
260361
310093
360586
350458
360746
350303
320364
230234
300156
360252
240024
320116
250123
280222
260307
360177
270086
290020
290021
280071
330472
230414
260022
361467
330429
360914
300079
240222
320230
221415
310037
330652
320271
221188
320980
270262
350073
310268
260340
260260
210260
360272
320445
240327
350379
321003
260109
260313
320686
290013
320434
230112
360956
210425
330171
230447
361474
230179
240244
360890
221179
270474
220038
320055
240419
220188
361598
330753
361159
280085
220592
220306
320234
230340
320946
360341
144980b
220184
260207
221165
240139
300260
290159
321070
280214
221263
360066
240084
230363
350455
220159
300002
270315
221401
360516
320608
221203
361136
320121
230326
210140
14063
320550
250392
210246
221267
320859
330448
270135
330539
290085
320855
260281
230319
300444
210134
360064
330339
220711
320392
260060
330379
300264
321107
320008
210286
330306
300257
270357
321007
320826
360218
290148
220935
300391
350437
210394
300133
360130
250100
361555
361052
330209
250411
361616
210452
280054
220947
250285
350028
250177
240138
270286
220275
310105
220451
210346
320205
221286
361946
361077
320290
230273
320502
210177
320337
210282
220301
320548
360052
280145
360142
220658
220729
221213
210259
360682
210228
321044
230092
270398
330057
300097
221085
361490
270101
361739
210111
230325
290048
270115
230120
221413
300474
260284
361566
330595
330736
361553
144981ab
240164
270466
350151
330207
290003
290063
350459
360319
270497
310184
270447
361753
360663
300076
360387
220538
210423
320879
260158
360909
350417
230084
310027
300250
290049
220660
300129
290188
361235
220115
310287
360039
270302
230226
360429
260292
320769
360946
320716
360111
220707
321039
221167
230529
210448
330067
220552
240089
330252
360416
320158
310213
260029
220461
360402
230267
270158
300431
360815
270010
221380
330263
361396
240257
361127
230351
270044
220094
220083
361622
361292
320772
330078
250028
310205
360208
320308
270077
220194
330073
250160
320476
320260
361983
320156
270136
330516
330594
250348
220666
361213
300386
360997
330251
230358
350350
220479
221193
221247
360370
280220
220784
380004
221411
230121
320069
360838
350070
361297
320908
360509
210370
220884
220484
361306
320570
360098
240361
280223
330030
300377
361216
290170
330068
300458
270318
320666
240246
270001
250286
250333
320945
270283
350233
361152
250253
240254
260011
360515
220380
230538
250058
270121
290080
270194
240372
250206
221199
220263
210478
270239
270196
361503
210007
230462
250244
320610
361333
310137
220286
220467
221410
220224
230493
361565
220531
300102
250321
361830
210391
361234
230137
300472
320161
260089
320903
210373
210362
270076
360181
360265
360938
320170
330645
320095
330544
210351
240134
230132
360583
350207
361340
210205
350299
300207
360556
300069
361969
361325
360759
330636
210429
360237
240216
361631
220516
240251
360726
230011
300369
320072
361273
380019
320357
360495
361971
360967
270401
360090
320431
300200
300146
220477
290143
360526
320197
250068
230171
361982
220968
300437
320708
240259
220958
361160
360823
320062
270034
240217
230038
320581
361369
210236
240263
320994
210382
144992aa
330120
361416
330641
220507
250087
320648
260100
360973
320343
240227
250042
360650
310061
320361
361569
230093
240083
144952aab2
240258
360870
320659
361750
210200
210474
361324
280116
330512
360977
320013
300124
350287
144930b
290023
220786
240223
230264
360490
230468
250052
280022
361040
361045
360038
320007
360250
361149
330591
330006
144992ba
230353
270282
260314
210191
221282
221020
310078
220510
360621
280226
270020
361691
350451
144971aba1
280160
221385
361951
220925
220801
230382
220520
330191
330166
240220
280212
321021
220209
350251
361908
300089
230056
230317
361907
360120
210014
250156
220782
320435
270484
230252
320951
360506
250397
220731
250191
361013
220575
240307
320713
221082
210249
361698
330743
260026
260014
144990ba
320300
230246
330032
330616
320573
310208
360912
280040
361906
320649
360456
210013
221067
230377
361743
220396
270074
360124
350265
260038
240454
220335
320153
240394
361362
330694
220364
300072
320953
230018
320742
330672
320241
230117
361672
144971b
250047
300130
270326
360496
350114
270331
320444
320098
350177
220485
250181
270108
240381
210119
221266
330174
350080
361780
360375
361176
350284
230166
350058
220096
220186
330241
300164
330134
220664
330290
210118
270266
240200
310099
221338
321056
330239
320100
320938
230466
360790
321037
300261
250358
270333
361498
361585
361170
360167
361145
320420
310152
360337
230524
320746
330603
361479
210081
220299
350237
320054
361468
260035
221061
310141
260004
250196
300061
350404
360908
360285
220721
220223
240370
350438
360566
321075
361938
320940
360798
300569
270216
320670
321019
220785
250322
221064
350138
330552
350472
270294
360857
221383
270334
270363
250347
220540
260081
230542
320898
240405
260312
260127
210435
361868
250180
350228
320237
361494
310142
320972
220161
320483
360385
210315
230207
320729
240395
320958
330305
361238
250237
320220
330212
270066
210400
210010
320322
230366
220031
230186
360071
270343
221063
220037
321072
210222
250238
310060
360054
330255
300475
310031
144961bb
230081
221265
361397
330687
260237
361656
144961ba
300159
310025
260041
360849
320423
210481
330374
221309
320674
360953
360609
240004
330246
361897
330503
300326
230242
260234
330473
321059
210352
290173
260138
270515
330588
250234
221346
380030
270130
320591
330542
310024
360542
350018
221302
361896
350327
361003
210479
350397
220411
320335
360658
360933
220205
300092
220014
220469
300552
144991bb
310084
310039
250274
270093
210409
210295
360796
220508
250359
310048
220882
361533
230500
310313
330164
361512
350079
321048
270252
250118
250332
240286
230185
360076
280178
210213
320576
361795
280002
240352
230196
210440
330403
300273
361039
360664
360471
360394
321102
210036
260018
321047
270300
240045
221407
330447
220203
300390
350015
220089
310219
290015
220193
270207
360469
144951ab
220436
210209
361421
321068
221289
330701
210359
300189
260056
220745
350247
361011
221083
320752
360393
221426
350033
210305
320404
220509
350022
361581
330005
361169
361266
320391
320867
360944
361469
320387
240311
361850
240098
260354
320141
220818
220098
360535
360015
360259
270126
144923b
330267
300276
210354
320374
221151
230177
360113
330579
230052
350229
221261
330462
360683
310121
210089
361668
321030
220369
360644
240167
230042
360332
300225
320031
300587
230404
250208
361774
270344
360906
350109
300327
230437
210028
144973b3
220615
320580
330127
220442
360951
360605
230158
361596
240389
320606
260157
330218
210052
260104
300187
290006
361274
360454
221014
260093
350135
310072
210248
250070
360593
280192
270508
250344
290001
361353
270055
320572
220340
361586
361389
361371
220291
220920
350003
360329
300027
360331
221066
210159
210151
380026
300342
290140
360261
320667
361484
144933ba
230469
260263
320381
300127
280035
330470
260070
360422
320660
350296
320956
361654
210445
250063
360736
361807
230206
220597
361875
320751
250176
270205
360206
330049
310249
360383
310155
350164
320112
350312
350319
320475
320017
330582
380001
210245
330550
330562
290109
220310
220765
360631
240141
280233
361230
144963a
240039
320065
230471
320195
330047
300082
230364
361511
361158
361420
330745
14044
221335
230367
221141
360236
240343
361301
210044
230301
270427
220273
221212
280117
330358
330224
361066
210261
330205
220623
220608
210430
360768
230003
230187
270362
230347
300435
220377
250159
350492
360180
220559
361685
320325
230124
220127
220339
240184
330610
361137
290041
330551
360324
260326
320133
250306
240151
361529
361016
310309
361329
350044
290110
210033
220997
270113
361643
300441
210242
330741
320918
320057
361573
240301
361559
330755
320925
250224
320115
210198
220304
260184
320370
300117
260277
300420
290176
361493
210093
250096
361772
300535
361487
300287
310300
350064
330538
230150
361568
230381
220843
360576
360745
360056
250239
360295
360773
320312
360913
360568
220798
250290
330731
350034
270493
260185
210247
321020
361745
270512
260199
221088
310068
220610
361097
250289
360761
350110
321093
220149
350281
260293
361245
280060
330103
330658
350141
350144
220476
220773
210254
210484
350402
321015
361524
221340
260110
310103
250207
360550
230297
350326
240306
330323
290007
300048
330261
361785
321067
360656
240278
221038
360361
361514
210098
230262
210428
240335
144950ab
280070
220829
310119
350086
221164
260097
330269
250309
310274
330157
360465
320261
221367
144933bb
220177
330087
360839
270056
270443
330329
250284
320901
320183
361099
250137
300120
230331
320123
210234
320801
350244
260082
250221
360484
280135
220208
14071
330648
361243
361940
210312
270517
260116
250324
320991
300555
310282
320176
144943a
360603
360023
260198
361237
350031
360232
361162
290145
220673
250048
330530
270317
230160
250389
230025
320605
270208
280045
380014
361782
330598
350037
320871
220723
220464
330668
350340
270455
260337
210255
270287
330137
350434
221033
230163
240276
221136
220817
361648
300099
210178
210291
300416
350222
260044
240109
144922a
320905
330133
300463
350090
360642
230279
350167
350205
260182
220248
260196
250173
300522
361289
290119
361448
280205
270198
361378
320733
361167
300023
320127
230136
361327
221389
210490
230467
280200
330373
330119
220653
260256
320283
330732
210112
350310
230298
280150
330017
220562
320196
221045
220501
221232
361412
361584
220944
220595
250145
144992bb
221249
361988
260272
330599
260343
300201
220576
350047
220021
310174
330402
361408
300206
280096
330042
361082
330266
221106
280161
321024
210299
360186
361199
230090
350226
350227
320359
221030
361845
260224
280172
300340
330240
220004
350449
361012
320762
144920ab
320375
360940
220496
320893
220060
210321
320662
310049
320083
380025
320696
230438
221438
320443
220560
260210
221327
230534
290018
360812
361009
360437
350174
300358
330092
290095
310265
210492
221176
300009
221368
230248
240015
320805
220946
321084
320105
250291
250304
221130
330385
320089
361933
220311
270272
270431
220320
210357
350059
240336
320531
330245
300347
360574
280171
361463
320981
330184
240376
221304
260096
350013
280225
280232
361032
320779
300413
300278
321108
360939
361879
321013
320302
210156
220495
270229
320694
330722
260187
320607
350249
210171
361014
144961ab
350152
250281
320132
361470
280231
240137
230202
350112
270226
360930
280049
250199
330660
220474
361947
320959
361055
300360
240280
360286
230441
210227
360735
290147
221089
350365
300142
360654
360449
220822
300509
320768
270155
361070
220741
220187
260287
300194
144912a2
320907
144973ab
270353
320084
350051
310305
220621
270048
250107
330635
240030
360816
240182
270454
350055
230537
361526
361713
360597
321002
230140
350253
300197
230235
361075
361343
361256
210064
310127
220565
350290
300014
330235
320088
221259
300302
220964
280165
320891
270147
250045
220230
220264
144951b
270050
350193
220871
361454
310261
361143
360636
320920
361688
320619
300135
220771
300385
240076
360602
240052
350124
361679
361901
361140
230434
330259
361304
144952b
350108
360764
361692
330464
250076
14036
360343
361507
250006
320217
240123
350050
240413
290058
360588
300419
350421
221370
144990a
361357
360133
360950
144921ab
221075
260223
240421
220709
220903
290178
270183
361764
230211
361501
320474
320403
220611
240090
230209
320983
290127
210103
210487
321057
361638
320149
220346
240053
220199
220433
210149
310102
360126
350372
270449
240326
320478
221175
360612
210463
300274
221354
361763
300041
230083
300357
361182
270462
250258
210420
210231
300005
280124
14056
360734
210050
360523
360152
221128
270109
361710
280023
350239
250394
220541
361895
320856
330214
360529
361222
330380
300084
230208
320604
300428
210379
210469
220701
320849
360493
320317
210331
221359
270304
240232
361633
240425
320988
260336
260332
361364
220713
360400
220051
360348
360762
221078
361391
360750
320439
320726
260246
360423
300137
361590
300375
320281
220195
300047
360949
210173
240406
350016
330587
320351
221341
221160
300594
350105
360881
220191
300412
320411
300480
350163
361852
310220
144913b
220005
220537
220766
220670
220227
250010
230472
260201
310207
144932bbb
230531
330182
220283
350121
300271
300241
310266
290151
240287
221115
250384
310297
361547
280093
240186
260108
330299
350323
360749
220136
220171
320989
330699
220212
240021
220323
310168
330556
320722
310233
250215
300132
300455
350098
220529
320577
221315
220282
330643
260155
270457
330098
361869
360731
361456
221246
260117
230057
380021
270042
220140
361663
230258
250254
250204
300019
350354
240354
300306
310130
144932bba
300563
290051
280058
350318
310018
290154
250242
360618
260219
221229
290100
360925
360613
310257
361156
300239
350407
220341
230169
280142
270047
144951aa
320676
144910aa
210139
310246
321053
144983a
250383
240207
361614
300282
270471
300295
360665
350169
270352
240074
230100
300353
320539
270437
250213
361647
350089
210438
350107
330619
361440
320298
220640
350375
240199
350191
320407
240175
221308
210454
330295
280032
220534
300595
360290
320166
290104
240396
350009
221003
320035
320819
360117
361894
250356
270364
361007
360445
361096
320711
330154
330510
320841
310270
330496
220894
220298
144982aa
361453
330577
330377
230058
221161
320451
210292
320380
220179
320519
361828
250035
221192
300258
270463
270270
361696
230453
361445
280103
250069
320865
320157
360670
210378
300122
230001
230265
320358
250152
330195
240380
230220
360350
360159
144971abba
361577
361975
270422
300320
330027
361676
320106
221364
290168
361249
280184
360287
220393
321077
230199
221026
270078
330421
290161
260107
330549
240416
260296
240433
220267
260242
230419
360028
210206
360578
221382
221428
361053
144922bb
290175
350495
321023
320207
330749
270368
330217
210043
310019
260248
220400
230387
240019
320563
250089
250175
270359
221022
250031
270180
320490
320468
220835
220387
320488
361223
380017
221197
230172
220728
360129
221402
14038
360792
221143
270475
361379
230127
320919
320326
280141
320892
260278
300373
220949
361609
330122
330410
361284
360803
300379
320791
310217
350395
220603
350361
330201
330288
230174
270472
300553
260083
360378
360729
360257
320797
330476
280158
260226
360011
220353
270235
230114
330626
270507
220697
320569
250030
220424
350355
221096
270200
250007
361344
320535
330317
360084
240279
320921
350118
220414
320390
221218
260211
361723
221349
361153
240312
220877
220408
220156
280195
361360
361047
250016
320389
360247
210095
320695
250138
330415
360065
221069
250099
361422
320588
250164
230222
210224
300381
330461
350267
270008
260216
230355
240059
361069
