1003697
1011762
1006744
1004823
1007317
1011377
1009314
1007035
1005162
1003660
1006886
1007534
1007808
1012514
1005608
1009311
1006289
1004253
1011346
1000227
1000375
1012458
1009690
1002329
1001521
1004145
1011448
1010909
1009793
1001535
1011970
1004399
1011218
1003820
1003414
1001421
1009679
1002431
1012430
1010400
1006325
1006089
1005854
1011692
1012364
1010586
1006314
1009105
1001095
1002369
1011011
1007786
1010877
1012307
1002567
1012782
1012661
1009190
1009448
1010641
1009264
1005171
1001496
1006728
1006339
1004188
1012301
1002994
1009305
1011799
1003343
1003838
1010810
1002904
1001009
1010168
1002917
1005240
1002270
1004595
1010945
1005173
1007569
1004089
1006187
1009968
1004532
1007763
1007412
1012400
1007849
1003420
1010755
1002999
1003925
1006297
1001598
1001430
1012325
1003915
1003843
1000971
1001208
1008973
1012283
1010959
1012239
1000757
1012328
1011689
1010942
1002278
1002547
1004888
1011062
1004281
1003513
1002998
1007138
1005170
1005537
1012845
1011044
1006225
1003525
1011760
1003293
1003107
1001690
1000363
1009416
1004344
1007224
1009716
1001569
1008813
1004916
1012133
1012266
1004310
1005807
1001063
1003378
1003942
1004912
1004449
1009335
1002582
1007799
1011513
1009685
1002843
1003517
1001316
1010804
1004040
1004000
1001705
1005368
1004899
1003466
1012526
1001640
1004137
1011226
1004510
1009020
1002384
1006798
1000389
1009687
1011823
1004097
1000632
1008980
1005429
1000744
1011613
1004813
1006874
1009382
1007388
1006949
1009193
1009042
1000894
1011299
1009668
1006893
1003658
1004629
1010084
1012232
1011867
1000572
1001024
1006646
1006396
1009973
1011696
1006382
1008822
1011531
1001178
1005246
1004024
1001453
1009666
1005950
1003024
1002374
1003461
1002924
1001794
1001495
1007362
1000495
1003400
1007466
1002948
1004085
1005181
1012553
1004870
1001860
1004955
1002909
1004378
1001321
1004191
1003548
1007563
1003390
1011563
1004794
1003811
1007135
1012199
1000138
1005492
1008803
1005578
1011253
1003951
1009061
1001909
1001348
1012295
1001075
1002919
1001157
1006500
1011782
1003639
1006177
1004875
1005774
1006027
1012383
1006244
1000186
1006035
1006414
1007180
1003916
1006824
1010423
1001819
1012124
1001633
1010091
1010624
1010763
1002318
1010723
1000715
1012776
1007506
1011326
1006972
1007546
1004891
1003229
1002142
1000472
1011636
1007128
1012767
1011749
1010402
1005961
1004995
1011650
1008940
1004434
1004869
1000683
1005757
1006211
1012367
1012240
1003512
1002515
1001957
1003906
1004293
1006016
1009688
1002489
1005785
1003239
1010340
1011721
1007266
1003661
1002723
1011681
1001914
1010983
1002241
1002247
1001193
1006242
1011475
1011063
1011499
1002046
1002320
1010827
1005940
1010262
1000056
1009282
1012412
1002206
1006992
1004419
1010621
1011685
1010507
1001719
1000498
1009702
1000147
1004993
1004618
1001057
1003075
1004645
1009741
1012015
1009576
1009701
1002389
1001977
1005330
1003636
1001381
1005941
1005007
1003941
1006229
1003133
1009925
1007608
1000789
1009451
1002651
1010859
1009807
1002096
1000558
1004425
1003741
1007815
1010847
1001947
1011795
1004011
1002113
1002423
1009156
1002500
1005890
1003290
1004443
1001369
1000655
1001288
1010182
1010398
1007860
1003779
1004978
1003652
1009068
1004183
1007443
1007380
1003223
1005049
1009877
1001167
1007643
1012029
1009413
1004209
1005080
1011616
1004283
1007123
1000777
1005506
1002653
1000630
1009259
1012788
1010776
1006685
1009227
1005861
1011067
1007083
1005816
1000969
1009546
1005630
1009729
1001602
1011177
1001226
1009940
1002684
1010730
1009625
1006279
1006867
1012372
1012808
1006518
1007790
1005216
1010519
1000370
1011351
1003588
1001104
1011693
1008844
1004705
1011048
1001536
1007147
1001775
1006164
1001779
1009387
1004339
1009139
1010254
1002388
1009518
1001345
1006252
1000930
1002647
1011210
1002435
1005655
1010844
1004639
1004343
1011991
1010092
1003969
1002173
1005694
1005647
1012533
1012303
1004977
1009345
1012469
1006976
1006124
1000050
1000160
1010200
1009300
1002036
1011896
1003470
1012371
1009848
1006449
1009015
1000913
1007836
1004402
1012235
1006724
1007153
1001637
1009939
1006823
1001435
1000150
1002067
1011743
1001853
1000941
1003200
1005150
1010876
1006511
1010554
1005667
1010775
1007802
1007797
1010395
1012136
1006468
1000946
1011986
1002060
1003014
1004151
1006598
1006914
1003500
1011132
1009378
1009164
1012974
1009838
1003640
1002654
1009167
1009466
1001487
1003446
1011567
1011787
1009919
1010744
1010378
1000290
1010166
1002400
1000196
1006852
1011564
1007501
1000553
1000586
1001093
1001476
1000201
1000955
1006791
1009798
1003022
1001054
1001016
1002288
1001877
1006998
1002185
1001444
1004161
1009071
1001184
1003211
1002918
1005688
1011050
1011131
1007605
1003980
1011010
1005074
1007688
1006109
1009186
1001930
1010531
1006817
1009294
1009538
1010781
1000461
1012812
1010403
1006885
1003766
1002820
1004092
1005736
1011268
1000820
1002234
1001283
1009196
1012005
1010654
1005182
1012251
1008866
1010555
1000368
1005416
1003606
1004945
1009678
1012868
1008818
1011319
1012899
1005125
1003395
1009573
1007435
1009093
1001339
1005585
1007322
1006286
1001268
1007219
1007421
1009511
1010450
1010992
1000673
1009967
1007583
1001563
1001146
1011602
1001238
1001275
1010342
1012190
1009420
1004702
1003321
1003758
1007148
1007134
1001195
1004892
1000238
1003721
1007411
1004475
1011203
1006799
1012879
1001610
1009108
1007776
1003322
1011066
1003874
1004563
1003551
1012185
1009082
1009228
1010598
1011587
1006986
1004036
1012906
1006088
1002059
1011950
1000446
1000209
1007281
1003752
1006953
1009753
1000805
1004329
1002680
1011728
1001333
1004992
1001534
1000596
1008993
1005640
1000239
1004424
1012983
1011101
1000863
1006368
1003375
1005523
1000302
1003386
1001969
1011512
1010192
1003733
1006637
1000581
1006554
1000402
1005184
1006930
1002090
1006787
1011633
1000113
1007625
1004800
1008964
1011488
1001161
1008889
1004439
1007755
1001746
1009879
1012287
1010822
1007298
1001621
1005937
1002005
1010429
1004025
1002958
1010600
1002734
1004829
1002806
1006044
1001866
1006493
1012282
1006921
1011073
1001871
1009349
1004131
1000194
1012663
1007400
1000451
1009972
1009788
1006910
1008931
1000640
1006766
1002197
1012245
1002686
1007723
1003496
1002799
1010316
1012925
1006785
1005726
1009956
1011185
1006745
1005842
1009434
1009651
1007042
1012653
1009242
1005472
1000459
1000449
1010773
1005561
1010957
1007197
1006963
1006273
1012809
1000857
1006943
1012176
1005612
1007490
1011620
1007031
1002258
1011838
1009331
1006440
1005668
1002122
1004719
1001971
1001691
1000807
1008825
1009566
1005264
1005064
1010646
1002748
1011055
1012169
1011153
1004109
1004603
1000556
1010896
1002950
1004776
1012648
1000419
1001952
1001241
1001005
1003263
1006870
1003000
1001978
1009705
1004138
1009217
1011032
1010261
1012252
1007199
1007070
1006895
1010246
1004408
1004038
1005317
1005397
1001764
1003482
1009832
1007192
1010696
1002769
1005500
1011934
1009180
1012356
1002402
1012866
1002606
1005952
1011154
1012297
1010100
1000453
1009842
1000679
1010727
1005783
1003759
1005471
1006794
1011222
1003830
1002945
1005524
1012354
1000973
1009652
1012339
1010135
1012828
1002429
1004592
1012610
1004558
1004529
1000945
1007374
1006667
1011737
1001855
1010098
1007169
1006499
1001614
1010615
1006217
1011674
1001279
1009527
1006060
1011929
1007310
1003545
1002128
1009750
1010868
1001553
1009547
1009258
1003221
1006041
1011361
1012070
1011086
1010468
1004935
1005853
1011176
1009709
1006663
1011149
1010891
1010030
1005790
1003479
1007651
1003027
1007610
1012403
1010419
1006657
1012606
1003583
1002297
1003956
1004614
1006345
1004479
1005901
1004015
1006472
1010154
1000699
1003025
1000505
1001347
1000295
1002269
1011313
1002310
1009839
1011798
1002043
1004546
1005053
1012748
1009243
1011005
1009477
1004726
1011732
1003226
1012434
1000193
1000088
1012353
1005223
1002222
1004931
1001452
1002073
1000902
1003110
1003204
1001773
1007330
1007065
1010505
1000836
1002311
1010737
1009395
1011565
1009598
1007202
1009400
1011094
1006431
1008974
1012569
1010845
1011118
1005501
1007535
1003373
1006040
1006080
1005373
1000933
1010344
1002239
1006378
1012158
1003438
1003432
1011002
1003403
1012912
1003797
1012778
1006967
1007200
1004357
1012714
1010989
1001253
1011642
1010523
1012228
1011712
1001352
1006147
1005614
1003269
1007861
1003858
1011114
1000727
1004890
1002930
1000282
1007043
1005700
1009487
1003946
1000242
1009835
1002095
1009435
1002891
1010325
1000883
1000069
1001529
1006192
1006997
1009070
1000950
1005797
1004729
1002531
1004526
1004947
1005921
1002188
1006104
1003115
1010428
1000594
1002676
1005017
1004114
1003929
1001548
1001318
1005883
1002157
1012237
1000162
1001246
1002623
1004601
1005661
1004251
1009057
1007540
1007855
1001718
1002643
1009507
1005032
1006009
1005635
1005083
1007789
1006308
1007076
1012192
1006524
1005824
1004509
1004650
1012777
1005725
1012888
1007505
1000739
1007261
1010881
1005865
1012834
1012593
1011504
1005899
1000111
1012989
1001457
1008949
1001679
1001302
1012315
1002611
1004247
1012964
1011306
1007740
1006858
1010765
1010181
1012873
1004987
1005912
1000463
1002890
1003245
1004459
1007433
1002711
1007395
1012342
1004782
1000527
1001623
1005657
1010456
1000313
1010129
1000114
1009145
1010037
1007862
1004778
1001271
1007159
1008997
1005932
1012712
1006860
1010259
1001214
1001303
1001557
1010643
1004135
1005764
1010276
1003634
1007073
1001801
1003308
1010369
1011446
1009522
1001581
1011119
1002505
1012260
1004769
1000947
1012132
1007360
1005595
1002920
1009856
1002432
1005052
1004656
1005012
1005947
1004819
1008830
1009563
1011327
1004147
1009006
1010572
1007338
1010675
1011043
1001601
1007352
1012576
1004208
1001963
1012026
1005548
1011304
1012023
1004445
1003579
1003962
1000366
1005951
1005102
1009776
1001891
1005089
1009076
1003305
1006726
1009844
1011995
1005817
1000250
1006438
1001013
1002230
1007835
1005209
1009647
1002888
1005437
1005186
1002366
1002631
1012373
1009624
1010437
1006937
1010111
1010792
1002390
1007747
1002506
1011695
1012650
1011687
1011717
1011414
1001366
1011807
1008987
1005121
1010323
1001361
1007465
1011519
1002309
1011924
1009381
1006115
1002840
1012037
1009209
1011969
1012732
1002671
1009704
1006841
1010835
1005371
1002965
1001706
1000235
1007152
1007098
1007771
1009904
1012664
1003376
1012163
1007275
1006010
1003751
1005953
1005545
1005388
1000985
1003648
1000251
1006534
1000181
1001479
1005112
1005949
1000068
1004628
1006352
1009491
1010391
1010541
1000418
1001937
1009246
1001478
1005641
1006567
1001970
1002328
1004746
1000083
1002701
1012421
1003030
1003959
1003006
1004933
1002011
1003701
1002955
1004830
1003172
1005985
1007058
1001360
1006235
1003329
1012413
1008922
1004893
1000702
1003182
1000901
1011214
1002666
1007331
1010406
1002638
1000116
1011328
1004320
1001135
1001179
1010010
1003868
1009754
1003288
1001319
1011316
1004821
1003460
1007253
1012142
1010823
1012515
1006547
1003125
1007361
1012474
1011051
1002837
1007697
1008895
1011347
1007017
1010476
1006362
1005248
1000612
1010603
1000001
1002753
1004940
1002176
1009613
1002812
1007524
1002080
1003131
1011660
1003205
1010062
1004851
1009109
1012618
1008849
1000328
1012411
1000043
1011221
1012633
1005351
1012628
1009014
1004480
1007279
1009655
1010064
1004802
1005021
1000751
1009958
1002202
1010829
1009595
1012337
1001130
1010327
1002233
1000004
1001102
1005906
1004066
1002079
1011173
1003266
1011238
1000053
1011085
1010474
1012703
1000856
1005165
1009427
1010764
1008860
1003912
1009765
1005037
1001638
1010584
1009464
1012955
1003317
1012486
1011387
1004176
1004642
1001292
1012229
1009129
1009593
1006001
1011140
1009769
1000335
1012426
1004033
1006105
1005528
1003555
1004383
1007508
1001164
1006328
1002912
1012549
1012612
1006261
1003727
1011033
1010020
1004117
1012008
1009470
1004833
1003185
1010633
1012048
1012145
1002699
1004545
1010599
1009037
1012366
1006237
1012078
1011378
1003325
1002780
1011287
1007091
1005221
1002856
1006682
1009385
1004442
1005583
1003649
1002848
1000680
1006989
1010769
1009539
1010715
1005738
1001509
1012559
1000994
1001824
1002761
1009531
1012686
1001189
1006768
1006549
1005510
1010748
1006690
1001936
1009959
1008981
1004412
1000810
1012221
1011843
1007157
1006810
1005136
1011635
1004678
1000989
1007773
1009306
1007278
1012149
1007002
1010843
1009549
1006445
1012279
1000338
1009110
1000404
1004972
1012006
1000990
1004898
1010707
1010141
1004409
1000400
1009674
1002013
1003353
1002722
1007820
1011000
1010529
1002394
1011768
1004171
1004585
1001934
1011672
1003134
1010284
1003991
1012939
1002308
1001965
1001841
1003786
1007437
1009134
1006741
1000761
1011339
1007783
1002363
1010102
1007638
1005933
1007781
1010948
1009052
1007188
1007706
1004370
1006243
1005448
1004133
1002307
1010899
1010917
1001252
1000122
1009399
1001648
1005841
1001740
1009422
1000279
1009261
1007022
1007051
1009201
1012933
1012146
1003192
1009340
1009762
1002353
1007434
1010722
1010556
1002640
1011833
1011846
1004540
1009638
1011601
1009137
1000566
1010528
1005079
1009857
1004446
1007095
1006731
1007463
1009500
1004371
1005341
1007007
1012045
1006307
1001203
1005069
1001785
1010578
1002903
1006039
1004768
1010206
1006406
1004382
1002777
1012835
1003126
1009013
1011740
1010736
1000423
1000944
1001108
1012135
1000486
1004410
1003490
1003749
1012494
1006559
1002795
1000249
1003053
1002674
1008977
1006062
1003967
1008857
1012246
1003580
1010094
1010704
1008985
1000140
1012340
1004840
1000888
1004500
1004804
1007260
1006583
1009895
1006268
1004447
1012493
1009929
1011920
1004750
1002617
1001325
1006857
1012870
1004220
1004838
1000016
1010570
1001403
1003913
1011901
1004543
1004934
1008817
1011540
1009371
1011362
1012623
1006455
1003170
1006331
1006633
1009873
1001194
1002719
1009584
1008952
1006593
1002802
1007803
1004900
1001046
1006888
1003120
1002774
1010454
1012274
1007218
1012233
1000037
1005462
1010335
1006696
1009143
1012595
1010592
1010745
1002675
1007293
1002166
1008839
1011207
1012381
1006606
1007110
1010533
1003823
1003699
1005094
1009571
1000642
1012264
1003950
1011307
1004831
1010150
1010739
1007811
1006641
1004492
1006600
1006111
1012202
1004332
1012927
1009104
1012387
1005892
1009570
1002613
1002933
1006411
1006965
1007349
1001323
1003447
1000011
1007772
1003409
1007225
1007596
1012822
1006648
1010007
1007500
1011178
1002869
1003609
1012435
1011403
1011150
1007761
1003244
1002056
1012021
1005777
1012673
1006388
1005478
1002905
1000687
1007228
1004047
1006191
1005786
1009731
1012247
1002823
1007184
1000467
1002957
1011053
1004096
1009239
1006405
1012164
1009386
1001262
1010297
1001583
1000081
1004625
1006077
1011479
1002180
1002580
1005979
1006241
1012943
1000560
1010901
1009225
1005964
1002614
1004214
1009514
1012548
1003650
1006081
1006136
1006038
1009182
1011679
1007682
1000078
1005019
1005697
1012826
1010208
1011842
1004195
1005440
1011638
1005671
1001664
1001789
1006278
1000179
1005337
1000215
1001660
1009577
1000847
1006695
1004141
1002162
1009115
1003813
1000428
1005556
1007052
1010005
1011330
1004559
1010159
1003668
1009948
1011143
1003860
1007114
1003240
1003335
1011919
1009080
1007365
1001599
1000433
1004324
1002964
1000221
1000350
1000425
1001148
1010687
1012761
1011322
1005396
1010853
1007106
1001876
1012948
1001766
1007450
1005060
1007561
1007649
1009923
1001166
1011406
1004227
1009803
1000686
1002858
1001733
1003121
1000317
1002532
1010233
1011262
1005698
1005742
1005917
1003449
1012031
1004973
1003863
1009640
1011952
1004887
1009960
1003488
1007727
1003319
1009712
1004788
1007684
1003149
1006409
1004871
1009749
1009650
1004461
1006883
1009498
1004265
1009887
1005801
1002744
1003080
1004736
1012614
1005336
1012692
1004243
1001129
1000907
1000387
1003433
1000762
1006592
1003184
1007015
1007146
1003834
1003601
1002271
1002068
1012877
1005130
1003508
1002987
1011083
1012816
1005957
1012407
1003478
1009172
1010050
1009723
1001202
1010033
1000403
1012112
1010232
1000032
1009023
1010936
1011677
1007782
1001235
1000784
1010504
1011893
1011562
1006530
1007482
1000786
1007252
1003827
1003644
1011603
1004124
1003382
1012659
1010195
1001415
1003794
1007074
1000137
1012721
1006840
1005769
1006057
1003225
1010194
1009481
1010260
1012352
1005151
1004432
1005331
1007000
1006658
1009962
1006298
1003607
1002475
1002876
1009437
1010405
1000615
1002808
1011190
1009686
1004101
1008819
1002130
1000903
1001850
1000512
1008950
1011359
1005325
1007807
1002636
1006372
1010677
1001781
1000654
1012154
1003197
1003451
1003148
1011792
1005560
1004249
1012930
1000782
1007843
1010473
1010190
1012682
1003681
1007273
1012724
1011610
1009047
1004333
1005024
1006112
1006131
1003465
1009202
1005589
1001186
1004229
1000224
1004936
1000485
1000631
1003153
1004593
1004340
1005955
1000195
1011090
1006093
1005389
1003179
1000121
1001570
1012740
1001632
1002361
1000749
1012033
1000799
1007036
1002357
1001966
1003900
1003687
1000391
1001460
1010227
1003108
1003604
1000714
1006340
1006394
1006611
1002978
1000626
1001783
1001030
1001229
1004976
1010090
1001955
1012596
1001890
1012488
1006901
1011879
1010256
1009355
1004847
1006376
1011997
1012825
1012123
1012311
1000378
1006772
1011683
1008942
1009147
1005483
1001875
1010705
1002922
1001144
1005665
1001488
1010949
1012815
1001634
1007386
1007469
1012477
1005969
1007667
1012598
1006738
1004951
1010121
1012404
1007163
1011654
1005013
1005812
1001831
1000877
1007018
1006048
1000064
1002629
1005199
1012971
1012962
1007233
1003659
1010461
1006626
1008975
1001731
1012739
1010698
1007178
1012310
1010569
1010618
1003297
1011756
1004389
1000991
1001792
1007343
1002228
1006212
1004564
1009787
1009606
1007258
1011865
1001837
1010144
1009870
1005285
1002196
1009698
1012954
1000957
1012396
1003023
1010869
1001734
1011686
1011350
1011866
1002592
1007333
1006806
1011694
1001580
1011576
1004895
1002086
1002648
1011518
1004666
1009094
1009878
1003232
1005176
1006908
1007185
1007471
1012390
1005593
1005197
1001011
1005026
1000910
1001218
1001737
1005326
1002587
1005458
1005858
1006979
1010975
1004027
1003880
1005680
1003324
1004990
1006771
1007229
1003082
1012489
1010501
1005696
1004262
1006395
1012913
1001463
1004991
1004327
1001530
1004476
1006558
1011505
1001935
1003667
1007405
1011259
1001032
1007510
1009614
1000661
1002700
1001933
1001228
1006311
1003122
1006588
1009594
1009468
1003760
1000838
1001625
1006346
1001527
1012147
1004267
1004381
1012100
1002834
1006446
1005959
1005211
1007212
1004652
1004223
1009389
1011204
1005251
1006758
1011332
1002804
1011640
1004146
1003576
1012998
1012069
1000801
1002866
1003434
1012053
1012969
1010893
1010459
1001458
1004170
1003429
1008804
1007753
1000199
1006263
1001879
1000330
1003303
1007733
1000340
1011276
1010242
1001236
1004071
1009930
1005208
1011348
1002741
1004394
1006546
1004377
1001481
1005963
1007367
1006721
1006092
1001597
1010754
1007247
1006977
1008966
1001889
1002746
1005097
1009046
1010562
1004260
1004798
1010544
1009772
1012521
1001043
1002697
1011905
1009290
1010167
1003805
1011171
1000667
1006654
1005610
1012512
1006350
1003102
1011027
1002764
1009866
1001033
1010251
1001391
1011909
1011292
1001211
1005750
1003571
1007195
1003484
1003100
1001207
1003441
1002790
1005550
1006966
1000095
1000790
1000172
1003635
1000977
1011390
1003641
1009792
1011874
1000643
1006813
1003507
1012699
1005362
1003151
1005572
1009289
1007593
1004335
1000606
1001257
1012711
1005628
1002561
1012775
1011933
1001776
1005760
1003864
1011766
1003356
1002154
1005276
1005632
1004868
1012644
1009031
1002603
1009770
1006488
1012857
1012254
1007817
1003564
1011793
1011917
1004421
1009619
1010882
1005622
1006176
1001307
1010209
1004501
1009610
1006833
1003617
1011072
1005908
1001073
1006398
1005071
1000151
1002109
1012719
1011574
1012718
1002714
1008894
1012910
1002983
1002932
1004536
1007679
1002391
1005257
1006582
1006740
1005004
1009392
1009989
1011808
1004731
1012459
1011087
1003119
1004730
1001556
1006601
1001786
1011283
1006356
1006869
1003523
1009130
1000386
1011152
1011822
1010681
1003058
1009200
1009632
1000410
1001153
1011809
1010849
1010762
1005970
1007345
1003647
1003371
1003070
1002533
1010103
1002444
1000758
1001864
1009238
1011701
1011391
1002556
1003078
1002433
1010758
1010326
1001822
1007486
1002010
1009665
1012727
1000855
1009088
1012902
1002626
1001035
1010087
1010043
1011850
1004496
1002254
1006619
1004648
1006389
1003574
1007653
1007300
1007062
1012155
1012579
1003543
1006786
1007220
1000575
1000134
1002731
1006890
1010458
1002426
1002146
1005732
1007085
1004928
1000044
1009073
1012508
1009411
1007813
1012388
1005109
1004185
1004522
1007263
1006254
1007390
1004193
1003213
1010900
1009211
1004512
1011250
1007830
1012462
1011884
1012496
1009298
1003099
1011084
1010972
1004579
1006473
1007318
1005540
1012961
1004975
1003694
1010887
1010097
1011017
1003905
1009128
1001140
1007683
1002448
1003876
1001376
1006777
1004035
1003850
1005674
1007422
1011194
1007181
1000538
1012829
1002071
1001320
1001686
1010511
1011061
1002727
1002203
1006145
1005926
1011887
1012883
1012882
1006341
1001312
1005946
1010923
1001839
1010716
1001849
1002801
1000496
1010219
1004886
1011812
1001790
1005322
1008829
1001168
1000997
1005781
1006448
1004689
1006877
1009777
1007438
1010741
1007721
1004405
1007143
1009266
1005834
1003231
1009043
1012395
1003918
1012660
1000921
1006442
1007231
1009954
1002980
1004523
1010627
1000191
1007768
1000732
1010138
1002765
1011676
1000555
1011145
1010011
1005895
1004444
1005107
1000788
1009946
1004789
1002792
1010703
1007156
1012480
1001471
1003005
1003337
1006030
1003706
1000303
1011438
1004463
1010907
1001007
1005818
1002481
1007725
1003483
1002941
1010231
1012230
1003298
1001905
1010819
1002190
1001014
1000241
1003186
1003090
1006631
1009997
1005105
1010867
1010751
1011365
1012745
1003686
1002136
1001094
1004505
1004781
1001645
1010183
1008910
1004774
1010277
1001870
1000420
1011772
1011989
1002729
1005243
1010346
1002609
1003054
1001635
1007660
1006562
1011612
1004980
1010943
1004154
1005412
1009938
1010699
1000669
1002661
1009473
1010509
1010472
1011992
1007791
1010749
1000494
1003541
1009670
1010757
1005779
1005015
1001285
1012636
1004264
1007680
1011089
1006635
1002260
1000092
1011487
1000882
1010187
1011093
1005084
1007626
1005232
1003528
1007739
1005300
1004356
1012374
1006197
1009689
1002105
1005729
1001677
1006232
1009544
1000579
1000476
1009429
1006228
1011231
1005811
1002129
1011912
1012066
1003051
1004354
1001749
1000080
1012051
1005746
1009322
1004938
1009192
1001983
1006456
1001199
1003374
1007615
1005482
1001561
1009859
1012977
1011195
1006355
1009279
1010112
1008850
1005888
1001469
1011424
1003265
1000233
1003581
1000649
1011166
1010462
1000665
1001847
1006037
1009908
1002568
1004080
1009433
1001100
1004297
1001745
1008870
1005620
1011553
1005308
1011521
1012278
1012313
1001670
1010510
1005188
1005934
1010463
1004073
1002245
1006835
1000108
1012050
1008963
1006630
1007562
1012642
1005793
1007468
1012336
1010016
1005876
1009218
1012511
1000696
1001554
1002148
1003892
1003501
1006127
1012561
1007196
1007765
1001865
1001809
1006708
1009346
1011451
1000672
1006224
1012389
1011088
1009840
1006560
1010812
1009673
1012646
1002114
1011559
1001411
1004743
1007223
1002038
1012122
1004822
1008960
1012348
1001836
1009476
1010671
1009285
1012028
1005066
1001972
1003715
1002725
1005442
1005993
1004232
1004717
1001477
1012503
1011168
1004126
1006410
1008834
1006674
1007513
1002655
1004902
1005747
1004780
1008888
1012220
1005311
1010695
1012530
1004100
1003040
1009181
1004307
1012188
1003097
1001047
1005194
1001820
1010267
1010324
1000956
1002590
1001377
1012498
1005497
1006369
1008858
1009644
1011895
1010052
1001097
1001183
1002460
1007778
1002064
1004810
1004952
1007154
1006725
1001205
1005043
1003123
1012652
1012054
1004367
1006878
1001300
1004206
1000986
1010066
1009715
1000923
1009281
1002915
1010488
1006417
1004707
1005129
1006121
1003280
1010774
1012565
1009920
1002517
1008961
1003031
1001201
1011042
1005653
1004255
1001103
1010740
1007533
1000708
1001538
1005573
1002871
1005128
1007046
1008879
1011764
1009376
1001730
1007054
1005309
1011591
1012401
1001816
1004406
1008864
1006075
1000499
1010521
1009540
1001375
1010988
1001422
1001099
1002387
1012862
1000336
1006677
1002262
1002201
1004866
1006309
1006624
1012402
1006973
1003360
1003050
1008951
1006773
1005910
1000426
1011014
1010608
1005931
1009224
1009460
1006149
1010929
1006849
1003320
1001329
1012560
1000198
1001762
1012581
1001868
1004288
1006435
1000590
1002284
1004697
1000252
1004437
1009790
1004749
1003139
1010550
1008846
1003477
1003746
1002873
1002125
1010664
1006814
1007426
1005282
1003455
1010848
1007115
1006672
1009229
1003270
1006264
1011386
1012436
1010165
1001895
1011802
1002061
1011736
1012852
1010028
1012997
1010801
1003651
1012510
1001237
1011665
1010390
1006988
1011583
1009542
1002692
1002569
1011227
1005740
1005075
1011855
1002340
1008872
1004391
1007309
1004289
1005832
1007584
1005621
1007394
1003419
1012392
1006933
1001804
1009056
1009226
1004715
1002141
1003557
1003330
1012723
1010692
1001942
1006103
1000285
1001078
1000734
1000747
1000831
1011542
1001132
1006285
1005436
1004217
1009783
1000543
1012118
1009271
1009949
1004745
1002365
1001851
1001289
1012537
1011111
1002597
1000839
1002656
1005714
1012797
1006566
1002138
1005086
1011318
1001335
1001295
1009975
1000035
1007366
1011599
1004979
1000548
1005717
1009256
1007126
1012590
1009402
1000854
1001938
1002168
1007715
1006305
1003865
1001056
1005461
1001753
1004989
1010070
1006214
1007549
1000207
1000371
1001272
1010350
1011606
1009315
1010982
1003603
1006487
1005293
1012671
1009364
1006437
1012347
1009406
1011420
1007078
1004763
1004484
1010197
1005512
1011703
1010980
1008918
1012836
1004334
1006185
1012578
1004737
1009768
1009207
1010588
1007299
1000411
1001739
1001903
1006108
1008854
1003230
1009700
1001939
1008851
1010904
1009454
1001887
1008815
1011496
1003618
1003627
1007460
1006859
1004366
1011974
1011888
1000815
1006607
1002562
1007666
1009611
1009120
1000534
1012759
1012681
1010520
1001447
1003904
1012885
1001494
1009302
1006239
1010207
1005224
1009876
1009361
1012470
1009545
1009886
1006625
1000301
1001861
1007693
1000435
1012684
1012472
1010294
1001217
1002542
1005156
1007312
1000479
1009263
1004248
1002971
1003253
1011234
1010080
1012166
1007311
1000422
1006912
1006512
1005651
1009592
1009133
1009928
1003689
1004031
1010625
1012000
1011364
1011937
1005438
1005984
1003411
1009240
1001874
1004548
1007579
1001068
1006945
1007308
1001072
1011862
1000633
1003586
1000268
1005065
1005029
1004681
1010170
1010890
1011575
1012183
1012757
1009845
1000879
1002045
1010234
1012918
1012323
1004661
1001310
1007536
1009747
1000234
1004075
1004806
1009795
1006391
1008916
1003252
1011748
1000737
1010426
1001788
1004542
1006732
1004793
1010513
1005159
1012115
1012854
1004566
1006319
1011921
1009330
1012820
1000129
1012779
1005137
1003632
1001502
1002063
1001531
1000312
1003728
1005575
1012538
1009933
1006367
1000516
1000619
1006061
1006207
1003847
1011813
1012802
1009112
1000359
1008900
1003707
1005862
1002497
1000515
1000028
1001092
1004156
1010160
1004413
1003826
1002354
1003029
1010552
1003836
1004739
1010662
1012361
1000146
1006528
1005643
1005062
1011137
1010733
1002605
1004254
1001802
1000865
1002413
1011645
1005567
1012821
1004561
1006971
1005609
1011889
1004617
1007556
1001121
1006957
1007019
1004163
1001981
1001172
1005434
1009449
1012981
1012422
1005018
1009423
1002809
1000408
1009837
1001888
1002881
1005254
1004331
1012309
1009391
1003709
1004427
1012814
1007011
1012924
1003563
1007838
1012746
1007746
1007001
1007655
1000577
1010134
1012869
1012616
1002853
1012064
1010898
1005350
1010421
1005050
1005709
1000535
1001349
1011697
1003645
1000783
1009174
1007160
1007059
1007564
1012833
1012951
1011805
1009471
1005682
1005538
1002549
1000085
1004907
1011659
1001337
1000361
1003296
1004919
1003723
1011211
1004983
1012020
1006287
1006096
1000645
1011233
1009436
1001396
1011539
1010180
1007396
1011949
1000872
1000533
1001351
1000180
1005839
1003855
1012479
1000935
1006679
1005187
1006723
1009457
1009273
1000928
1004050
1001071
1009029
1000507
1011125
1001576
1007576
1000270
1012765
1009472
1001265
1001901
1012591
1009810
1000629
1012893
1002421
1009490
1004611
1001944
1002124
1012647
1000218
1002490
1007795
1006444
1005198
1004194
1009833
1006604
1002469
1011597
1012702
1009760
1007107
1003889
1011040
1005098
1011738
1007831
1004839
1001079
1000829
1004493
1010250
1010164
1008837
1001663
1007251
1001611
1005986
1001267
1007376
1010124
1012968
1000993
1006475
1012267
1011936
1002120
1007124
1012071
1003393
1000605
1004058
1003428
1006026
1002740
1002641
1005948
1005525
1012061
1011657
1009669
1010913
1010582
1005359
1002121
1001765
1000775
1011039
1002704
1009161
1006199
1000562
1000132
1012762
1003744
1010365
1006897
1009714
1006769
1004045
1000623
1009785
1010655
1009332
1009461
1010697
1007449
1012529
1002502
1007168
1012175
1006884
1000578
1012904
1006434
1005313
1010645
1007539
1001060
1005315
1000266
1005838
1012215
1002730
1001282
1000938
1012934
1005692
1007478
1002100
1005028
1007488
1001061
1007383
1010889
1000728
1012250
1007662
1002164
1000536
1000292
1009509
1001512
1009586
1007572
1000881
1009667
1011931
1006689
1003498
1004328
1006742
1012793
1002324
1008805
1003670
1006451
1003656
1011517
1009789
1008989
1002604
1004591
1012716
1000283
1009971
1006922
1006863
1012117
1012219
1006651
1001081
1008956
1003191
1004801
1009368
1007410
1011569
1007865
1005905
1012706
1004168
1000717
1002279
1004457
1004881
1011551
1001266
1005835
1000541
1007691
1012179
1012269
1008943
1003597
1012604
1002803
1005138
1012921
1009510
1002538
1003367
1008938
1009727
1005335
1000047
1004323
1005819
1000621
1004017
1004426
1004179
1005607
1001729
1010866
1001344
1003798
1006282
1011993
1005406
1001450
1009075
1000414
1009579
1012697
1005193
1004226
1005149
1002022
1004926
1007137
1003089
1002975
1006461
1002794
1009393
1007514
1003653
1004554
1004002
1010014
1010532
1010017
1000093
1010077
1003341
1001313
1010731
1008912
1001532
1006007
1001712
1012016
1010956
1002159
1005404
1003437
1000362
1000681
1009699
1011009
1011296
1004230
1006091
1006956
1012333
1012583
1000067
1011605
1004317
1012074
1001680
1002494
1005792
1003506
1005168
1004196
1012277
1006453
1004612
1003778
1010991
1003716
1010797
1006253
1012990
1006707
1001248
1011595
1004010
1009304
1000154
1006269
1009994
1007050
1005771
1003643
1011430
1005532
1010453
1009307
1010380
1012676
1004159
1004363
1011412
1003598
1012722
1004001
1011169
1004110
1010086
1001736
1003818
1011600
1005997
1000232
1011588
1004607
1006210
1010148
1000382
1008853
1005306
1009663
1012057
1011911
1002250
1000109
1012120
1011680
1000908
1004205
1010216
1000663
1006520
1000119
1003952
1012763
1004721
1006183
1012138
1010394
1002836
1004623
1007491
1004174
1005063
1005713
1011206
1004577
1005477
1006507
1007571
1011875
1011844
1006322
1000832
1001603
1010003
1001511
1004587
1007677
1003683
1004966
1006137
1010217
1002511
1002457
1010314
1010230
1000741
1002615
1001941
1004485
1002879
1012768
1012818
1010545
1000063
1001185
1006538
1005629
1010604
1011783
1007728
1000509
1002530
1003295
1003708
1000098
1005414
1010371
1005798
1006190
1012359
1003347
1001961
1007288
1007717
1005844
1007690
1011959
1007267
1012947
1002982
1010905
1011047
1003825
1005364
1010295
1002754
1011579
1011546
1012331
1006000
1003777
1010590
1010036
1005590
1009458
1004755
1011498
1004575
1004400
1002818
1003724
1000501
1007475
1005857
1010448
1002041
1010291
1011022
1003711
1001098
1010825
1005517
1002742
1009362
1007372
1004470
1011182
1006574
1009283
1011429
1007255
1011810
1012043
1001473
1001233
1009574
1007044
1003587
1003625
1000490
1011928
1000060
1002910
1008914
1006167
1010075
1010401
1009645
1000482
1006964
1000206
1009328
1005881
1000396
1012685
1004198
1011791
1011016
1011973
1002632
1001999
1009467
1007079
1009244
1006110
1002397
1011829
1003398
1009084
1009197
1005619
1005624
1005419
1006632
1012754
1001175
1000849
1006492
1004152
1002544
1003369
1001784
1007806
1001134
1006381
1002464
1003919
1002267
1008928
1000767
1002522
1002143
1006720
1000438
1006337
1004626
1000331
1001787
1005312
1005460
1002726
1007537
1011045
1001550
1003249
1011426
1003524
1000430
1003128
1009121
1001647
1011705
1009153
1004908
1003017
1007623
1006565
1002967
1009828
1002057
1009775
1009036
1009494
1010583
1000356
1002698
1011468
1006812
1003917
1003774
1002452
1001910
1011376
1000299
1009801
1004555
1003306
1004988
1001510
1002507
1003542
1002276
1000304
1010188
1003228
1012770
1012751
1001048
1011684
1009369
1007560
1001694
1004164
1004550
1004203
1004099
1002420
1003261
1011753
1005310
1009096
1012513
1012599
1009138
1004672
1007120
1004807
1000591
1004187
1000082
1006421
1005111
1009915
1005684
1009430
1007122
1012492
1012369
1005678
1000601
1000979
1001197
1010156
1006535
1009021
1004848
1002367
1000774
1003381
1009452
1008877
1002156
1006189
1008808
1010932
1001066
1012465
1012073
1002313
1006295
1003992
1010947
1007558
1007462
1011075
1002348
1003966
1011825
1006390
1002108
1012602
1012720
1010920
1003156
1003494
1007342
1006471
1005183
1003973
1002408
1012810
1003210
1011148
1007302
1010938
1001028
1009425
1009892
1010971
1006301
1003208
1000188
1006550
1011112
1003453
1012189
1000823
1012695
1011882
1002409
1005318
1003491
1001982
1003637
1000076
1003145
1011646
1005860
1004904
1001921
1009683
1004130
1009426
1004228
1006581
1006384
1004879
1010994
1006763
1011524
1004276
1004312
1000639
1000039
1001499
1007316
1005067
1012884
1005923
1007379
1011455
1012806
1000524
1003137
1009000
1002815
1002713
1006029
1012453
1006139
1001862
1012363
1009195
1006653
1009004
1011623
1012320
1009407
1010502
1001928
1002158
1011673
1003949
1004275
1010648
1009558
1011205
1002541
1000657
1012849
1012107
1005449
1003893
1007833
1000399
1012929
1004300
1009661
1002715
1006753
1009526
1001215
1006201
1006303
1012304
1008907
1002536
1012093
1011240
1005898
1009445
1004127
1000158
1007730
1002649
1004431
1000816
1007268
1007676
1012677
1006113
1001493
1007415
1005727
1006086
1009626
1011108
1011223
1000318
1001331
1006234
1010679
1004872
1006477
1003565
1004098
1007055
1009825
1007751
1005378
1001624
1006055
1005218
1012014
1000345
1010593
1002050
1012871
1004396
1012002
1011410
1007793
1005552
1006465
1010557
1003938
1011639
1006691
1002716
1005864
1004266
1002216
1011336
1003314
1012589
1004231
1011340
1006802
1002336
1011288
1005154
1000960
1012696
1000225
1005611
1007389
1004884
1009630
1005124
1009983
1008909
1009508
1002012
1004932
1012605
1006856
1003495
1009312
1009397
1001077
1006670
1007648
1001685
1012378
1006023
1005636
1009601
1003698
1002786
1004348
1011100
1012785
1012607
1001950
1002312
1012234
1010798
1009001
1001250
1003352
1001180
1008835
1006170
1011133
1007876
1001143
1009404
1003745
1006668
1006011
1010477
1008801
1004597
1012525
1009150
1007314
1001657
1008887
1003961
1010793
1007442
1002290
1012894
1003286
1002217
1007675
1000500
1009722
1012173
1004465
1000096
1009554
1002266
1002020
1001617
1009891
1006343
1006871
1010802
1006700
1000128
1011422
1008991
1001276
1005272
1011826
1004610
1007080
1011003
1005843
1009523
1010382
1003503
1008831
1007489
1000889
1005928
1004948
1000148
1009248
1010274
1001383
1010173
1004160
1009587
1006793
1003773
1009575
1003379
1012225
1005574
1000826
1005042
1003135
1006466
1006533
1004700
1007796
1000003
1003088
1000104
1006074
1002895
1001431
1012701
1007364
1011463
1009254
1012936
1000934
1003538
1002976
1007119
1005103
1005228
1011708
1009995
1009524
1005743
1011439
1011081
1010973
1000853
1000743
1009338
1011409
1000987
1004352
1012509
1007497
1012191
1005314
1005852
1003505
1009365
1003105
1004671
1011510
1011421
1000417
1003679
1007586
1010515
1001156
1007387
1010440
1010537
1009764
1000432
1010336
1002379
1001187
1006250
1001037
1002624
1003664
1003943
1010879
1006940
1007427
1006336
1006247
1003885
1003713
1010445
1011121
1007264
1000763
1009131
1005092
1002118
1006762
1011345
1000443
1001609
1004537
1012524
1001017
1005776
1006284
1000503
1011397
1012238
1006643
1011049
1012141
1004613
1007603
1005509
1002847
1006999
1012186
1003318
1002169
1010305
1000187
1008984
1001899
1007588
1012931
1007409
1005581
1010175
1012539
1003174
1002528
1005203
1000557
1005299
1000483
1009236
1009863
1005214
1005225
1002198
1010782
1009815
1011643
1005195
1001220
1006408
1001255
1005586
1006819
1006052
1006527
1011054
1012725
1007592
1000367
1005642
1003842
1007872
1000695
1006365
1011400
1007484
1004594
1003815
1003162
1006832
1007375
1001846
1001528
1009976
1006310
1005900
1000582
1000352
1000530
1010540
1010690
1004240
1008821
1001474
1000139
1011278
1003720
1005507
1010724
1002662
1005077
1005355
1003052
1010441
1007479
1003732
1003355
1012218
1003372
1003081
1000607
1011511
1002474
1001173
1010331
1003236
1009774
1001798
1005377
1004514
1003693
1007445
1007669
1000726
1011549
1006609
1000735
1010490
1007328
1003772
1010018
1009888
1000217
1007640
1002968
1002393
1005938
1010349
1005799
1007174
1004547
1004150
1011537
1004142
1006789
1003562
1004765
1008855
1001710
1010105
1011355
1006373
1006163
1007645
1000327
1006485
1002103
1005566
1009580
1001720
1000895
1002235
1007339
1006585
1010636
1003215
1004996
1009144
1000837
1007193
1006469
1004175
1002406
1010652
1012781
1006516
1005637
1000868
1001240
1002867
1010436
1003254
1000959
1009280
1009557
1001669
1003277
1003677
1006760
1009846
1012452
1003178
1004282
1011534
1010512
1005896
1010910
1003471
1007127
1001821
1012467
1004155
1004474
1007477
1009062
1005513
1010750
1009744
1009717
1003556
1004428
1002896
1002362
1010820
1001799
1005263
1006221
1000867
1009158
1010422
1003519
1008881
1005494
1012986
1005645
1010842
1012819
1005519
1003710
1003846
1006034
1000982
1002990
1004082
1009237
1003096
1004962
1010364
1010701
1004102
1001825
1007045
1010119
1006850
1012752
1010332
1003522
1004662
1009160
1005233
1007866
1003890
1005778
1000342
1012501
1001196
1002447
1004849
1009194
1009742
1004087
1001986
1005273
1007211
1010884
1002077
1002404
1000878
1012622
1006102
1001044
1005658
1003511
1006330
1010409
1006427
1010808
1006377
1001856
1011021
1002334
1003442
1009191
1006955
1002440
1002778
1004647
1012290
1010053
1002386
1006599
1000871
1004761
1006324
1007371
1011522
1000750
1012863
1011580
1004742
1006215
1004552
1011267
1012574
1002302
1002776
1011434
1009623
1012208
1008892
1002436
1007750
1004946
1011883
1011552
1003272
1010607
1009092
1012253
1007467
1007166
1002473
1001124
1001675
1012554
1011165
1003742
1011824
1005068
1003065
1004867
1004298
1001898
1003250
1012881
1011852
1002545
1012036
1000733
1005977
1010846
1001514
1008988
1009058
1005349
1003193
1004054
1010831
1007492
1010486
1000806
1006064
1012594
1007452
1005046
1011916
1005296
1010933
1003841
1012012
1009428
1006579
1012584
1000015
1010433
1002781
1001429
1012010
1004055
1002616
1001681
1001974
1006834
1002934
1001696
1004627
1002931
1002566
1009854
1011877
1010301
1003782
1007418
1000376
1004239
1009720
1006970
1012985
1006818
1009987
1000738
1000452
1005554
1002032
1011629
1009469
1007527
1002187
1004957
1010065
1011302
1006987
1007234
1003802
1003129
1009183
1002326
1002705
1002510
1008833
1004827
1011664
1002841
1011162
1003883
1006584
1005809
1002082
1000254
1009486
1008908
1011940
1004553
1002463
1009114
1006366
1004732
1005099
1004517
1012856
1000123
1012874
1001716
1004657
1003417
1010313
1001549
1010543
1003937
1000174
1005508
1005822
1003833
1009902
1006822
1003739
1009484
1012865
1003729
1010840
1010021
1011485
1003502
1002509
1004638
1003954
1012842
1009483
1009942
1009366
1002610
1009171
1007538
1012749
1004086
1009550
1005470
1011486
1011516
1011208
1003301
1002205
1000798
1007611
1010596
1001427
1005533
1004108
1006151
1011423
1009278
1001090
1010438
1004173
1009671
1012111
1007171
1002677
1002052
1001082
1001582
1012212
1005143
1012041
1009823
1009100
1010620
1007792
1002102
1007023
1002044
1006240
1001188
1012137
1006734
1005090
1002628
1002289
1004490
1003504
1007003
1012068
1012743
1010928
1004207
1006002
1006815
1002635
1009146
1002552
1006750
1006031
1010964
1004521
1012831
1003336
1002537
1010396
1000106
1010337
1000066
1000478
1010328
1009424
1012011
1010680
1005791
1006920
1006454
1005626
1002047
1012837
1009924
1007351
1009372
1011035
1004314
1002089
1000401
1001912
1011711
1005078
1006660
1012349
1002954
1005407
1010969
1007738
1011990
1002356
1001324
1009552
1000293
1007024
1002504
1000599
1011200
1011481
1005213
1003676
1001717
1005840
1004878
1012832
1001975
1004504
1008882
1002678
1004462
1009662
1010410
1006407
1007647
1003940
1009621
1005180
1008957
1006400
1008953
1004407
1000627
1006249
1002859
1009964
1003702
1009488
1006186
1003979
1003909
1002370
1006138
1009520
1000677
1005773
1002557
1004118
1005851
1001619
1010940
1003168
1003530
1006283
1004471
1006539
1010806
1009162
1001311
1009081
1001897
1010496
1006480
1007511
1011256
1005411
1002087
1003754
1009822
1002380
1011528
1007177
1002787
1009885
1000470
1008939
1011878
1002816
1000436
1000260
1003533
1007041
1006669
1004922
1006028
1003405
1002027
1012956
1001169
1000780
1007780
1010856
1009214
1005307
1000161
1012152
1003596
1005918
1006928
1012632
1011457
1000531
1006260
1001726
1012468
1001613
1012844
1010389
1004751
1002153
1005627
1001693
1001284
1007205
1005800
1004693
1009659
1007172
1010435
1010811
1006079
1011107
1003430
1002708
1001990
1007151
1001774
1001533
1004372
1000369
1005390
1012224
1003704
1012940
1011880
1007732
1012032
1007665
1009773
1010228
1000794
1004741
1011237
1003233
1004882
1003844
1009830
1004273
1011864
1004861
1000770
1012963
1010564
1007454
1002301
1012717
1004122
1009864
1004723
1012197
1001812
1003480
1000165
1010976
1007337
1009329
1007306
1006899
1006519
1001475
1011269
1002977
1000384
1012900
1010644
1003684
1003493
1007568
1009219
1006909
1009612
1010345
1006610
1010055
1012683
1001158
1000099
1011827
1005215
1011257
1005891
1006923
1002952
1007381
1005796
1003109
1005580
1007265
1001357
1005752
1010417
1011275
1002844
1006569
1010821
1009303
1001059
1009894
1000219
1004023
1012244
1010874
1007404
1010370
1011954
1001232
1009235
1004153
1003958
1005868
1002443
1010293
1002407
1007424
1005708
1002133
1010444
1012330
1001992
1003944
1000305
1008926
1005391
1012368
1009675
1003016
1011477
1002756
1004007
1011180
1007760
1005656
1000920
1000559
1004393
1001661
1005721
1000141
1002454
1002439
1011284
1005893
1010629
1004139
1001567
1004053
1002028
1006045
1003469
1004631
1012698
1010915
1007182
1002224
1010619
1009756
1009735
1006671
1005011
1002745
1006905
1010622
1001123
1004502
1012796
1007399
1001254
1003328
1004584
1012608
1009475
1011271
1003132
1007425
1007853
1000636
1012187
1005690
1000002
1006489
1001911
1005672
1010674
1001067
1003662
1011196
1000385
1005687
1008897
1009814
1010146
1006891
1001322
1009501
1004498
1008905
1004261
1012258
1012030
1003251
1005597
1007305
1012256
1005087
1003546
1004044
1003312
1011719
1002521
1007448
1012391
1007208
1006514
1011314
1000549
1010828
1009009
1011274
1011967
1009022
1010404
1005968
1002456
1002937
1011849
1003974
1011668
1001088
1006058
1004316
1001620
1005902
1004285
1000518
1012205
1006294
1005894
1002115
1006036
1003275
1002106
1004709
1009609
1003953
1002690
1005271
1002512
1001998
1007620
1010374
1007027
1009141
1005664
1007618
1011819
1011015
1007296
1003592
1011369
1009780
1001210
1010606
1007005
1002577
1005498
1005455
1011309
1006509
1004016
1005820
1001247
1012055
1011192
1000326
1006618
1003558
1004604
1004074
1003237
1011651
1010985
1009275
1012346
1004791
1006288
1002749
1001976
1007657
1012276
1002788
1005676
1006425
1001995
1002111
1011435
1007627
1001885
1004309
1005405
1003274
1006975
1012275
1011530
1007547
1003921
1000458
1003383
1012463
1000059
1001758
1004624
1007602
1011474
1004950
1000870
1011947
1010083
1000474
1006073
1000126
1003423
1011755
1005716
1002887
1011057
1005340
1012292
1008875
1001216
1003370
1007868
1008930
1002751
1003388
1000183
1010658
1004684
1000712
1002110
1002927
1000898
1006173
1009957
1011334
1003035
1002539
1002417
1003775
1009858
1005944
1005329
1009934
1002449
1005241
1012791
1012848
1003404
1005897
1010385
1012497
1006889
1006664
1003142
1012803
1012651
1000203
1001137
1007086
1004398
1012213
1011181
1009159
1003443
1002091
1009806
1012216
1007132
1003554
1003063
1011082
1002193
1003363
1007846
1007821
1004525
1010104
1009085
1003098
1006617
1003646
1006069
1009018
1003965
1007708
1003351
1005009
1009136
1007483
1005229
1004004
1006851
1010813
1003788
1007823
1012327
1001589
1004544
1011301
1010038
1005850
1000210
1004123
1005192
1009607
1002314
1005210
1002112
1011456
1004964
1004397
1003615
1003750
1007762
1011734
1009808
1007575
1009326
1008827
1012351
1007529
1012380
1002805
1005715
1002207
1005196
1004495
1000364
1012091
1002349
1008962
1006486
1003536
1003692
1004915
1005487
1000746
1007494
1012807
1005600
1000223
1000752
1004233
1004649
1002322
1006996
1008996
1005347
1007416
1006188
1005044
1012110
1004909
1009295
1004622
1001880
1006902
1003819
1004573
1001926
1003140
1007385
1001962
1000379
1007250
1003042
1004213
1012839
1004764
1000334
1003421
1012926
1005966
1011828
1000611
1006854
1001815
1000964
1012738
1012670
1012674
1011786
1000825
1011547
1004557
1004589
1006756
1005866
1007826
1000289
1007504
1010894
1005810
1004119
1011945
1009664
1010666
1007531
1010579
1003348
1000240
1003518
1002007
1009336
1002593
1000587
1001984
1006639
1010965
1007585
1011666
1010857
1010118
1006638
1000886
1002065
1001558
1000949
1010147
1010320
1000540
1003792
1008935
1003595
1005681
1000294
1003385
1000281
1006256
1011161
1005269
1010093
1012271
1001484
1011441
1000567
1011752
1009354
1010415
1007075
1010229
1005666
1010296
1006370
1012049
1004060
1010667
1009447
1006767
1009555
1009017
1010152
1007047
1003094
1003520
1003196
1006836
1011315
1000919
1005093
1002835
1012362
1001769
1003621
1011765
1005909
1012484
1009805
1006218
1011251
1003095
1005323
1003521
1001039
1011484
1008863
1000608
1007709
1002540
1002760
1007256
1010718
1001547
1004237
1012988
1007090
1000756
1004860
1011747
1006820
1010999
1007499
1012272
1002696
1000274
1010726
1004985
1012308
1005808
1011872
1010300
1002650
1007551
1011417
1005014
1009767
1010534
1000953
1010359
1005239
1000723
1011282
1010767
1008945
1005962
1003276
1011126
1003857
1010729
1003282
1003923
1003032
1007635
1007474
1000358
1005662
1003582
1012805
1001555
1002287
1006602
1010224
1006178
1010397
1003914
1000803
1009999
1004346
1004733
1009952
1003810
1002319
1003886
1007520
1005464
1002688
1004294
1012161
1002961
1005884
1000716
1003726
1011593
1005606
1011141
1004620
1005140
1009251
1009351
1010574
1013000
1012476
1011242
1007294
1007187
1007787
1002984
1004455
1002004
1006087
1009341
1000814
1002885
1006595
1010553
1005167
1004472
1009327
1002989
1012564
1012520
1001437
1010761
1001461
1012975
1002687
1006804
1004930
1012909
1010591
1003990
1009582
1003840
1009812
1003160
1009970
1007280
1011515
1006226
1010310
1006133
1005463
1007713
1001751
1006078
1011709
1010871
1007290
1005426
1004070
1007350
1001859
1003345
1003248
1012406
1004816
1005660
1009572
1006106
1003475
1011627
1011688
1010002
1009044
1010278
1002798
1010222
1010930
1012728
1007604
1000653
1012999
1011215
1010348
1002972
1012040
1007616
1003761
1009319
1003033
1010279
1010483
1004701
1010161
1007346
1012082
1008890
1004257
1005202
1007816
1001407
1002094
1007029
1000259
1011820
1012864
1001973
1005486
1012631
1007877
1005277
1006072
1011394
1010465
1006612
1011123
1000506
1007841
1002906
1007663
1001224
1011582
1004762
1010376
1012911
1011977
1006024
1000552
1000131
1011331
1007493
1003127
1010366
1001857
1012609
1004981
1003157
1005238
1001020
1009821
1001291
1003633
1001045
1001578
1003007
1001989
1012444
1005185
1001698
1008845
1005169
1009353
1010120
1000797
1010179
1006722
1006944
1012080
1002693
1000415
1012485
1011876
1006620
1005119
1001498
1004488
1003457
1000142
1004937
1010110
1005048
1010240
1007757
1006043
1012087
1008859
1003008
1004797
1011520
1000978
1005383
1012121
1012415
1011873
1005082
1002575
1000963
1001797
1005695
1008968
1003267
1001041
1012713
1009028
1000700
1005399
1005829
1010255
1006056
1009631
1006522
1004635
1012358
1002523
1004192
1010420
1003227
1005441
1003175
1006853
1001379
1006290
1011286
1003510
1003873
1012729
1004570
1007241
1012556
1011291
1002659
1006245
1006204
1000873
1009079
1007072
1001522
1009634
1006267
1000909
1006270
1010045
1009947
1000625
1007104
1007544
1012966
1001281
1011545
1004513
1004197
1010414
1004651
1002663
1000454
1011678
1007644
1006938
1012941
1000373
1004022
1009616
1010712
1002069
1004417
1007010
1000513
1011754
1011116
1009103
1011707
1009941
1007678
1006900
1002935
1004018
1006918
1011758
1002996
1001131
1001704
1002021
1000034
1004986
1005231
1011596
1001878
1004581
1005772
1002974
1001367
1009883
1000875
1005826
1004748
1005290
1004222
1006071
1003435
1000564
1006296
1005652
1001873
1005904
1010786
1009819
1006942
1011249
1006130
1001464
1005571
1003784
1003738
1004120
1002092
1007432
1009884
1004549
1007639
1007517
1010449
1001833
1009950
1010986
1012691
1007301
1009562
1012783
1004967
1005833
1009913
1002784
1007334
1004415
1002084
1004169
1004301
1010708
1007254
1007695
1001968
1006332
1012917
1001600
1011821
1007099
1011130
1011491
1009597
1012555
1006749
1006591
1011098
1007824
1001742
1002586
1007606
1002973
1002294
1001296
1003691
1001515
1004918
1007269
1005859
1011854
1012461
1012920
1012945
1002599
1001757
1011478
1012317
1012018
1005878
1006536
1003999
1009113
1000827
1000071
1009813
1001001
1006098
1010714
1006276
1006419
1004784
1007759
1001029
1002001
1012629
1005806
1004411
1002585
1006805
1006084
1008927
1004621
1003313
1010302
1006363
1012180
1012405
1005705
1000890
1007650
1004906
1009771
1003454
1003216
1003436
1004132
1000329
1003626
1002665
1009118
1001446
1006008
1000526
1005166
1004385
1009002
1005693
1011994
1005496
1001384
1006843
1009637
1006272
1000694
1006168
1002042
1011452
1002286
1005135
1010526
1000257
1012022
1007565
1004944
1010571
1004353
1007207
1000390
1006101
1011266
1003763
1008891
1006892
1001994
1009589
1006531
1002883
1012585
1005030
1004775
1003038
1007403
1000668
1000852
1002737
1000561
1002612
1002637
1006117
1003300
1006021
1012140
1003509
1002902
1012322
1011483
1009142
1005459
1004009
1001036
1010735
1002437
1009642
1012446
1001301
1007429
1009485
1006642
1006361
1004355
1010218
1010143
1011581
1009561
1007528
1005999
1005022
1009308
1012318
1003560
1003859
1007832
1011160
1000589
1002316
1004924
1007319
1004873
1009203
1006238
1009455
1006223
1002852
1012419
1002199
1010577
1000424
1011453
1003310
1003700
1002315
1006004
1000168
1011663
1009706
1000771
1002988
1012482
1009602
1004157
1000332
1010784
1004670
1000812
1005357
1005987
1011300
1000846
1012464
1010101
1006844
1009850
1002167
1011733
1003748
1006868
1010747
1004362
1004326
1002024
1010193
1005255
1000962
1000742
1007012
1003304
1001149
1002445
1002116
1010392
1009739
1003995
1005352
1004759
1010734
1009737
1003514
1012957
1004374
1011784
1002371
1006801
1011801
1007687
1006162
1001922
1001596
1009918
1010430
1004313
1000834
1010085
1001770
1004533
1007201
1006323
1009317
1007297
1002099
1011175
1012914
1003086
1005348
1005855
1010457
1004503
1009905
1004020
1006418
1002633
1005720
1006729
1001818
1005739
1006255
1002513
1000320
1011946
1001053
1011023
1002899
1011142
1010427
1008838
1000265
1000808
1008843
1000307
1007030
1001689
1000697
1005144
1010756
1000766
1009931
1004716
1010587
1003795
1007235
1012448
1003845
1005305
1000660
1008986
1001428
1001996
1002104
1007262
1000861
1010040
1007373
1009272
1003260
1002355
1004250
1000049
1000927
1000925
1007554
1011841
1004814
1009465
1006393
1000616
1000393
1009506
1009333
1007875
1011070
1001147
1003463
1012105
1005541
1008925
1000055
1002396
1001835
1006012
1004590
1010672
1001416
1002179
1002008
1009215
1005456
1011652
1000394
1000013
1009862
1012302
1004524
1003550
1006990
1010897
1005788
1000951
1006906
1000781
1011892
1007141
1000685
1006033
1012003
1001125
1003173
1005480
1001336
1003623
1006385
1000163
1009583
1011698
1004599
1009441
1012995
1005870
1011310
1010026
1002184
1001732
1003238
1009565
1005976
1010004
1012025
1010903
1006209
1007183
1000230
1010032
1011462
1002588
1009199
1002702
1009125
1000178
1005805
1001650
1003832
1007068
1010563
1004063
1007770
1012440
1006422
1011816
1001607
1012688
1002419
1007777
1006737
1009443
1006359
1002914
1006042
1006845
1010766
1003315
1004518
1008941
1006808
1003987
1000622
1007704
1011761
1003765
1001261
1003020
1010133
1010836
1010669
1000323
1007749
1009755
1006302
1011935
1002865
1009965
1007845
1000892
1000492
1001932
1002770
1011942
1003787
1010626
1004258
1005915
1004965
1007149
1003339
1006779
1007712
1012675
1010191
1005328
1006063
1003737
1004460
1004894
1000610
1010212
1005594
1002796
1000884
1008932
1011746
1007417
1003696
1001111
1001258
1000693
1000192
1000263
1001372
1002155
1010377
1009978
1011653
1009779
1012099
1002344
1007175
1003605
1005249
1002959
1010249
1000811
1012638
1000213
1004654
1003294
1003010
1008937
1007136
1007113
1012710
1011507
1010068
1006246
1001688
1011303
1004211
1011038
1010034
1011598
1002343
1003222
1005142
1003224
1009111
1011592
1006193
1012627
1005539
1004304
1007097
1011803
1004103
1005205
1005734
1011191
1007834
1010966
1011122
1002894
1003976
1012350
1006157
1009078
1007034
1002518
1002306
1002183
1009066
1001682
1008919
1006589
1005830
1009255
1004420
1007291
1004068
1010354
1009453
1010201
1001586
1004448
1002576
1008871
1011506
1006404
1003862
1000456
1004665
1002785
1011617
1004202
1005837
1002868
1001543
1006711
1006299
1010253
1003755
1003189
1002668
1010595
1003155
1006156
1005387
1000176
1012059
1010713
1004274
1009627
1000471
1009684
1006495
1009210
1010169
1004418
1004971
1010264
1003669
1007743
1005342
1010387
1005735
1010386
1007061
1002488
1012162
1007447
1007441
1001191
1010272
1005751
1000510
1002446
1002878
1005605
1004182
1009313
1005297
1007774
1006694
1002712
1005522
1012377
1009944
1003271
1005669
1000891
1006681
1009826
1011018
1007863
1012376
1012859
1012424
1002759
1004811
1007194
1003762
1011926
1010322
1007487
1010000
1005085
1009676
1003894
1003821
1001796
1003612
1004489
1012753
1011006
1009752
1009696
1001109
1001500
1007006
1002295
1003235
1005706
1005020
1000322
1003077
1003983
1010309
1005394
1012540
1009998
1009512
1003281
1001466
1004136
1001708
1007858
1008983
1010089
1006927
1004186
1012637
1002736
1001513
1011416
1002459
1010837
1007436
1007521
1003264
1012052
1002392
1002782
1003143
1003619
1005768
1012657
1004272
1007378
1012516
1010559
1000220
1001687
1005885
1009234
1001754
1007179
1004910
1011649
1002985
1003800
1003468
1010042
1011106
1007472
1006765
1002874
1004290
1011704
1004917
1012144
1003041
1005040
1003206
1002337
1004844
1007057
1006774
1004961
1000269
1000995
1002732
1007236
1009069
1009296
1006929
1003896
1005370
1011036
1000152
1002002
1009151
1010732
1000731
1004602
1009148
1001359
1000602
1004766
1000523
1003614
1011578
1010961
1007077
1004826
1001659
1012063
1002263
1006755
1000967
1006059
1005988
1002040
1002359
1010686
1012167
1003169
1005877
1006450
1011975
1012077
1011317
1007856
1004740
1002811
1005631
1007276
1009373
1008969
1011497
1011615
1003657
1003685
1002172
1004923
1003278
1012384
1003176
1011769
1009721
1005386
1010585
1012249
1007694
1009370
1002219
1011976
1011091
1004379
1005145
1000097
1004941
1009759
1007801
1010895
1011903
1003870
1002953
1002025
1012127
1003895
1012423
1005234
1009502
1000278
1012370
1011948
1012705
1007673
1000614
1001209
1009906
1004072
1010341
1012922
1012679
1003532
1010498
1012528
1008832
1001692
1003195
1002244
1004832
1000228
1004535
1002829
1011466
1004039
1004286
1002598
1004350
1005505
1011344
1010682
1005872
1000246
1001826
1001993
1002303
1002470
1005565
1004673
1003561
1011631
1012935
1010408
1002237
1005446
1004876
1001389
1005172
1000431
1003516
1002484
1003978
1003002
1002170
1000189
1004079
1007040
1012506
1010637
1011861
1004303
1001817
1009653
1003968
1007064
1001587
1012557
1011514
1000634
1003730
1005421
1003804
1002491
1009799
1005266
1000773
1010204
1005008
1000216
1009157
1004686
1011289
1009260
1009482
1010073
1012004
1008811
1005867
1002054
1001424
1012044
1002943
1000448
1007140
1010970
1011425
1005108
1006082
1010702
1006993
1007614
1008823
1011548
1001171
1012168
1000288
1006811
1011966
1010981
1007686
1011561
1005945
1003445
1002833
1012286
1001334
1011744
1006984
1009529
1005557
1010399
1003989
1003380
1004795
1003389
1011550
1006848
1007788
1000372
1007358
1011120
1002956
1000692
1004345
1007542
1012546
1009450
1008865
1010226
1011544
1011532
1012478
1000291
1007053
1009122
1003444
1001943
1005663
1005975
1011722
1010333
1005381
1005324
1000348
1000048
1007557
1004953
1010657
1000107
1004032
1004619
1007406
1001006
1006364
1009107
1002225
1000544
1005618
1009216
1007731
1004271
1003559
1004065
1008917
1011092
1006743
1002210
1012992
1004708
1004019
1004516
1007162
1006795
1001927
1001440
1005100
1011713
1009418
1003824
1003945
1001110
1002851
1002721
1010353
1002634
1008936
1012047
1007722
1005943
1012573
1011243
1004998
1011715
1000054
1004026
1010575
1011845
1007327
1003047
1004863
1012905
1002039
1005344
1001573
1012265
1012416
1005499
1008921
1007742
1003074
1006659
1007304
1002970
1002897
1009442
1011987
1006580
1001523
1002543
1010954
1000339
1009154
1011594
1009896
1003540
1002673
1004852
1007619
1012897
1010958
1010117
1005393
1005261
1005118
1003112
1005045
1010826
1009173
1001707
1005027
1003934
1012811
1002074
1009922
1010481
1010787
1006629
1007599
1006181
1002037
1000793
1007857
1001399
1005485
1009757
1010467
1012495
1006862
1004473
1011735
1001767
1001612
1010451
1010384
1010535
1001562
1012217
1012466
1009374
1006484
1001025
1010244
1011074
1011244
1006134
1007453
1011174
1000439
1007071
1000351
1005268
1011702
1009641
1002204
1006458
1006717
1001988
1005763
1012432
1007566
1002926
1010049
1004224
1012603
1004091
1003666
1009316
1012773
1006046
1001206
1006828
1003085
1000721
1001245
1005749
1006135
1005604
1010271
1000212
1004235
1010950
1009049
1000796
1005795
1007286
1012689
1009849
1011619
1001923
1010649
1005339
1000570
1002682
1000860
1000866
1002253
1005395
1010478
1002898
1007186
1002345
1009325
1003932
1010922
1000684
1003985
1007272
1006426
1007344
1009657
1010172
1004234
1007401
1002658
1002101
1004968
1006647
1007873
1010287
1006428
1007191
1001672
1002709
1003043
1010351
1011467
1004104
1001768
1002174
1001404
1002832
1010818
1006415
1002558
1005544
1006022
1002117
1002264
1012967
1006416
1002563
1003573
1011442
1010925
1010824
1011647
1001259
1004690
1009703
1002291
1001954
1002161
1011811
1012086
1005132
1002035
1012932
1003342
1012847
1011716
1007719
1001539
1003812
1011103
1012588
1002281
1012116
1001385
1004680
1009743
1011041
1005000
1011139
1007784
1005402
1000316
1009855
1004515
1000231
1008990
1001087
1010236
1004637
1000641
1012268
1004905
1005598
1007451
1004646
1006505
1010006
1001434
1009871
1001646
1006634
1002939
1005237
1005392
1012299
1012420
1002527
1009230
1005270
1010357
1004105
1011789
1001828
1003981
1002227
1009935
1004688
1009184
1001701
1006351
1003780
1006333
1001896
1004785
1000416
1002594
1010642
1003061
1010153
1012567
1007714
1005846
1000325
1011832
1012386
1005960
1002382
1004858
1005758
1001400
1010203
1012649
1011156
1011352
1005380
1000609
1001979
1008884
1000272
1006523
1007130
1012693
1010873
1003578
1003665
1002516
1006926
1006666
1007699
1004633
1011321
1005804
1006875
1002842
1000824
1012039
1012891
1005821
1002991
1011860
1008873
1005332
1002031
1007125
1000939
1005321
1006432
1002477
1000916
1010137
1009620
1003957
1009438
1011608
1002137
1007392
1006683
1003600
1009358
1009394
1009099
1004201
1011965
1009178
1003218
1010035
1008906
1001668
1003268
1012035
1000896
1011818
1006360
1005995
1009414
1000170
1011726
1001618
1005096
1010027
1000173
1002574
1010108
1000337
1007356
1003152
1005302
1001118
1006219
1012360
1007636
1009072
1005794
1010304
1009098
1003851
1002424
1003829
1006506
1011095
1006561
1001008
1003171
1007118
1005220
1000753
1004970
1005281
1001594
1000405
1011745
1007580
1002728
1004429
1000040
1005280
1010918
1006175
1003487
1001472
1006179
1007144
1011115
1012774
1009988
1006160
1012027
1011558
1007779
1011885
1006318
1012148
1011891
1006439
1006118
1006981
1009269
1006222
1001501
1002221
1004062
1007724
1011335
1001051
1009917
1007357
1010072
1002259
1010198
1000563
1005056
1007629
1006903
1004256
1007336
1011358
1006095
1007736
1012300
1006935
1003547
1000089
1010789
1004115
1005252
1002772
1009463
1006496
1005942
1009286
1002846
1009310
1005530
1000133
1003255
1009077
1003019
1009291
1002414
1010963
1000477
1010865
1001198
1007217
1005679
1004056
1001711
1011060
1011295
1006954
1007164
1000691
1012451
1010012
1003311
1003416
1002215
1001309
1003413
1001091
1011155
1011349
1007088
1011584
1009165
1002296
1012535
1006703
1003048
1011357
1003997
1005091
1000409
1002767
1010283
1006143
1002257
1000159
1009591
1011363
1006265
1000100
1012750
1000315
1001182
1000970
1003590
1002192
1012617
1000407
1010211
1002280
1003144
1000690
1009187
1005316
1005689
1005417
1002163
1005569
1001294
1000205
1006068
1012473
1007214
1002268
1012771
1012903
1000271
1010299
1001590
1002265
1009155
1006266
1004786
1001917
1000079
1002553
1005222
1002520
1008848
1012823
1007176
1001763
1009377
1008999
1002763
1011398
1004030
1012830
1011366
1012092
1010855
1003569
1011028
1012408
1011632
1002855
1011097
1007822
1006248
1005122
1004305
1003854
1004172
1001735
1002860
1006142
1002461
1012056
1001449
1012083
1012094
1007809
1004452
1002886
1002492
1000972
1005755
1009204
1006403
1005994
1005303
1000280
1009220
1005591
1002200
1010921
1006206
1011105
1010185
1001884
1006020
1007532
1001577
1012088
1012178
1000057
1005002
1003028
1005427
1011618
1004901
1005338
1009578
1000618
1003394
1010114
1012507
1005584
1007718
1006532
1002752
1003499
1004812
1006545
1006555
1000117
1005385
1009166
1004653
1000022
1004999
1004361
1006991
1009643
1012735
1011839
1006873
1009682
1002620
1012970
1002861
1010796
1010634
1001591
1005423
1001811
1010610
1005520
1011536
1012204
1000914
1009914
1000595
1010807
1010470
1003316
1006152
1011538
1005710
1006326
1004836
1012582
1002946
1001925
1003408
1005283
1012131
1009599
1007827
1004710
1004929
1004679
1012672
1009881
1001119
1011777
1009636
1004486
1004244
1005212
1002072
1001544
1011788
1000932
1006281
1011209
1000841
1005334
1002218
1008915
1004725
1006543
1007257
1004659
1003608
1009761
1005939
1006090
1012678
1000504
1001485
1006013
1010489
1011525
1011270
1001592
1004454
1001151
1010047
1003674
1002797
1002332
1003928
1005036
1002884
1010863
1003887
1003972
1006231
1006842
1007654
1001410
1004043
1011554
1004854
1009350
1011961
1004458
1004177
1007340
1001902
1000090
1006597
1005803
1011080
1009344
1009095
1012817
1002579
1002793
1008959
1001653
1004012
1009065
1010067
1006053
1005157
1011776
1004414
1006051
1007457
1011996
1011830
1007553
1012491
1007711
1001120
1008998
1000200
1010560
1005191
1011368
1005965
1009694
1009861
1002817
1006656
1003091
1006184
1011718
1009505
1005361
1006159
1012242
1011007
1004236
1011868
1004341
1002165
1005207
1011739
1004843
1011509
1010809
1012089
1010290
1004567
1009991
1003440
1001159
1006628
1004321
1006994
1001907
1010580
1000101
1003712
1002762
1007812
1012872
1006978
1012597
1012058
1001350
1003922
1012502
1009198
1007282
1007283
1001806
1006227
1000300
1003593
1000051
1009177
1001443
1007060
1001441
1005179
1008976
1004885
1002358
1001924
1009588
1009041
1007382
1001606
1007008
1004456
1009102
1003799
1000966
1003628
1004291
1005201
1002838
1008944
1007326
1009117
1010270
1005570
1005360
1001382
1000958
1010800
1000184
1010609
1006655
1011778
1004134
1007348
1011626
1002889
1002471
1006800
1009955
1005488
1011255
1007232
1010360
1002482
1010841
1000262
1001327
1009287
1009697
1001755
1007102
1004694
1011500
1007548
1002602
1001420
1006125
1000931
1011894
1009379
1000489
1004790
1001959
1004013
1010223
1010044
1000981
1001177
1000725
1011988
1003927
1002962
1012755
1000918
1002246
1004760
1011526
1005319
1010054
1006712
1007230
1007270
1007578
1003911
1000197
1006577
1002495
1001378
1012457
1009265
1011372
1012013
1001940
1000245
1003808
1001133
1010317
1001346
1002607
1012098
1012669
1011572
1008899
1009901
1008816
1000244
1000532
1003194
1003735
1004246
1012965
1004777
1005468
1001791
1007033
1003358
1010567
1006839
1005577
1006830
1002813
1012312
1011682
1002685
1007359
1010239
1011034
1001913
1000719
1009034
1004556
1010051
1012838
1003529
1005954
1000182
1007368
1009820
1010265
1003801
1010597
1002466
1001883
1009525
1002936
1012613
1002030
1006782
1012236
1012397
1004920
1009478
1012129
1009175
1001830
1007056
1008903
1003093
1009893
1005425
1004296
1002472
1000864
1012042
1010952
1012901
1009564
1001050
1005683
1000102
1007321
1004845
1010081
1011999
1012666
1001503
1002364
1011159
1001306
1001290
1006280
1007587
1003338
1004028
1001565
1002979
1009969
1007621
1004219
1007037
1001080
1012449
1011433
1002410
1012972
1009396
1006502
1003690
1004368
1002383
1005914
1000791
1004064
1010248
1003326
1005123
1000222
1009274
1011197
1002670
1000999
1011573
1000912
1004675
1005288
1009252
1003046
1003396
1010709
1007800
1010551
1012690
1007355
1007685
1001987
1001112
1010589
1010221
1011771
1006846
1001507
1001667
1000517
1000466
1010525
1001408
1004943
1011729
1008967
1003402
1003544
1012887
1002151
1009945
1007829
1005831
1002256
1000380
1006430
1000006
1000675
1010892
1012385
1004815
1004692
1011837
1011059
1001480
1002839
1002921
1005924
1006464
1000412
1005451
1010263
1011460
1000287
1003327
1004609
1009480
1003068
1002251
1002339
1012211
1012543
1004538
1001034
1009149
1011382
1004436
1004735
1000149
1000491
1012621
1009106
1000333
1000204
1005095
1006196
1004369
1011263
1007116
1000427
1007871
1001340
1009791
1008946
1006736
1001243
1009693
1011323
1000308
1007384
1010407
1000904
1012126
1004583
1010830
1003415
1005292
1003770
1000588
1009515
1011064
1011800
1009889
1000729
1006941
1003891
1010759
1002422
1010106
1005654
1003026
1010500
1011385
1004112
1005227
1001505
1001002
1004441
1011785
1003654
1004824
1001858
1000706
1005226
1007825
1007764
1002305
1010008
1001980
1011851
1012332
1009517
1000975
1010356
1004107
1012139
1002300
1004727
1010524
1012343
1010499
1010659
1002710
1002496
1006517
1000276
1002341
1010576
1001760
1011264
1006198
1012532
1003399
1006344
1005295
1007347
1009581
1009087
1004754
1000769
1011480
1006158
1008809
1011134
1006503
1000255
1006397
1011389
1002076
1007852
1011508
1002644
1009054
1004835
1012795
1001439
1001616
1010998
1003803
1001605
1009124
1006274
1006342
1010851
1010163
1001386
1009301
1009982
1001293
1005453
1000392
1009724
1009334
1000785
1009899
1010215
1004616
1010432
1006525
1002824
1003611
1007859
1011068
1007707
1005400
1012150
1012009
1000874
1004337
1005153
1000795
1006116
1006894
1008920
1003044
1009212
1001114
1010616
1003354
1003671
1012382
1011667
1002368
1004392
1002055
1002571
1009432
1012645
1006757
1012195
1002870
1004052
1009116
1011170
1011983
1009748
1006701
1007530
1000666
1000635
1010202
1006985
1012156
1012846
1000652
1012545
1012270
1011411
1001552
1012338
1002526
1012259
1004143
1004630
1012001
1007794
1000704
1009223
1009868
1009499
1007631
1006386
1001022
1002468
1008885
1006380
1009401
1010995
1010174
1011212
1012109
1012481
1007323
1002944
1005802
1000822
1002768
1007552
1011566
1010082
1002596
1004376
1004189
1005673
1011972
1004682
1001042
1007498
1012946
1004140
1012708
1007628
1004874
1007292
1005190
1007238
1005126
1009951
1001163
1011443
1011863
1006557
1003638
1006792
1005445
1008806
1012886
1008874
1008934
1000980
1012172
1010665
1004162
1001585
1001280
1002342
1005152
1010779
1002285
1007446
1010334
1007117
1009719
1009233
1003717
1000475
1007842
1000094
1003572
1012787
1003039
1005155
1010803
1002189
1002242
1006315
1003212
1002160
1008810
1011944
1003781
1009622
1000998
1012114
1007754
1000598
1006552
1001674
1004655
1005320
1005756
1012744
1002175
1011529
1010079
1000940
1005141
1003012
1012428
1003960
1012096
1010162
1003861
1012079
1010115
1001574
1005146
1010549
1002372
1003273
1005603
1000074
1009718
1009412
1006807
1005418
1000190
1005659
1005617
1012522
1010247
1000045
1009040
1010363
1000395
1012531
1010962
1012365
1002738
1006392
1010833
1006718
1010778
1004805
1011058
1010273
1011577
1003424
1004837
1009797
1000177
1009818
1000481
1001545
1004969
1005278
1011943
1012984
1002478
1010041
1004660
1005467
1010288
1000584
1010122
1005633
1012892
1010522
1009050
1009097
1003678
1010015
1009479
1004921
1012558
1004773
1000155
1008995
1006710
1001823
1001342
1005479
1003241
1003481
1009963
1005562
1006154
1002088
1003993
1001412
1007804
1009831
1012210
1004883
1012958
1007295
1010413
1006200
1008913
1004241
1005935
1009492
1001838
1002152
1010475
1011193
1007021
1009733
1003392
1011219
1005981
1000136
1011164
1000321
1003426
1002925
1007509
1000670
1008924
1010492
1002425
1011836
1002194
1007393
1001893
1003217
1012357
1004166
1003350
1004850
1005301
1006474
1011953
1000444
1000597
1012942
1004212
1012108
1002546
1010668
1000480
1004606
1010816
1009268
1000869
1004808
1006784
1006153
1000707
1008826
1006831
1001084
1009025
1009985
1002476
1000676
1005527
1000688
1006974
1007025
1004658
1010566
1002373
1011320
1009865
1001568
1004565
1006719
1007515
1002075
1000298
1002226
1011675
1009860
1000442
1011951
1006423
1001491
1010746
1002017
1004644
1008893
1011817
1009707
1002442
1006916
1003101
1010157
1008868
1003177
1001724
1000091
1001750
1006107
1004302
1002465
1009163
1003450
1001579
1012980
1007222
1003476
1006066
1010139
1007259
1002331
1005410
1005408
1012263
1012572
1002070
1006881
1003365
1002430
1001882
1001170
1012907
1005782
1003924
1010292
1009782
1002928
1004841
1009232
1004487
1011272
1011656
1005701
1002003
1002757
1011030
1011254
1004006
1012587
1012505
1002140
1006616
1007867
1002733
1009038
1002119
1012867
1003577
1011360
1012536
1006931
1012227
1009827
1003622
1005869
1007121
1006959
1003814
1003903
1004571
1007444
1000551
1006704
1009882
1001176
1009596
1005384
1001808
1001162
1005579
1007661
1007063
1012439
1001371
1009728
1003071
1009375
1012875
1003594
1002428
1000689
1011298
1011482
1005025
1002907
1005907
1009585
1003015
1004744
1003066
1003584
1009101
1001945
1007703
1004477
1003489
1009409
1005707
1006236
1011724
1006783
1004093
1005206
1002455
1004364
1003791
1011900
1006917
1003340
1005139
1003427
1003719
1002053
1009909
1003682
1000736
1009553
1011293
1011001
1004204
1010497
1007664
1003073
1004318
1009410
1011026
1010817
1012860
1009299
1002992
1009869
1009417
1007570
1002657
1010795
1004817
1011859
1005724
1006349
1011440
1012976
1001572
1002514
1006017
1007244
1011890
1009188
1001665
1011634
1007082
1010878
1006907
1011927
1001483
1005587
1011464
1002525
1011857
1011741
1002048
1007545
1012527
1005327
1001772
1009262
1001278
1004295
1003568
1007430
1001519
1004939
1007656
1009778
1004218
1007240
1007026
1003287
1006995
1004713
1001438
1011031
1006329
1007142
1009916
1011796
1010434
1005733
1001644
1012324
1006936
1001263
1008970
1012097
1007324
1003118
1009003
1003920
1011199
1003060
1010412
1005076
1011383
1006698
1012950
1011941
1003114
1005403
1011297
1012916
1012200
1007329
1012784
1002570
1006780
1000800
1007512
1009530
1003384
1012437
1005616
1005887
1003926
1003888
1004572
1001065
1003877
1012824
1001314
1005521
1002376
1010306
1009253
1006262
1010683
1009055
1001423
1011343
1009738
1004615
1010339
1003013
1005728
1009646
1008814
1005555
1001920
1001748
1006251
1000792
1007670
1002139
1012399
1002548
1012855
1005279
1001330
1004360
1010742
1000764
1006896
1010638
1006144
1009048
1006982
1000537
1002584
1010639
1003899
1006353
1001929
1005638
1000354
1006076
1005889
1009603
1007496
1005765
1001152
1002667
1007573
1010565
1005547
1001854
1002255
1012130
1006032
1004083
1007840
1009829
1010630
1009321
1007522
1012394
1011247
1006447
1003933
1002416
1011913
1010987
1001506
1010944
1001298
1004520
1000710
1006230
1012804
1012226
1009953
1012890
1000256
1007744
1011246
1010057
1004534
1006412
1002845
1005615
1002338
1009560
1009677
1012398
1004714
1001571
1004828
1007032
1006716
1009247
1000568
1007112
1002875
1007325
1010602
1011847
1003789
1007203
1000968
1010078
1003875
1005428
1003553
1006739
1006608
1006521
1003882
1004450
1000722
1008978
1002145
1006497
1010088
1011265
1009786
1000103
1000038
1010485
1011655
1010308
1010799
1004069
1003234
1012959
1006864
1009132
1011835
1003323
1001518
1004430
1003756
1001223
1009605
1004128
1003154
1003009
1009763
1010530
1003740
1007864
1010720
1009398
1006122
1007242
1002298
1003113
1003166
1000175
1007069
1007577
1004499
1009974
1003203
1002519
1005677
1011908
1004820
1011280
1002378
1006837
1012575
1012994
1009408
1007198
1006491
1003164
1004322
1007089
1007752
1003258
1001459
1003349
1004245
1000740
1005424
1001722
1005650
1000508
1006148
1001012
1006205
1000656
1007081
1002621
1006697
1004880
1010243
1005823
1003045
1011235
1005117
1005502
1007216
1001305
1002351
1005101
1000468
1001666
1009921
1003138
1000124
1002352
1000087
1012046
1009872
1006166
1005375
1002131
1012566
1001743
1002299
1002822
1010711
1000976
1006544
1000118
1012076
1005120
1008982
1000647
1002231
1002467
1006627
1005106
1010184
1012326
1002240
1003984
1010145
1011201
1004896
1001426
1001636
1006640
1006541
1012611
1011079
1006680
1011964
1002398
1001504
1005422
1006327
1012978
1010931
1002292
1000911
1000440
1012159
1007049
1002646
1009943
1011241
1011742
1007315
1009568
1001651
1011658
1007828
1010245
1009067
1010298
1000858
1006673
1006764
1010770
1006796
1005031
1000166
1004342
1006067
1005047
1009008
1010717
1011915
1009503
1003366
1011669
1005253
1003629
1007674
1004712
1005737
1000110
1009027
1011881
1005114
1002272
1001204
1012635
1010710
1006338
1004889
1010790
1009431
1004051
1003994
1011459
1011472
1012898
1005435
1000755
1000421
1006424
1004958
1002986
1010685
1001448
1009927
1007423
1005634
1011427
1006962
1000648
1001380
1009504
1000571
1011353
1003964
1001273
1010852
1001695
1011454
1007555
1011706
1003163
1006003
1005702
1009205
1012445
1002771
1007428
1002529
1006855
1002451
1010367
1006702
1002275
1006126
1009794
1006128
1002618
1006313
1002317
1011541
1003769
1004859
1010752
1006687
1006347
1010347
1002058
1006146
1005256
1002330
1012523
1011779
1005294
1011135
1010443
1011202
1003747
1009784
1003975
1001436
1000309
1002283
1005789
1001656
1009516
1002660
1006821
1003257
1003069
1003456
1007525
1010937
1007668
1002149
1000948
1003793
1000398
1011419
1010977
1003072
1012952
1010358
1002097
1009751
1004695
1011625
1005549
1001402
1002864
1010001
1011102
1004576
1005127
1001727
1012747
1000264
1002381
1011024
1012731
1010013
1001115
1011198
1011252
1000120
1000900
1012019
1004539
1007028
1007837
1006441
1007145
1004121
1012085
1011444
1011431
1010447
1011373
1003602
1000701
1007013
1012827
1004319
1001373
1000828
1005345
1002135
1001541
1011305
1005354
1012298
1005759
1000058
1011586
1004280
1010113
1000809
1008880
1010631
1010939
1006980
1003936
1006790
1004095
1007377
1010063
1012417
1010132
1012552
1009911
1012038
1006564
1004221
1010319
1007698
1010561
1009007
1003902
1012730
1001003
1005161
1003362
1007398
1011925
1000961
1005034
1000768
1000493
1012733
1010383
1010315
1012017
1000528
1011396
1001643
1007591
1005649
1006939
1003021
1009493
1011727
1011971
1000169
1005529
1001517
1012756
1007481
1009758
1003768
1012551
1000718
1000519
1001304
1005219
1004299
1001813
1004752
1001142
1002249
1004497
1011294
1005432
1004292
1007543
1009695
1001409
1005744
1006776
1012165
1011449
1001445
1006692
1009910
1002916
1010743
1010321
1010539
1007101
1000381
1011630
1000547
1002828
1010673
1006257
1000112
1012196
1000813
1003150
1002304
1010978
1012626
1011815
1006208
1003867
1004351
1012341
1002642
1005452
1005922
1000434
1004641
1001537
1010805
1010059
1004422
1000760
1004974
1009796
1006983
1010480
1005204
1001747
1003970
1005447
1012104
1012261
1005444
1004111
1007607
1004855
1003575
1005163
1011388
1007485
1009380
1002892
1011312
1003410
1005879
1006575
1003207
1005599
1004528
1006161
1011492
1011962
1000709
1011774
1002691
1010125
1000455
1005474
1009352
1006548
1000818
1012329
1005815
1006699
1012335
1007341
1000842
1012483
1012919
1004216
1009421
1011447
1011224
1007767
1005699
1012255
1002232
1012306
1006025
1000441
1004596
1011790
1010056
1003462
1009357
1009841
1009245
1004925
1004809
1002485
1002625
1004634
1001368
1004365
1012181
1012861
1010542
1001723
1001070
1003849
1006688
1003055
1012334
1009898
1005582
1006876
1001222
1002672
1002248
1006540
1007701
1005267
1002807
1007597
1005991
1012694
1009541
1002718
1010155
1007111
1011730
1009981
1009342
1006371
1004148
1002735
1005284
1001780
1012736
1002877
1012996
1002016
1007407
1010760
1004263
1009383
1008994
1003448
1001394
1000844
1007167
1006825
1010022
1009660
1010538
1003219
1001297
1000637
1012766
1006961
1006413
1009875
1011621
1000525
1000349
1005304
1011570
1000682
1006636
1006312
1009390
1003620
1010381
1002908
1011604
1006614
1010494
1007170
1005691
1010883
1005930
1006094
1000297
1004325
1011216
1010650
1006751
1010225
1012500
1011982
1012285
1006576
1005825
1011804
1011910
1000143
1009293
1003307
1011814
1008965
1007851
1012655
1005217
1011589
1006443
1009608
1000851
1003807
1006047
1005489
1008883
1010171
1003377
1011661
1002220
1007391
1012294
1009356
1009543
1000355
1003412
1003334
1006155
1011759
1010269
1010355
1012615
1001392
1007470
1002034
1000374
1000437
1007507
1004225
1000253
1011856
1011065
1005367
1010241
1007503
1007526
1003982
1003124
1012174
1002608
1003083
1005639
1000885
1000469
1010039
1002554
1012734
1005057
1004913
1003613
1011720
1002252
1003259
1003167
1006508
1000306
1004167
1011902
1005081
1009708
1006515
1007541
1010794
1010126
1000613
1005287
1003262
1000413
1003049
1012780
1011401
1003714
1000754
1000202
1004568
1001492
1012214
1001622
1005001
1002029
1004125
1003977
1000383
1011797
1003064
1003011
1011248
1001328
1001652
1000638
1000135
1010791
1012630
1006693
1004210
1002480
1005927
1005413
1001390
1000664
1000659
1004771
1004491
1006590
1012345
1010676
1006904
1009123
1007397
1004395
1002229
1002323
1001023
1002707
1011405
1007567
1011533
1009556
1011898
1010307
1003534
1005200
1007839
1000937
1011690
1009615
1005745
1006551
1012060
1003705
1002209
1004856
1012024
1005023
1001052
1002282
1010725
1009725
1006781
1011077
1005016
1007737
1002401
1007307
1002743
1004129
1005116
1011978
1011938
1006872
1011897
1009474
1004494
1001364
1010558
1003331
1012375
1002458
1002333
1011611
1010235
1005762
1004586
1010772
1010653
1007523
1010210
1002144
1012639
1002503
1003624
1000277
1005113
1006470
1003722
1007589
1001960
1004667
1000487
1000974
1004574
1010979
1012896
1002863
1012568
1011490
1002078
1005481
1005871
1004711
1003757
1001702
1010546
1001744
1011404
1001615
1001343
1004059
1012487
1005164
1009439
1005104
1001230
1007582
1007402
1007285
1001649
1002415
1002081
1009347
1007087
1009649
1004756
1010888
1011236
1008812
1004758
1000617
1011183
1006383
1004903
1002487
1007518
1002023
1005775
1009730
1012993
1007245
1011402
1011008
1010491
1005059
1001326
1003853
1012841
1000365
1002211
1012134
1000893
1000511
1005576
1007624
1012157
1006596
1012878
1009169
1002963
1001355
1011699
1012563
1006482
1003817
1011700
1011012
1005971
1001221
1007798
1010131
1009880
1006483
1002830
1009323
1005035
1009977
1005005
1009179
1006748
1001395
1012081
1002243
1005813
1005882
1000324
1007084
1012438
1012640
1010860
1002969
1004268
1000592
1007519
1010151
1007016
1012193
1010914
1002831
1010721
1004373
1006140
1001239
1000840
1004530
1001425
1008933
1004632
1006816
1004676
1011013
1009367
1009011
1002178
1011750
1002775
1001715
1009403
1004767
1000817
1002132
1007769
1011637
1005133
1001069
1011794
1005363
1005828
1006420
1005160
1001566
1006958
1004842
1008847
1012801
1012960
1000915
1011220
1001560
1006969
1011957
1004453
1010343
1001627
1003180
1005542
1005250
1010418
1007335
1009176
1012280
1004259
1006498
1004090
1002911
1004466
1004308
1002880
1000267
1009966
1007598
1000628
1003439
1010902
1003884
1010330
1007369
1010941
1010924
1004375
1006684
1009292
1005543
1006946
1004541
1007613
1006714
1012119
1011127
1005286
1007455
1007161
1001406
1012658
1008992
1001139
1005495
1001869
1005723
1009900
1009086
1002493
1010953
1003214
1001639
1001985
1005054
1010661
1002006
1003589
1012700
1001551
1002186
1008842
1006494
1012580
1003672
1005913
1001805
1010096
1012393
1009800
1003930
1010514
1012853
1004640
1000778
1008954
1012427
1012715
1005430
1007681
1011985
1011848
1009907
1001953
1006747
1009026
1004914
1012450
1002062
1006436
1010854
1011432
1009736
1006054
1005648
1004963
1005784
1012571
1007332
1004728
1004853
1000167
1010990
1006306
1003771
1000296
1000678
1002960
1012072
1011980
1001231
1002014
1007850
1011279
1010693
1005178
1005989
1003117
1009496
1000720
1001387
1002018
1011628
1001526
1010289
1007100
1004041
1007440
1004404
1004113
1000698
1003743
1001946
1002499
1007473
1001881
1004507
1009654
1007550
1010916
1004757
1002679
1009189
1009903
1004401
1007221
1006960
1007094
1012534
1005504
1006887
1010694
1009710
1010934
1012095
1001015
1001083
1007439
1000144
1002826
1006462
1004508
1000604
1002942
1003486
1007819
1005956
1007609
1003996
1010095
1003067
1012544
1012973
1001055
1001683
1005836
1007133
1006746
1002581
1006526
1005998
1006735
1010832
1012687
1005546
1008904
1009534
1001626
1003018
1000983
1004403
1011763
1012106
1006357
1012991
1005559
1001631
1009053
1005174
1012600
1005177
1002325
1012153
1009528
1006141
1003492
1004600
1011290
1003931
1012456
1005058
1005274
1005534
1010617
1007420
1005365
1009680
1009535
1010275
1010009
1006803
1009672
1010834
1011527
1002441
1002589
1011071
1004184
1012314
1012223
1009804
1007622
1007617
1010177
1003497
1011725
1005814
1011437
1003057
1007516
1001713
1009658
1011780
1003764
1005753
1000125
1006481
1006233
1000906
1012662
1007632
1006379
1011413
1011958
1010955
1007004
1004718
1004081
1007158
1002212
1001049
1008878
1011671
1005848
1012800
1004077
1001863
1005974
1012319
1003087
1009012
1001793
1010019
1007814
1004551
1004636
1001040
1005531
1004042
1012170
1003418
1000650
1006171
1001848
1006334
1001398
1003655
1012007
1000703
1002524
1010771
1004483
1005536
1007874
1002766
1012062
1012707
1004330
1001470
1000086
1008979
1000473
1001542
1010926
1005686
1003467
1001915
1001673
1004956
1000550
1005131
1001759
1006911
1005476
1011228
1012182
1000787
1012455
1002694
1006433
1010312
1008923
1001482
1010635
1007601
1005675
1012257
1003425
1009440
1009089
1004897
1005704
1011781
1009824
1011113
1010303
1002147
1006924
1009746
1002669
1007210
1005356
1010581
1011886
1012889
1005983
1009127
1012799
1010352
1011337
1011172
1011333
1002560
1007574
1001451
1003767
1005588
1005903
1000346
1003610
1006114
1007456
1006083
1005748
1012758
1007189
1007414
1009045
1002015
1002750
1002773
1004663
1002703
1006457
1001803
1003199
1001778
1006847
1010311
1001227
1011188
1005996
1001244
1003963
1003387
1012577
1000580
1011273
1010158
1005433
1001419
1003299
1001026
1010368
1012987
1004358
1001575
1011960
1001150
1003783
1005379
1011489
1011622
1009559
1001709
1005038
1007464
1007633
1001662
1010282
1010069
1005929
1000819
1009489
1002274
1007206
1001771
1011324
1003734
1011004
1000488
1004149
1002825
1011501
1007249
1001089
1005845
1011979
1009063
1011981
1011260
1010689
1010684
1005431
1005039
1006754
1009035
1007642
1009462
1009231
1003485
1003599
1010205
1002098
1001497
1003034
1011557
1010495
1010912
1004703
1002854
1001795
1011470
1012764
1000460
1004200
1010968
1011644
1010864
1001397
1004034
1002375
1012113
1001540
1012248
1006951
1006005
1006913
1001827
1011609
1003527
1012541
1009360
1005936
1000153
1011124
1011308
1006542
1001671
1012198
1006615
1001192
1006537
1009091
1006463
1006375
1000522
1006213
1011568
1012222
1003831
1004390
1002923
1003084
1010647
1008861
1007476
1005873
1004190
1006775
1011138
1009551
1003535
1007274
1010908
1010997
1007734
1012786
1001840
1000965
1011450
1002683
1001678
1005439
1011117
1010318
1009519
1006650
1004178
1002573
1002758
1005919
1012471
1011731
1003292
1007204
1003452
1011590
1006275
1011773
1010372
1011167
1004803
1002739
1009990
1004049
1004668
1006715
1007810
1010858
1012151
1001741
1002214
1003776
1010612
1004799
1000943
1011899
1002399
1001761
1004865
1010656
1006733
1006123
1005072
1007165
1000843
1007209
1007363
1009267
1007459
1010951
1010416
1012203
1002789
1009016
1000084
1011258
1010875
1001777
1001405
1009639
1006132
1002652
1012726
1005992
1000450
1005978
1005767
1004067
1010379
1004605
1006752
1000065
1010136
1000644
1010753
1003816
1009633
1012288
1006563
1003837
1011984
1003988
1012908
1007226
1010361
1000600
1006097
1011471
1005518
1011415
1007671
1008911
1006553
1005754
1006019
1009656
1001212
1009206
1010850
1012431
1011232
1007173
1000835
1003809
1001086
1004959
1006948
1012858
1003908
1004569
1010706
1005563
1009836
1012433
1000772
1010506
1003243
1006513
1012475
1011393
1010880
1012880
1008840
1010728
1000502
1002508
1010777
1007458
1008841
1001234
1003161
1007215
1002195
1009600
1004008
1002277
1005886
1001401
1009277
1012499
1006827
1004562
1005265
1007320
1005592
1009936
1010993
1008898
1007735
1012542
1010780
1006947
1004531
1005244
1001516
1010484
1004519
1000887
1000353
1001752
1005685
1010503
1005718
1000185
1007103
1012177
1002321
1006335
1004048
1012090
1007461
1005719
1005110
1002427
1012410
1012667
1009140
1012321
1009937
1006006
1011281
1004818
1003247
1002208
1004469
1012409
1009059
1000922
1000514
1004706
1010060
1009459
1010213
1010220
1011502
1012798
1012429
1001155
1002791
1011767
1007700
1001031
1011473
1011907
1002814
1000248
1012634
1003866
1001000
1012454
1009590
1010651
1001317
1003165
1002993
1010149
1010678
1011560
1004423
1009809
1005880
1004144
1009766
1000156
1004269
1005235
1004720
1006809
1007093
1007190
1009890
1002706
1000897
1003364
1011157
1007741
1011858
1011476
1012937
1000917
1011556
1010280
1007495
1002639
1002645
1006099
1000711
1012601
1001018
1006129
1002947
1000464
1012794
1003725
1003856
1010455
1006898
1011078
1003630
1006826
1011128
1004857
1010238
1000357
1011543
1010252
1002350
1012790
1012592
1002940
1005491
1011146
1001010
1011110
1001524
1004527
1004094
1010076
1002827
1007287
1005535
1007271
1009257
1011104
1010785
1000730
1012490
1001287
1007641
1007239
1002107
1010611
1000521
1000017
1012586
1004005
1004464
1011806
1010508
1012067
1005875
1012273
1012143
1012518
1004787
1003004
1009521
1010688
1001418
1007844
1001126
1006645
1007038
1005148
1007630
1011932
1010493
1004954
1003939
1001076
1005374
1004770
1009604
1011571
1011757
1012944
1002346
1006195
1006216
1010568
1006429
1005601
1011968
1002434
1001274
1012895
1009276
1010919
1002949
1004252
1009348
1006387
1003881
1001728
1006797
1010286
1006571
1001269
1005973
1003567
1007748
1012550
1009648
1001814
1005484
1008948
1001958
1002689
1005298
1011555
1003631
1000520
1003753
1004336
1011939
1001160
1011607
1001219
1006587
1002747
1012923
1012171
1010466
1010046
1006354
1001714
1005493
1002498
1011904
1002997
1012851
1006172
1011019
1004467
1003537
1012128
1006065
1001358
1004315
1010214
1009979
1001564
1000765
1002550
1005275
1009010
1010142
1001852
1010906
1005856
1000954
1000802
1010128
1004440
1011076
1005849
1004078
1005236
1000724
1011963
1001105
1006150
1007869
1004560
1001967
1009745
1011493
1007659
1000583
1000848
1005847
1009834
1005553
1002800
1010815
1011213
1005526
1001388
1003947
1002150
1011922
1002261
1006866
1012813
1011163
1004677
1007595
1004029
1009513
1011069
1003531
1000776
1006644
1006452
1009039
1006925
1010927
1000576
1002191
1000573
1012305
1002938
1009051
1005770
1007480
1011096
1011770
1006014
1012915
1001604
1007775
1003242
1006529
1010362
1007105
1007092
1003256
1012084
1002951
1010452
1004021
1001062
1005353
1002395
1005703
1003948
1005568
1002849
1000243
1007785
1005134
1001782
1002450
1004435
1004994
1001374
1005730
1010967
1012291
1003333
1005558
1003566
1003141
1006320
1010862
1007413
1011408
1004242
1006070
1000208
1009309
1005088
1001829
1011918
1009456
1003663
1004722
1012504
1002622
1007634
1010548
1009135
1007818
1003246
1006879
1007066
1007854
1003515
1011871
1003897
1005346
1002559
1004088
1006706
1004451
1005980
1004014
1003106
1006050
1008947
1001454
1004588
1012442
1011179
1010281
1000924
1006932
1007696
1011723
1000344
1007246
1001341
1006501
1005613
1005033
1012065
1010623
1009363
1010783
1010663
1002893
1011870
1011956
1002182
1006174
1010536
1001365
1001641
1010573
1003585
1001584
1010527
1000565
1007720
1012619
1005916
1010048
1004037
1009074
1001242
1001834
1003079
1004116
1008929
1004199
1009635
1011670
1005511
1002483
1005469
1011834
1003190
1011751
1004984
1010974
1006194
1011458
1012344
1010768
1004927
1001432
1002681
1004738
1006490
1010411
1007612
1005787
1011418
1012284
1003998
1003835
1011955
1001117
1010338
1005711
1009781
1003971
1005990
1010601
1001595
1005625
1007155
1000341
1011056
1001270
1004578
1009533
1000646
1009030
1000830
1000406
1007702
1005722
1010471
1009961
1000821
1012241
1006829
1005333
1006570
1011239
1001654
1007689
1012641
1010268
1006304
1011399
1005475
1005958
1004942
1005503
1010788
1003003
1003907
1007672
1000671
1003464
1000542
1012355
1010479
1009222
1005242
1010425
1003549
1012441
1012262
1000284
1011189
1012517
1004864
1012160
1004388
1004076
1004380
1011037
1001260
1001362
1001128
1005382
1005646
1003059
1011354
1007600
1002535
1010460
1010061
1003092
1002850
1005457
1009912
1006510
1011469
1007248
1004698
1006291
1012447
1009415
1011129
1000273
1001085
1005466
1009843
1009388
1004270
1012737
1011436
1007353
1010257
1000859
1010872
1012414
1000229
1011710
1011025
1003291
1002223
1001756
1009984
1002981
1003955
1002177
1004238
1005415
1011923
1006258
1000462
1010700
1007303
1005147
1009270
1000025
1012928
1001949
1003472
1001721
1012289
1007039
1011151
1005247
1002412
1011329
1000988
1000275
1000130
1007277
1004003
1009343
1001886
1011465
1012772
1004696
1001038
1002534
1006778
1011624
1009497
1003158
1011277
1009168
1003673
1003283
1001486
1008807
1002181
1001165
1009339
1006675
1006652
1005514
1004057
1001136
1004046
1011392
1012243
1005372
1010071
1003552
1000779
1010285
1009681
1011853
1006119
1010605
1011136
1007109
1002049
1009185
1011311
1007637
1005712
1007431
1004734
1002462
1011230
1010839
1008901
1011930
1001174
1004724
1010670
1004747
1012201
1007150
1005454
1002583
1009444
1003183
1012840
1004582
1012769
1012843
1000052
1003062
1001154
1011109
1012519
1011714
1003785
1004796
1012443
1007419
1011395
1011229
1010439
1000311
1009083
1000497
1005490
1002026
1010107
1010870
1003056
1012460
1012075
1006623
1004438
1011407
1001919
1002335
1010023
1010373
1004779
1011614
1003309
1002929
1002564
1001467
1009692
1006861
1004687
1000347
1006271
1009297
1010099
1009152
1006572
1001842
1006934
1011341
1009384
1001299
1009897
1008869
1002238
1005358
1010123
1005289
1000447
1005874
1004387
1008896
1011325
1009816
1010614
1000445
1005258
1009847
1009318
1011381
1010375
1012792
1001058
1010482
1001906
1005230
1010189
1007710
1010464
1002819
1003302
1000984
1011375
1004215
1002083
1007716
1011914
1011906
1012562
1009811
1011261
1010178
1002857
1011158
1006686
1010329
1001807
1001655
1007096
1003188
1012982
1006459
1001190
1003284
1006476
1003473
1007652
1000214
1009213
1010911
1012034
1005920
1006968
1012570
1010393
1010130
1000880
1011535
1009993
1009713
1005051
1001593
1002862
1000929
1004359
1012547
1008824
1011641
1005041
1011338
1011775
1007581
1004478
1001465
1009740
1000603
1006018
1011020
1005343
1001608
1005055
1003688
1001353
1001370
1006915
1001141
1000942
1011046
1012231
1003104
1003910
1003076
1009320
1010186
1010446
1006460
1004481
1012741
1006120
1001629
1012624
1012103
1001699
1012704
1012625
1004468
1003879
1011184
1009711
1002171
1005262
1005010
1012102
1010074
1011495
1003344
1002127
1003159
1011662
1005564
1006594
1009817
1007870
1000258
1001107
1007139
1003570
1005189
1006293
1009734
1010199
1012760
1006556
1005409
1010029
1009019
1010424
1004061
1006182
1009726
1002695
1002724
1002085
1009241
1002213
1009629
1000926
1008828
1006709
1010517
1011445
1011380
1007590
1003986
1003209
1001127
1010518
1012101
1010660
1002405
1011147
1009126
1000713
1005398
1009617
1006578
1007067
1003357
1006479
1007408
1000115
1001116
1002600
1004511
1004846
1003130
1004704
1009419
1001725
1010547
1004347
1008886
1011099
1006952
1002664
1001832
1012418
1007243
1010885
1006882
1012680
1006402
1003368
1004506
1006049
1012643
1006770
1004997
1004699
1001027
1010237
1006478
1003736
1012654
1011494
1006220
1006399
1002126
1006788
1001520
1012316
1003147
1003935
1003675
1011523
1010388
1001908
1004911
1003279
1003401
1010024
1010814
1000457
1004825
1003285
1002966
1005061
1005982
1002486
1003869
1000319
1001354
1003680
1002595
1009548
1009005
1005780
1007729
1012949
1007705
1000804
1000388
1000042
1009537
1012194
1000484
1012281
1010176
1005070
1009064
1012207
1012668
1011245
1005863
1007692
1002403
1009284
1012850
1006613
1002377
1008972
1001845
1001414
1003642
1010738
1006730
1004482
1009980
1001256
1000529
1004608
1005366
1012206
1011052
1004306
1009170
1011461
1000164
1001843
1001200
1006317
1002360
1003187
1004949
1009446
1008902
1011831
1004862
1001900
1012296
1003037
1009618
1004580
1000261
1009032
1009802
1009567
1002572
1012709
1008955
1005006
1011691
1008958
1010266
1003872
1008820
1005515
1006401
1001810
1007766
1000624
1006676
1010613
1010886
1002779
1002051
1010516
1002453
1004753
1012742
1003346
1011144
1002134
1010594
1009986
1011998
1001315
1004386
1002630
1007370
1006622
1003459
1000850
1010946
1009060
1000992
1011428
1007502
1000662
1000833
1009208
1005602
1003839
1006358
1007848
1002033
1001442
1008867
1009288
1004284
1003431
1007847
1011285
1000748
1002717
1012379
1005473
1002551
1003616
1003201
1003458
1011585
1006705
1001213
1009090
1004674
1007014
1008852
1006202
1012656
1007758
1002093
1002501
1010838
1010861
1010469
1004165
1002821
1004772
1005115
1010116
1010640
1010960
1009337
1003474
1012184
1006605
1011367
1000952
1001658
1002601
1007756
1001964
1012789
1006300
1003111
1001894
1010719
1009932
1009359
1005073
1000905
1011869
1004084
1006880
1004598
1004792
1003036
1007227
1002418
1000539
1010025
1001138
1011342
1007745
1006665
1003806
1003898
1010196
1000211
1011186
1012876
1001956
1005245
1011648
1002565
1010996
1003136
1002810
1009732
1005972
1002882
1008856
1003359
1006573
1006838
1005596
1001630
1007289
1004982
1004181
1006277
1010628
1002591
1003220
1005369
1002236
1005516
1009024
1003901
1009628
1009495
1004783
1006919
1011503
1003822
1009926
1001916
1012293
1006761
1002273
1002327
1011187
1001277
1000996
1012125
1001249
1010691
1010258
1000377
1005623
1005003
1001490
1001417
1004683
1010487
1011370
1006100
1005925
1006865
1003181
1006504
1008836
1012953
1001738
1005766
1003422
1001251
1007354
1004960
1000546
1001918
1001468
1008802
1012209
1012979
1012425
1010431
1003731
1002347
1011840
1000465
1005420
1001588
1010140
1010632
1003871
1000936
1012620
1006713
1005967
1004278
1012665
1009569
1009691
1007020
1006259
1007284
1005741
1002066
