1, 192.443872557, 185.484207502, 187.641537137, 188.05878976
2, 186.204999271, 183.414044524, 185.749931129, 186.390540041
3, 184.52401347, 182.843042661, 185.537463397, 185.592340352
4, 183.303324639, 182.094848215, 184.803797771, 185.03015099
5, 182.395913218, 182.637729105, 184.771213566, 185.362363368, restored to 4
6, 182.424076821, 183.212657423, 185.575956602, 186.010468565, restored to 4
7, 182.430564009, 181.892710159, 184.802592143, 185.226177357
8, 181.601739062, 182.099031422, 184.888560023, 185.474995272, restored to 7
9, 181.609747831, 182.235924359, 185.042168099, 185.334315076, restored to 7
10, 181.614314012, 182.60813012, 184.925142672, 185.504337923, restored to 7
11, 181.543700431, 182.543237277, 184.95907217, 185.560330803, restored to 7
12, 181.54744524, 182.218747213, 185.008458501, 185.310244337, restored to 7
13, 181.588326363, 182.706809823, 184.960150137, 186.047799946, restored to 7
14, 181.619484064, 182.234746088, 184.839195595, 185.528984823, restored to 7
15, 181.578489448, 182.605092088, 184.976416098, 186.040523482, restored to 7
16, 181.544203001, 181.945771378, 184.607035319, 185.385048949, restored to 7
17, 181.616959899, 182.309220824, 185.075534488, 185.705111562, restored to 7
18, 181.590732366, 182.270668343, 184.951423622, 185.309628145, restored to 7
19, 181.614258762, 182.715303325, 184.683410095, 185.349481182, restored to 7
20, 181.603881981, 182.443206508, 184.935173882, 185.476424888, restored to 7
21, 181.641406716, 182.47000143, 185.071522847, 185.330166193, restored to 7
22, 181.537313142, 182.472369538, 185.034702885, 185.426467142, restored to 7
23, 181.602716609, 182.257481963, 184.820222597, 185.38570696, restored to 7
24, 181.609936825, 182.922610697, 185.168113319, 185.565360081, restored to 7
25, 181.553248108, 182.226634265, 185.16591083, 185.528261067, restored to 7
26, 181.630020777, 182.283421556, 184.792811855, 185.306637799, restored to 7
27, 181.599162394, 182.250014005, 184.865423346, 185.653244584, restored to 7
28, 181.599179463, 182.262197137, 184.853404552, 185.556086411, restored to 7
29, 181.651421589, 182.128229777, 184.830138702, 185.370656614, restored to 7
30, 181.597418861, 182.466476231, 185.089061657, 185.301013523, restored to 7
31, 181.569768453, 182.895591492, 185.024034792, 185.554158434, restored to 7
32, 181.607464694, 182.17694057, 184.962645385, 185.468477508, restored to 7
33, 181.571808042, 182.497950166, 184.869431458, 185.644802423, restored to 7
34, 181.553122355, 182.599678632, 185.037415742, 185.763369148, restored to 7
35, 181.584869204, 182.133481587, 184.820611398, 185.381686081, restored to 7
36, 181.685364005, 182.229043482, 184.923156922, 185.311311133, restored to 7
37, 181.606795711, 182.072118611, 184.72023583, 185.269708798, restored to 7
38, 181.69362429, 182.264186911, 184.811676988, 185.264793679, restored to 7
39, 181.585844628, 182.085876186, 184.833753798, 185.572338057, restored to 7
40, 181.541959523, 182.281767057, 184.731919343, 185.523055654, restored to 7
41, 181.615824607, 182.630715636, 184.7601103, 185.363033153, restored to 7
42, 181.548401769, 182.103540987, 184.84196518, 185.53595404, restored to 7
43, 181.626448828, 182.122899791, 184.901048586, 185.633167879, restored to 7
44, 181.601985462, 182.333976084, 184.782872839, 185.543957463, restored to 7
45, 181.586220785, 182.37397146, 184.732054198, 186.069961736, restored to 7
46, 181.538173215, 182.292095376, 184.681387961, 185.247505282, restored to 7
47, 181.684874593, 182.039661216, 184.781263472, 185.284665614, restored to 7
48, 181.586548091, 182.118559467, 184.689258518, 185.299836335, restored to 7
49, 181.614350825, 182.464892801, 185.237683729, 185.736870283, restored to 7
50, 181.631822281, 182.543011879, 184.65755552, 185.824501885, restored to 7
51, 181.626537357, 182.202829579, 184.955739706, 185.495940597, restored to 7
52, 181.614036444, 182.324840528, 184.91575036, 185.853502062, restored to 7
53, 181.601250817, 182.277259792, 184.846119832, 185.546892331, restored to 7
54, 181.582418958, 182.160367922, 185.060088012, 185.58392334, restored to 7
55, 181.587728719, 182.589533209, 184.959985498, 185.407712395, restored to 7
56, 181.608244435, 182.277582526, 184.724365326, 185.345324575, restored to 7
57, 181.60977218, 182.299092889, 185.241624391, 185.69257901, restored to 7
58, 181.578459622, 182.444652888, 184.919239491, 185.63224444, restored to 7
59, 181.617040805, 182.54239024, 184.752728345, 185.75503719, restored to 7
60, 181.627436715, 182.138121583, 184.982592517, 185.607106621, restored to 7
61, 181.612792901, 181.972582046, 184.758334873, 185.283256625, restored to 7
62, 181.664888459, 182.022742494, 184.729569444, 185.325290444, restored to 7
63, 181.536286196, 182.138881596, 184.748395078, 185.271139828, restored to 7
64, 181.573098177, 182.307842516, 184.907429555, 185.542227663, restored to 7
65, 181.652590286, 182.767779555, 185.449813339, 185.795239107, restored to 7
66, 181.553547919, 182.33031056, 185.013072567, 185.316860246, restored to 7
67, 181.585419596, 182.548659442, 184.740466968, 185.369247342, restored to 7
68, 181.581487709, 182.826904506, 185.053157039, 185.505588673, restored to 7
69, 181.590195486, 182.149360901, 184.788347078, 185.193065125, restored to 7
70, 181.605513982, 182.664675708, 185.135614206, 185.328487349, restored to 7
71, 181.602618509, 182.2545706, 185.032899965, 185.605710724, restored to 7
72, 181.587267263, 182.071243844, 184.729146276, 185.370875512, restored to 7
73, 181.661367657, 182.5207484, 185.498523838, 185.879423353, restored to 7
74, 181.607389604, 182.888693335, 185.0387713, 185.612958932, restored to 7
75, 181.59772819, 183.082550188, 184.943103412, 185.550937135, restored to 7
76, 181.560221309, 182.196310592, 184.829967144, 185.826155392, restored to 7
77, 181.603834833, 182.269421721, 184.864399311, 185.401586556, restored to 7
78, 181.555498988, 182.464256949, 184.806911892, 185.368453979, restored to 7
79, 181.550675177, 182.209867295, 184.763453257, 185.365223355, restored to 7
80, 181.571508294, 182.34196932, 184.865207523, 185.505601012, restored to 7
81, 181.533592352, 182.214007373, 184.816177689, 185.429740058, restored to 7
82, 181.601260307, 182.160409797, 184.876770432, 185.537206673, restored to 7
83, 181.657232013, 182.659525832, 184.995767129, 185.589181406, restored to 7
84, 181.576369921, 182.258221143, 184.838197954, 185.740951726, restored to 7
85, 181.618250061, 182.210326452, 184.983909034, 185.597558952, restored to 7
86, 181.626577654, 182.357906603, 184.950997247, 185.402255117, restored to 7
87, 181.574730047, 182.222424024, 184.867869884, 185.496476538, restored to 7
88, 181.583482143, 182.275578817, 184.935471406, 185.394410593, restored to 7
89, 181.542456011, 182.255374647, 184.672935875, 185.345287276, restored to 7
90, 181.61824326, 182.170317767, 185.181615744, 185.525799316, restored to 7
91, 181.629283271, 182.132264368, 185.035679081, 185.500316761, restored to 7
92, 181.639687532, 182.289824812, 184.944882688, 185.728049478, restored to 7
93, 181.599315172, 182.234669864, 184.763560115, 185.299992502, restored to 7
94, 181.529935724, 183.139730933, 184.826371843, 185.348304654, restored to 7
95, 181.56649205, 182.439349031, 184.849034261, 185.440631443, restored to 7
96, 181.590131378, 182.168573667, 184.954490868, 185.600088991, restored to 7
97, 181.606932527, 182.413652185, 185.215943345, 185.668841798, restored to 7
98, 181.60570749, 182.266194034, 184.836151994, 185.555209125, restored to 7
99, 181.548692145, 182.223130527, 184.796381358, 185.315721582, restored to 7
100, 181.62381798, 182.268285116, 184.828654246, 185.327692762, restored to 7
101, 181.58585936, 182.261762715, 184.861220947, 185.397419965, restored to 7
102, 181.572327916, 182.031832621, 184.93556919, 185.316433188, restored to 7
103, 181.525354237, 182.120199683, 184.898809164, 185.210166272, restored to 7
104, 181.616862431, 182.341083196, 185.249233716, 185.493647163, restored to 7
105, 181.53902876, 182.124923218, 184.691802887, 185.520891166, restored to 7
106, 181.597012249, 182.176504544, 184.869159733, 185.335176915, restored to 7
107, 181.611953317, 182.261676527, 184.730673254, 185.638398441, restored to 7
108, 181.63003667, 182.123038932, 184.873773661, 185.443186442, restored to 7
109, 181.644338844, 182.117212095, 184.840596884, 185.566956508, restored to 7
110, 181.643054851, 182.261460326, 184.753955371, 185.164813477, restored to 7
111, 181.649961463, 182.322969968, 184.883544051, 185.663123143, restored to 7
112, 181.645734568, 182.376251499, 184.991552863, 185.420737373, restored to 7
113, 181.62266144, 182.281951765, 185.057936064, 185.597292111, restored to 7
114, 181.561976348, 182.568299664, 184.973487052, 185.553157194, restored to 7
115, 181.564744861, 182.337865333, 184.932878237, 185.432016443, restored to 7
116, 181.584097723, 182.220625856, 184.946173591, 185.382223059, restored to 7
117, 181.574124301, 182.568842779, 184.881507072, 185.593033119, restored to 7
118, 181.591627322, 182.762746802, 185.235006384, 186.333634742, restored to 7
119, 181.57018827, 182.229837078, 184.677887284, 185.418350126, restored to 7
120, 181.617985598, 182.900050333, 184.788052854, 185.777040835, restored to 7
121, 181.608585375, 182.156718006, 184.812431679, 185.307993571, restored to 7
122, 181.622574985, 182.375960468, 184.866463097, 185.413075859, restored to 7
123, 181.583862476, 182.182123472, 184.643522062, 185.399953866, restored to 7
124, 181.593777906, 182.260765877, 185.016199702, 185.537735174, restored to 7
125, 181.650451538, 182.416860363, 184.942489807, 185.501825121, restored to 7
126, 181.620196914, 182.083875961, 184.759681129, 185.480945634, restored to 7
127, 181.606217703, 182.42677544, 184.815505752, 185.367283762, restored to 7
128, 181.531885889, 182.540800678, 184.896223601, 185.392406134, restored to 7
129, 181.570996012, 182.080353898, 184.7295255, 185.523788075, restored to 7
130, 181.598814955, 182.293991368, 184.831763603, 185.779651406, restored to 7
131, 181.592134851, 182.333932189, 185.486216411, 185.413474848, restored to 7
132, 181.648007719, 182.374052213, 184.935670549, 185.47568333, restored to 7
133, 181.625081511, 182.377204512, 184.899332453, 185.424714548, restored to 7
134, 181.613284517, 182.618877045, 184.830149104, 185.554865613, restored to 7
135, 181.60716927, 182.266524223, 184.842433758, 185.642880004, restored to 7
136, 181.582959797, 182.329097591, 184.872430658, 185.540347441, restored to 7
137, 181.584698969, 182.061915777, 184.760727845, 185.499382867, restored to 7
138, 181.606195753, 182.305077679, 184.683002506, 185.256025903, restored to 7
139, 181.551692403, 182.033300182, 184.955819116, 185.512985041, restored to 7
140, 181.581527798, 182.113550404, 184.677467048, 185.446322406, restored to 7
141, 181.607480479, 182.201394416, 184.731369752, 185.314923322, restored to 7
142, 181.570525436, 182.120697788, 184.93291352, 185.554359153, restored to 7
143, 181.506365945, 182.182317446, 184.927476854, 185.48703747, restored to 7
144, 181.627436652, 182.099564713, 184.763909463, 185.292524079, restored to 7
145, 181.536386443, 182.275531786, 185.126735011, 185.831804629, restored to 7
146, 181.56937515, 182.047988474, 184.685996391, 185.437122957, restored to 7
147, 181.579480956, 182.173247455, 184.855680082, 185.497245318, restored to 7
148, 181.618415461, 182.188054124, 184.66706926, 185.555626952, restored to 7
149, 181.616831642, 182.440277448, 185.078891834, 186.281281836, restored to 7
150, 181.62806019, 182.964182257, 185.009102349, 185.568056083, restored to 7
151, 181.594776521, 182.549359605, 184.713580478, 185.419479464, restored to 7
152, 181.583558647, 182.473397381, 185.016779261, 185.60431624, restored to 7
153, 181.626215362, 182.76496504, 186.002179716, 185.872075305, restored to 7
154, 181.602200676, 182.317469418, 184.944995502, 185.542644171, restored to 7
155, 181.664300038, 182.558324596, 185.223387206, 186.017366857, restored to 7
156, 181.607630577, 182.432551693, 184.775608235, 185.325894862, restored to 7
157, 181.550528523, 182.635086896, 184.808740702, 185.441957733, restored to 7
158, 181.637408444, 182.220677554, 185.104220004, 185.387517293, restored to 7
159, 181.552335175, 182.118224889, 184.837073249, 185.522803224, restored to 7
160, 181.519243184, 182.613891323, 185.26983473, 185.922680702, restored to 7
161, 181.575116522, 182.280218325, 184.773507516, 185.490295222, restored to 7
162, 181.598500339, 182.468418836, 184.923934891, 185.615508091, restored to 7
163, 181.580519733, 182.756687182, 184.858980379, 185.673131966, restored to 7
164, 181.624641341, 182.23740711, 184.805755249, 185.708926166, restored to 7
165, 181.594290735, 182.675117179, 184.83292295, 185.768914211, restored to 7
166, 181.591642633, 182.531022372, 184.952886679, 185.578420851, restored to 7
167, 181.588339283, 182.54248653, 184.836626482, 185.455552655, restored to 7
168, 181.6114705, 182.537058303, 184.962303689, 185.663451018, restored to 7
169, 181.595347426, 182.871491384, 184.891343996, 185.705830798, restored to 7
170, 181.628504447, 182.253180865, 184.85251244, 185.325839007, restored to 7
171, 181.596015251, 182.372816391, 184.912080324, 185.260064302, restored to 7
172, 181.624942616, 182.648162215, 185.141300877, 185.415637169, restored to 7
173, 181.537962412, 182.367786773, 184.98951208, 185.814949507, restored to 7
174, 181.599644818, 182.303274076, 185.17258946, 185.424261776, restored to 7
175, 181.609604196, 181.967957867, 184.692038413, 185.202115283
176, 180.869056249, 183.238536121, 184.997391618, 186.256020911, restored to 175
177, 180.828845862, 182.812476241, 185.372191879, 186.597560835, restored to 175
178, 180.846878876, 182.605209978, 184.977741184, 185.607025806, restored to 175
179, 180.896466823, 182.410592763, 184.82476518, 185.626353134, restored to 175
180, 180.898353612, 182.554627231, 185.122729373, 185.863141755, restored to 175
181, 180.878814526, 182.326002914, 184.701520903, 185.443399594, restored to 175
182, 180.905615652, 183.130934206, 185.373769216, 186.056300316, restored to 175
183, 180.905296462, 182.491330918, 184.899626219, 185.448731128, restored to 175
184, 180.843955782, 182.811784997, 184.932069658, 186.190454836, restored to 175
185, 180.853118901, 182.354310685, 184.759732541, 185.946533674, restored to 175
186, 180.867600398, 183.552855888, 185.894076281, 186.277170534, restored to 175
187, 180.869372315, 182.774833784, 185.074726781, 185.865672641, restored to 175
188, 180.87372457, 182.344738129, 184.933544308, 185.557387552, restored to 175
189, 180.846355387, 182.638744267, 185.040631085, 185.794527878, restored to 175
190, 180.872950125, 182.808271016, 184.926645044, 185.577609969, restored to 175
191, 180.811150041, 182.37699493, 184.923692079, 185.522881684, restored to 175
192, 180.91047487, 183.245760844, 185.279990944, 185.813856525, restored to 175
193, 180.901093049, 182.785433347, 185.077910965, 186.199545966, restored to 175
194, 180.84041545, 182.443790035, 184.921685754, 186.079784911, restored to 175
195, 180.829070742, 182.807360993, 185.006210831, 186.130321173, restored to 175
196, 180.882913755, 182.379003446, 184.910203722, 185.780726115, restored to 175
197, 180.853470664, 182.2897203, 184.891831177, 186.092427948, restored to 175
198, 180.830154024, 182.628903602, 185.089375997, 186.340472186, restored to 175
199, 180.811734426, 182.205704362, 184.88257088, 185.764847932, restored to 175
200, 180.97062339, 182.740076492, 184.781971012, 186.11256258, restored to 175
