1, 193.158423793, 185.808909447, 187.75167166, 189.793777466
2, 186.908952909, 183.641483812, 186.140139744, 187.985319928
3, 185.205786681, 183.145564597, 185.559809026, 187.240535178
1, 193.224812175, 186.156724137, 188.247822442, 189.985201022
2, 186.877311427, 184.174395766, 186.183018676, 188.241079749
3, 185.221642897, 183.39004649, 185.33713467, 187.52296792
4, 184.152420344, 182.531911841, 184.73780062, 186.766831096
5, 183.215006004, 182.621071872, 184.837814642, 186.885243206, restored to 4
6, 183.120340847, 182.189210448, 184.61804604, 186.783623765
7, 182.368504659, 182.597908125, 184.813929655, 186.9579799, restored to 6
8, 182.338205788, 182.325119646, 184.669270952, 186.835857298, restored to 6
9, 182.316438096, 182.267992481, 184.573357985, 186.790099632, restored to 6
10, 182.3526932, 182.630917623, 184.704799552, 186.933079417, restored to 6
11, 182.355125392, 182.991948167, 184.90077423, 187.237579625, restored to 6
12, 182.300601389, 182.31109863, 184.704389255, 187.08162559, restored to 6
13, 182.227531023, 182.394074183, 184.563920758, 186.794872842, restored to 6
14, 182.371519812, 182.279955023, 184.704473913, 186.841643636, restored to 6
15, 182.412820046, 182.244797659, 184.820889487, 186.960368459, restored to 6
16, 182.298416438, 182.211092178, 184.709361619, 186.879591593, restored to 6
17, 182.380333156, 182.511144142, 184.708194655, 186.853686728, restored to 6
18, 182.351847945, 182.123911331, 184.669204934, 186.99469878, restored to 6
19, 182.377703334, 182.468642979, 184.77528199, 186.890059122, restored to 6
20, 182.345269353, 182.600181266, 184.918604548, 186.844946512, restored to 6
21, 182.349193897, 182.531611334, 184.625211087, 186.735459025, restored to 6
22, 182.353739665, 182.496284798, 184.823130571, 186.870447391, restored to 6
23, 182.324692249, 182.377369014, 184.7903151, 187.2121168, restored to 6
24, 182.314931125, 182.411532328, 184.716783084, 186.866404743, restored to 6
25, 182.359445259, 182.411121525, 184.731956771, 187.012044953, restored to 6
26, 182.344178457, 182.615914123, 184.931615179, 187.066741385, restored to 6
27, 182.426921942, 182.362697863, 184.819482653, 186.639846709, restored to 6
28, 182.429246421, 182.453280375, 184.803176035, 186.819316306, restored to 6
29, 182.350024275, 182.856209533, 184.735394759, 186.878251518, restored to 6
30, 182.404472316, 182.692030118, 184.621525667, 186.914608839, restored to 6
31, 182.399249476, 183.035208785, 184.837652401, 187.199680328, restored to 6
32, 182.342278929, 182.226015344, 184.689073435, 186.832022318, restored to 6
33, 182.402443053, 182.558464921, 184.783593759, 187.178600497, restored to 6
34, 182.40045072, 182.222396572, 184.797706181, 186.732095207, restored to 6
35, 182.342315692, 182.431952768, 184.67629471, 187.078543779, restored to 6
36, 182.357159554, 182.449380605, 184.581911315, 186.88924501, restored to 6
37, 182.405896827, 182.591097758, 184.804794356, 187.337683608, restored to 6
38, 182.391133766, 183.089452595, 184.785427082, 187.106494066, restored to 6
39, 182.343603865, 182.640736201, 184.917881868, 186.674315755, restored to 6
40, 182.321859474, 182.41873364, 184.691951162, 187.121541372, restored to 6
41, 182.319798491, 182.140171905, 184.682192344, 186.737357163
42, 181.476541224, 182.539310403, 184.797246371, 187.078448691, restored to 41
43, 181.57971472, 182.525899321, 184.635717409, 186.97454099, restored to 41
44, 181.549599108, 182.323637313, 184.65002437, 186.985712005, restored to 41
45, 181.61635474, 182.434199782, 184.796294009, 187.323523452, restored to 41
46, 181.574392659, 182.510494145, 184.803160109, 187.130635797, restored to 41
47, 181.576163917, 182.974635782, 184.888903026, 187.210668983, restored to 41
48, 181.554829025, 182.527069998, 184.880839267, 187.362205784, restored to 41
49, 181.585841279, 182.386914815, 184.695264321, 186.989302565, restored to 41
50, 181.546044283, 182.493382284, 184.90283301, 187.286322059, restored to 41
51, 181.643867017, 182.28512622, 184.69916639, 187.00749802, restored to 41
52, 181.513084752, 182.34343716, 185.024366729, 187.313467444, restored to 41
53, 181.593525436, 182.55149256, 184.718276399, 187.277394737, restored to 41
54, 181.576394509, 182.515819114, 184.732463959, 187.005375653, restored to 41
55, 181.565412533, 182.440743782, 184.651628188, 187.286992422, restored to 41
56, 181.563638189, 182.899804242, 184.699116787, 186.889102191, restored to 41
57, 181.591401751, 182.471731038, 184.673275027, 187.024715889, restored to 41
58, 181.592055499, 182.545031195, 184.771717928, 187.063719587, restored to 41
59, 181.556600296, 182.470928593, 184.791935334, 187.014351822, restored to 41
60, 181.53698133, 182.755252995, 185.028088228, 187.43659266, restored to 41
61, 181.601068769, 182.634469228, 184.884498218, 187.717764412, restored to 41
62, 181.520066277, 183.154075727, 185.19711495, 187.378265288, restored to 41
63, 181.534626876, 182.629354677, 185.034002098, 187.150882628, restored to 41
64, 181.538440507, 182.664818681, 184.994736652, 187.31614378, restored to 41
65, 181.571035278, 182.628940042, 184.88357673, 187.215769977, restored to 41
66, 181.622343375, 182.663562792, 184.994488552, 187.380821228, restored to 41
67, 181.618210795, 183.250863271, 184.853633291, 187.089933721, restored to 41
68, 181.516210397, 183.034414422, 184.917507427, 187.343603181, restored to 41
69, 181.541012904, 182.21273323, 184.769898351, 186.915676954, restored to 41
70, 181.576374042, 182.748053146, 185.100528372, 187.168473313, restored to 41
71, 181.597989331, 182.41379244, 184.690097731, 186.844717351, restored to 41
72, 181.60293185, 182.461583177, 184.707227968, 187.056426351, restored to 41
73, 181.519627842, 182.662885622, 184.704348684, 187.130533451, restored to 41
74, 181.527048742, 182.495519002, 184.666387842, 187.113450585, restored to 41
75, 181.615566503, 182.386610475, 185.047320352, 187.363910768, restored to 41
76, 181.564079345, 182.451487293, 184.890097348, 186.919695133, restored to 41
77, 181.564041682, 182.414864666, 184.762746739, 187.214144265, restored to 41
78, 181.548942309, 182.482001039, 184.932173215, 186.966212296, restored to 41
79, 181.513678721, 182.431474799, 184.934733043, 187.22322157, restored to 41
80, 181.549302664, 182.551840168, 184.748193546, 187.0802242, restored to 41
81, 181.565164004, 182.637011524, 184.610493919, 187.102110979, restored to 41
82, 181.515045577, 182.605889516, 184.790390682, 187.197167466, restored to 41
83, 181.61436238, 182.470679366, 184.803317368, 187.191156806, restored to 41
84, 181.598134729, 182.269485125, 184.839766299, 187.146054338, restored to 41
85, 181.57837587, 182.730967482, 184.809141643, 187.421091591, restored to 41
86, 181.583906117, 182.567071436, 184.855446062, 187.3051635, restored to 41
87, 181.448550933, 182.386870293, 184.861989591, 187.152157295, restored to 41
88, 181.53257688, 182.568819995, 184.719729988, 187.061558235, restored to 41
89, 181.583914329, 182.476828379, 185.001023629, 187.233406532, restored to 41
90, 181.58706351, 182.541851375, 185.059446196, 187.17148311, restored to 41
91, 181.532770474, 182.358249542, 184.737862323, 187.088386443, restored to 41
92, 181.525320895, 182.464880887, 184.697405935, 187.096295333, restored to 41
93, 181.575640039, 182.766910222, 184.985952928, 187.290090887, restored to 41
94, 181.492631128, 182.608085876, 184.959550908, 187.120138494, restored to 41
95, 181.622650291, 182.639353016, 184.865363474, 187.108496038, restored to 41
96, 181.570189874, 182.357168119, 184.92046959, 187.260189149, restored to 41
97, 181.572584638, 182.604413873, 184.850125594, 187.099907759, restored to 41
98, 181.572507596, 182.589735336, 185.064700113, 187.28259175, restored to 41
99, 181.590100969, 182.554089899, 184.904241757, 187.203613095, restored to 41
100, 181.54211325, 182.504706396, 184.709628047, 187.117466624, restored to 41
101, 181.589821665, 182.913165158, 184.851378816, 187.36075927, restored to 41
102, 181.601341565, 182.436586284, 184.728527013, 187.226009462, restored to 41
103, 181.527897766, 182.522646551, 184.902864239, 187.077645279, restored to 41
104, 181.570022698, 182.498516553, 184.767990958, 187.472846427, restored to 41
105, 181.642012834, 182.368861299, 184.734033079, 186.997588739, restored to 41
106, 181.536089885, 182.73729563, 184.628174629, 187.295962357, restored to 41
107, 181.605787293, 182.647483512, 184.961591937, 187.263537988, restored to 41
108, 181.558149955, 182.688522687, 185.176999284, 187.082471429, restored to 41
109, 181.55252735, 182.487789276, 184.642182464, 187.051775118, restored to 41
110, 181.494404984, 182.647470344, 184.767032545, 187.136288247, restored to 41
111, 181.535062031, 182.60061109, 184.769864096, 187.167079088, restored to 41
112, 181.551113089, 182.414087026, 184.564040115, 186.983141271, restored to 41
113, 181.510137318, 182.68807203, 184.699570725, 187.116376923, restored to 41
114, 181.564457495, 182.561170813, 184.725685542, 187.113479521, restored to 41
115, 181.577612447, 182.758356242, 185.324055797, 187.199772718, restored to 41
116, 181.545345397, 183.080440016, 184.761620969, 187.36696876, restored to 41
117, 181.570963682, 182.297473089, 184.615641113, 186.886607938, restored to 41
118, 181.585227592, 182.415325635, 184.820810479, 187.220681725, restored to 41
119, 181.50050558, 182.291128986, 184.755591301, 187.017930938, restored to 41
120, 181.560018017, 182.408929206, 184.675820665, 187.180301108, restored to 41
121, 181.5447959, 182.507204239, 184.809237288, 186.869239528, restored to 41
122, 181.580473258, 182.680902629, 184.610109379, 187.041968183, restored to 41
123, 181.582936338, 182.391054615, 184.756448462, 187.07019136, restored to 41
124, 181.616340107, 182.461334019, 184.630342712, 187.04774196, restored to 41
125, 181.581937108, 182.371137018, 184.678373242, 187.014516133, restored to 41
126, 181.489824455, 182.667338959, 185.176703005, 187.363114148, restored to 41
127, 181.582434495, 182.740636399, 184.9506787, 187.236439682, restored to 41
128, 181.542283209, 182.235640783, 184.690277411, 186.942561359, restored to 41
129, 181.524934136, 182.663058277, 184.961239161, 187.28720437, restored to 41
130, 181.57228094, 182.439968649, 184.631001464, 187.073785642, restored to 41
131, 181.49530178, 182.67133934, 184.895294901, 187.19508213, restored to 41
132, 181.541018843, 182.596758838, 184.585037988, 187.149829399, restored to 41
133, 181.582251037, 182.476335151, 184.791098503, 187.234830903, restored to 41
134, 181.528396396, 182.482085624, 184.778379746, 187.262914053, restored to 41
135, 181.575893841, 182.834070005, 185.575768563, 187.712662581, restored to 41
136, 181.648396299, 183.013669367, 184.668159507, 187.121695542, restored to 41
137, 181.604523306, 182.659682809, 184.813366681, 187.141039592, restored to 41
138, 181.592437609, 182.560132728, 184.726735329, 186.9154223, restored to 41
139, 181.532238163, 182.836125413, 185.168588844, 187.105074254, restored to 41
140, 181.544431768, 182.749341015, 185.401964282, 187.367108601, restored to 41
141, 181.476043728, 182.576182953, 184.888944353, 187.26650238, restored to 41
142, 181.540628595, 182.334922407, 184.748578931, 187.094594351, restored to 41
143, 181.521825762, 182.337219099, 184.644426529, 187.198727957, restored to 41
144, 181.587762336, 182.35125182, 184.882532948, 187.048450098, restored to 41
145, 181.598103294, 182.290211647, 184.867760617, 187.18433743, restored to 41
146, 181.539268156, 182.53279274, 184.731850849, 187.352799206, restored to 41
147, 181.536008478, 182.423153394, 184.919514826, 187.571183181, restored to 41
148, 181.517204453, 182.296959098, 184.844684167, 187.090963131, restored to 41
149, 181.639134813, 182.573635084, 184.921650344, 187.095968293, restored to 41
150, 181.61920829, 182.526086119, 185.030184821, 187.327989811, restored to 41
151, 181.511175046, 182.98092512, 184.86721517, 187.245252935, restored to 41
152, 181.513359645, 182.782511672, 184.774406188, 187.244638955, restored to 41
153, 181.601129411, 182.584948187, 185.07250158, 186.975907116, restored to 41
154, 181.559444523, 182.590477721, 185.26442178, 187.336003839, restored to 41
155, 181.492053775, 182.209343967, 184.72428031, 187.005868865, restored to 41
156, 181.55589348, 182.431329666, 184.801235944, 187.242390888, restored to 41
157, 181.598985227, 182.39759973, 184.897094905, 187.194738248, restored to 41
158, 181.615131963, 182.354520824, 184.845305017, 187.216988819, restored to 41
159, 181.498597281, 182.540571518, 184.902272439, 187.097275245, restored to 41
