360075
210235
250279
360280
350303
361812
240380
330588
210280
350249
330193
320404
300308
210002
320712
350323
260098
230255
210174
350210
220043
250331
240052
250137
300401
360643
360638
210135
320120
220416
350223
210231
320098
270458
361781
320983
230104
221088
230487
240007
360431
220927
270296
230541
361512
270395
320980
280165
361590
220926
320736
321088
270191
220613
290140
250336
320389
221213
320240
220120
361393
350422
260143
260331
210092
350414
240112
220633
270394
280085
240138
320007
360042
280083
330295
350096
240111
300349
250088
221160
300341
270506
250223
360544
210499
360825
310020
280201
230510
361444
361568
360651
290099
360120
320263
260279
360827
220650
230347
320684
320056
320941
360980
360043
210345
361893
320986
360919
361789
320827
210046
210364
350484
250393
221385
350292
230528
361019
220831
330475
310238
250156
240326
321099
360961
330628
270181
230196
210098
221193
220818
221292
350318
361638
360730
240086
220654
280232
210372
350417
360922
350383
321053
330248
230191
330694
300394
360537
230020
230209
230485
360184
240079
350500
210254
361128
360914
330751
361870
310021
230357
361787
361956
300154
270048
220921
260229
230075
230467
320702
230419
220013
320460
360227
361821
320027
210214
320742
350386
330466
270208
330380
330484
260107
360876
220182
300441
220510
361863
260094
220986
270036
230126
360885
260020
230179
220002
360409
350390
360669
350045
360223
330638
321000
320588
210160
361506
290005
320415
220253
220978
360489
300042
350456
330548
280121
350094
330587
210183
320663
320719
221259
361400
270283
360949
230036
220254
300549
220001
380018
320573
270119
360620
230080
290059
330037
330294
360154
360781
361081
220506
330480
320264
290010
250081
260049
230381
350253
360765
230208
220360
330124
221061
221102
240336
260028
220288
360804
280071
260029
270186
320370
220919
270204
230151
220743
221206
210425
361761
320261
250301
330246
230155
361301
250217
300519
310264
310152
230150
260079
300464
320825
350430
300435
300366
230202
361149
320640
240119
240229
360647
220791
260200
221340
221038
250119
361810
330083
220703
350397
361152
240226
220227
310091
240251
300132
320013
220439
210027
321096
350230
310204
360189
320051
220861
321013
210492
320680
221115
210497
330723
230101
310168
221342
300577
220726
270095
320952
320518
290154
330135
280107
361318
210420
220160
361002
220681
360865
290011
310205
280052
221364
360568
320387
230246
230198
220742
360908
230165
260066
361581
330357
220415
290159
221265
270158
320348
230238
270401
330034
250001
330591
360527
320526
290111
320119
230527
250190
260130
210007
360389
310106
310220
210086
310061
220578
280217
210003
220862
221121
221278
320584
230385
230211
350129
320373
221359
320214
320948
360567
330740
210114
360233
310281
361498
210233
260283
260112
330713
220504
310304
300156
330287
310289
330228
220716
330056
240020
310298
361132
320809
260171
230264
300484
240428
350194
330219
360364
330165
350261
230382
300242
250399
320957
361387
360127
260153
250034
270027
330456
220695
240203
230118
361041
361060
361091
361018
361606
300062
260244
310149
270200
300066
220690
221269
240366
300446
270243
240172
320542
220787
330596
310016
360250
320423
330625
361466
330633
350411
300387
230035
270107
250239
220617
210226
330113
230120
320862
260319
221074
260325
230223
300393
260231
220844
330459
250051
360237
360282
360576
361887
210279
230044
210140
320870
220655
260145
361476
320034
330522
360950
220212
260293
350391
330728
330413
360206
320835
310284
350062
361411
220290
220076
360479
321039
260188
220404
361265
330086
230236
350013
360531
360655
360874
280175
221315
250111
360861
230108
330696
250258
210069
330284
330141
221075
210153
360246
350148
210024
300313
330656
360530
221431
300179
320338
330707
310270
300586
260228
361646
220649
330254
220192
221316
320889
221111
240174
210044
310086
310179
240368
300092
360291
270449
360988
230300
280019
361800
230283
240096
320226
300189
220870
360821
310056
350024
350310
230271
220034
320764
280164
360883
260061
221138
361815
230403
361972
220662
220256
361325
330230
360839
361563
210440
240386
260071
230197
320944
220584
361951
220247
360299
320500
320594
350074
320847
220023
330250
361396
361823
361697
300589
360181
290003
240436
220207
240338
300459
330261
361174
221045
300183
360155
210029
360278
220729
220887
240418
330002
221348
250386
361371
350445
310297
361309
240213
320700
320101
210373
220087
210327
230157
220963
361592
221392
240035
220496
210163
240001
220871
300320
321098
280035
330582
320251
360176
320962
221224
230447
310159
310242
220016
210250
360419
240064
250064
350471
330424
360399
361198
361791
361690
330747
220622
260172
360005
221099
221167
361832
320355
320575
350301
361073
220170
360512
360492
230153
220267
250059
330498
300149
230529
220928
300017
350470
240344
230367
220366
290075
320345
250118
330521
360965
230380
260210
360474
230482
321027
361584
360553
360274
230383
300560
361288
320715
360521
360755
290165
240416
250007
240409
270398
240396
310012
220931
360889
280013
230287
270491
300461
320053
270304
221031
210399
360819
330207
220843
320323
360735
300025
360374
361250
290090
250390
220249
300576
320831
361470
221059
230359
230201
270150
280015
221242
230504
360979
350167
260004
210258
210351
210321
360869
360791
210059
330496
350034
350021
321069
360682
270486
280030
360939
330682
321038
270239
300361
360972
220390
250225
210025
320533
321048
220068
361879
360621
220414
300322
320711
321083
210419
330149
330112
320641
360607
270429
360843
300466
361234
360554
240083
240303
220020
260159
260196
320928
360570
320934
320846
320537
321034
330397
361333
330644
310013
330019
220368
250090
361161
280108
360909
360234
320886
220780
321044
290036
361386
300190
240297
330064
310055
361237
320162
361374
361165
221394
221266
320040
221327
270078
280111
220318
361315
350041
240100
361756
230470
300238
240171
270029
280063
300516
321011
280039
361231
330467
270058
270350
220989
360622
290058
300200
330387
361507
320708
360052
360507
330511
210495
280173
221260
360179
320337
330749
320917
270152
360464
220263
320756
360619
330464
360740
361649
310080
360700
221438
230400
320265
330190
220839
221406
320431
220084
240090
210107
220935
360213
330312
320488
230397
330355
360336
350339
210402
320782
320441
300554
220667
300568
220229
300178
361351
330058
320197
221234
360703
230446
361356
300358
300293
360202
300254
320704
220653
220985
300091
350394
330652
320528
250142
240300
320791
350109
361264
361095
300196
330137
260281
320981
320118
360062
300347
250083
220748
250292
360594
250113
221295
260075
280104
330117
260343
230478
220285
360792
220137
220538
230144
360332
290004
320069
300486
210035
330544
270227
300231
221014
300012
220816
220080
270187
360353
361988
320241
300556
220837
321094
270216
260083
360036
360820
220849
330178
360924
350372
250075
310027
350326
210353
320509
290088
210432
361321
260174
230076
230366
361820
250307
220145
360931
350454
360532
321100
330337
360768
230168
210322
220085
350380
280113
240173
360113
320178
270132
221427
230257
260086
220361
230081
220699
230070
330648
320024
361177
361813
221255
250383
210031
360220
270184
320805
320901
220179
280234
300447
310198
260176
330277
360942
270343
320146
220579
360870
240394
220337
320036
260307
240137
320375
210179
330558
270261
230408
360801
290184
361064
210089
230322
220150
361185
361109
300226
361958
361376
220223
361475
210329
250284
361063
300500
290076
321051
361148
300391
320621
230329
350459
320218
360481
220859
361709
330637
350225
320772
221216
320566
320209
230289
330233
221390
320484
260199
361766
320042
221251
240373
361555
300324
320080
240371
220686
360926
330247
290151
330283
360998
300144
320607
361499
300587
221347
310050
220541
330055
260298
361896
260285
330134
210026
240446
350434
240120
260081
330753
270308
240440
240186
350243
361529
350019
250320
360940
220359
330070
360476
320574
240389
220749
220495
300214
220033
361214
220124
220096
320598
220629
361103
300274
230013
350033
360387
300355
290096
250191
361869
260207
361803
360881
270196
250123
350371
300334
260063
300105
250382
300005
361155
220752
320272
221104
310194
250148
210063
221107
330208
220984
210319
240128
361093
220003
240292
360107
330401
290037
270311
361443
230523
220103
330579
360686
360482
221361
220370
361276
250135
361195
361227
360539
320095
240406
220656
250129
210293
230064
240270
230177
361166
360325
350095
320635
260078
350219
221391
350011
250381
320878
300417
220301
220282
320503
360718
270189
210123
310201
220186
320695
320829
330292
250080
361012
361622
360281
361919
320830
221370
361083
350281
230279
330733
270073
320787
361047
320803
210378
230141
310240
260211
320211
240066
300408
361422
360142
360661
270229
230474
320493
360731
310088
360222
230519
360633
350492
210010
310074
220470
360452
361420
230243
260306
230190
361294
220406
220286
361254
220739
321065
360288
330174
270168
320147
320183
220813
230033
221372
300173
210198
220850
330142
360946
250029
360260
230117
360584
260337
300553
350384
330235
310017
221044
360300
221133
310038
350296
280060
320514
360123
330276
230439
330660
230194
230262
320267
360887
270472
320876
320577
320492
210314
220657
361243
210388
350032
380013
240125
220048
361829
350332
350450
210326
361379
320357
361068
250322
330675
210246
220555
360040
321085
330203
220763
220691
320937
350017
360254
300404
260156
360203
221279
361739
320234
310171
270120
230275
320057
260026
361885
260363
360094
250072
250179
360871
280191
361329
320155
230029
300098
240084
220575
221304
270053
320394
220019
240143
270275
240451
290017
310225
220374
361364
300114
361909
361187
300536
361983
220064
360509
350378
210452
321052
310202
310214
300512
270246
330106
220827
270118
320171
350196
360261
361087
361199
270479
361552
210015
220332
220459
360289
210285
220964
220570
320624
350131
330008
350080
221182
280205
210097
240263
320473
280193
220790
300385
220422
330267
330745
330406
320020
220213
320112
270519
220571
230533
250094
361837
280018
270046
361286
350073
350392
350052
230499
320485
330447
221204
300520
221091
270473
360279
360459
220041
270431
300426
300384
300457
250236
380031
250198
270414
220778
270250
360614
320064
220292
320167
260148
360799
240299
320529
361219
221353
361439
290170
230377
240142
230506
230500
250246
361725
320116
361176
361502
361046
361127
361718
210376
270010
330125
320844
360770
210111
221346
330371
220515
360175
220386
210182
290178
210461
230395
360601
210408
250134
360689
220951
320063
230349
320551
290034
210381
230091
260349
290097
360569
260314
300169
310125
221387
210387
270362
330033
330465
220305
220438
221333
320819
260170
360892
361982
221410
280230
220199
300251
321008
260095
230290
230492
300129
380032
220760
320924
250026
280190
360092
360077
280229
380026
260149
360841
300420
300039
230526
270116
220586
320131
240032
330390
320915
260271
320665
360822
320416
220363
240216
361380
210208
320553
250250
320410
320164
361565
230100
361934
230435
250242
220968
361140
361785
220941
220795
300307
310051
360285
220053
240059
330526
220642
270285
220711
361519
360882
310219
330231
320012
221196
300088
210375
220952
240016
230017
250120
350154
361799
361020
221124
270121
220740
320507
330309
320293
321055
210178
320454
350241
360818
330140
250267
360864
350091
221082
220111
270349
350044
221090
330081
320290
270404
350200
220156
361618
361817
230175
360394
221050
220916
220025
320134
250164
320912
230420
320741
350092
280156
350171
310084
320392
300479
300069
221383
321084
210486
361642
320481
310246
320402
330118
210330
250240
230312
210334
210409
260059
221108
360616
270356
210290
330138
221076
330630
320022
300463
361108
360256
220152
350087
350118
220077
330139
300071
260119
270091
350275
350347
360456
361844
320628
360629
350432
270462
290060
280182
220808
361419
361689
360794
270372
350268
300511
361037
240433
230085
330185
221184
270069
360114
270373
210241
350420
210311
300406
320660
361732
220602
290071
320378
320443
270378
270153
240204
210205
320555
230364
250114
361360
260162
220777
300297
230410
240101
330532
300277
350327
361030
220070
320586
250252
361317
221324
320907
320903
310131
240287
220225
270435
320145
270180
360378
320102
260002
210405
230028
260166
250087
361368
220648
220316
361065
260355
360775
260018
220030
221437
220735
210498
300413
300120
320359
270049
320759
330306
270012
360797
360221
220005
361268
270315
240321
320014
270080
230185
210218
330434
210206
361901
361270
220246
230087
220293
221067
320783
250401
220280
220348
320744
220295
220508
360110
330316
210472
230205
310011
290041
361659
330173
360632
220108
210490
270331
270271
230282
361673
360017
220973
210209
360564
220745
240398
300367
230314
280162
320897
220458
220283
310059
361235
290161
310142
361745
210389
300352
330416
221402
300216
320918
360021
220939
270325
300321
220218
361125
250011
300542
330071
230278
280168
230489
330576
250093
320946
220832
220972
270446
361730
270495
350226
310068
361102
330601
310140
230293
320163
361357
360912
330191
320599
320922
270421
250154
221065
230472
220960
210071
361559
320010
290001
220176
330504
321022
230327
220501
250313
220465
361146
270190
320476
221434
361221
320583
220907
360542
361843
220750
321010
210251
320519
210393
360679
361076
220100
350211
250149
330308
210216
361027
230431
260003
321043
270488
230432
320951
320048
230171
320511
221106
210355
270093
320037
360541
250234
260056
250321
320930
360565
220762
210201
300495
220271
230540
330368
240253
320832
330195
240097
310277
330743
280218
260038
290063
230517
280066
210152
260089
380017
361395
270333
220647
220079
361501
250314
360058
380003
361892
270147
300493
360951
330597
230129
350427
320213
320810
260068
221253
221250
290105
210300
320438
270514
221055
240116
320083
300282
210227
361801
220289
360516
330651
310195
290136
210286
220201
260115
360925
270061
300192
360721
330370
221235
330062
210494
220027
270217
360457
360061
321031
310148
300563
240047
361016
300109
360229
230073
361116
221183
300218
210122
260155
320649
361210
330229
210394
360468
320386
270484
240311
240276
361542
361840
240411
310241
310124
270042
361554
210133
221412
290078
221289
230234
310095
310172
300427
320561
270432
320860
320691
360518
360312
320591
270251
380027
330610
320275
350173
221381
320255
320365
221068
290021
320222
330483
361346
220106
210295
240124
220757
320707
230371
360497
360355
320525
270369
290026
321003
240397
360833
210360
240103
321046
240061
361868
300333
270300
270430
240027
310192
350245
230309
230339
230389
320572
361032
321006
260102
230187
270347
240333
361427
210042
220455
360124
360807
230112
361290
230214
260101
300142
270033
300465
361331
350188
230326
350343
350180
330557
360571
320385
210180
220811
360448
361524
361059
240423
240109
280100
210045
330023
350181
221047
270407
330472
320239
361110
270416
220933
210489
300206
320254
220621
320760
350423
221424
230345
270097
360748
240024
320834
240430
250040
320975
310222
221429
361471
210115
290134
361497
221136
280212
221203
320231
330155
320976
221198
240088
210067
221046
320651
230261
361794
360051
220966
270242
361424
361510
230256
350134
220551
360974
360140
250333
220909
240060
300022
310032
330012
361818
330096
350163
320681
220303
360694
240457
310282
350209
230423
240126
260240
310135
320019
220785
220219
361201
361015
300410
210281
300539
260033
330265
221230
240115
360763
300521
360416
210197
330624
220095
360443
310317
300522
270257
360284
360788
360536
280027
320550
220612
270193
360642
300140
250394
220772
210151
250334
310310
240377
300031
360927
360515
360742
320614
230114
320247
290086
220069
260280
361200
330441
300491
210309
320158
220877
320604
330708
270284
330377
300379
240211
320883
361861
350107
221103
230546
300210
360275
330352
360186
361708
361964
360263
290094
220397
280136
300373
361468
300243
300428
360361
250173
250098
210033
260320
250096
320336
220453
240404
310268
361026
220776
310223
361272
310244
380002
320771
320717
210200
221285
250095
220923
210400
270179
310261
310258
221352
361389
220890
220205
360441
330052
320126
220886
210439
270270
360712
310052
270358
360059
361085
270249
300528
300096
230245
260257
300483
320761
300208
361138
210220
210126
360163
321063
290130
360351
360402
280118
361072
270009
220842
250335
320590
230338
260358
280089
230090
360451
230229
300306
361900
320610
260299
300153
220943
360232
360707
240340
260044
280138
210047
361168
330291
330655
300325
270099
360604
320009
220362
360817
270103
320455
280184
330290
210308
290183
240067
360597
210426
350385
250183
220402
210349
250281
330684
350485
220021
240023
221032
360161
361535
230167
320920
320861
320154
260165
240190
360790
220696
210404
280120
230537
330712
350182
250374
320904
280008
330076
220995
361267
360875
300303
250222
220243
310015
220645
300121
360739
350232
220060
240341
230253
300505
350426
361804
210423
260256
240014
330560
280146
300045
250079
350457
330492
220441
350262
221301
360857
210350
300594
240347
260180
330517
220447
361915
360311
360037
320512
300047
330320
310160
250208
361292
300280
300415
210062
210219
220347
230237
360338
210336
320800
221008
210442
230182
330657
240384
320349
270109
260254
300151
380007
361539
300067
220500
360662
310213
310227
240031
240141
320902
230340
220830
361866
330681
320298
350125
290048
361429
360528
360200
360074
280140
361797
220324
330646
240273
230319
361549
280207
220866
230022
330583
310237
320408
220140
270160
220220
361826
260158
230456
250162
210081
310288
350208
221175
260035
300261
280074
330152
230434
240184
330238
300575
220241
360066
220042
320629
210276
310064
330585
330342
330199
220554
270423
250251
320160
240043
320097
260023
250360
320478
321103
330689
210465
320382
220018
290119
360842
220306
230315
320172
320530
250327
350050
300224
360198
361839
361279
260076
280078
310023
320445
270130
361878
330432
230018
310166
210039
230407
320115
300141
360944
221137
310066
320906
221212
361120
321032
320942
330329
210484
361705
320071
310265
240358
361094
260198
310040
260005
221326
250306
210471
320391
250177
360428
361867
350295
320379
330102
210410
220375
320324
221376
360072
240194
320821
320977
250121
310163
310190
360888
240361
220139
330101
330373
220821
260118
250022
250070
350035
320400
300246
380014
300159
270206
220511
280142
210202
260266
350252
320954
330647
220841
240029
220296
320718
361239
250048
230538
310181
220321
310014
300430
270104
210338
220536
260334
330099
361009
330186
230057
270334
210004
220914
210318
360076
350036
320043
330343
260265
230307
320735
221355
300107
320535
250197
361271
230142
230469
320568
310253
320679
330603
330634
360894
360100
310167
240262
350410
221029
260011
320777
361133
250030
221095
221401
361464
361874
360047
360625
360555
280033
320383
320149
220444
320412
221425
360609
310276
310002
361545
361246
220804
220128
250145
300222
270248
330359
220865
230252
330529
360055
361713
360081
221281
260043
240189
221120
361845
220032
210213
210169
361354
240081
220118
350285
260077
250195
361051
220949
300338
260341
270370
320693
240063
221319
361160
361825
350123
300247
230354
350406
320845
330436
220050
230046
330262
321076
230096
230133
350128
220134
300475
350143
321049
350070
350126
250035
350002
210165
230451
230195
270443
280127
240118
330217
360574
360235
361130
361114
221323
350012
300061
220549
350349
270324
260213
320891
221034
270002
240281
230115
230007
220734
300288
330527
320297
300146
320347
300532
320113
250169
280143
360029
260113
330084
300296
230320
230220
320779
360429
270178
350233
270318
221232
230422
220457
220591
360230
280051
220250
320927
330716
240215
360699
350273
300573
240170
320417
260030
230260
350264
361213
361306
350368
290116
220605
330164
230116
361407
300471
350357
361057
210434
360999
220385
361571
290089
250052
230365
290023
230079
361774
250053
220071
240359
320609
220269
360165
361848
270485
260336
320353
361339
320853
330393
350005
361517
330616
310048
361448
360928
360371
360447
270018
330435
220723
290133
360582
310067
361216
220809
300433
320808
350321
210006
320811
240365
270232
361895
300496
360751
360056
360292
220532
310271
350020
230445
240183
320885
220094
300298
220172
330194
220934
250012
220668
361086
230004
270047
260212
270377
300477
330236
300273
220262
330375
350461
210210
350428
230311
361637
221081
240099
220498
250192
320152
240255
350048
361712
210385
230145
361365
330674
360680
330049
260258
320346
361113
270071
360506
320541
360277
240220
361920
260261
361167
250351
360491
230240
330438
220885
310078
310309
330366
350448
360660
330606
330639
221041
361115
230390
230509
361123
270463
330047
220595
310263
350294
221341
320508
330589
230267
220215
360410
361003
361358
380030
361207
360525
230507
320047
360422
361054
360773
361141
310007
361767
270057
220381
300265
330050
360424
210275
221380
260335
250379
330572
330699
361683
360556
221273
221325
360027
360380
300485
220961
330429
320737
221189
221236
230250
220600
330215
210073
350198
221403
230130
250207
361238
250323
220311
320668
361425
360026
360101
330476
361285
360854
230343
350166
300304
250355
220581
220054
230016
330167
270424
220300
210166
280226
221384
320895
361242
220979
350334
360916
220598
220268
360784
350217
361742
220738
221256
230299
320767
220294
280098
361218
320661
280110
361530
330107
360957
361836
350421
260168
210184
360294
300250
320341
320824
310009
360388
300161
361135
210109
210488
220175
240288
361053
361942
300128
240306
260019
310008
270437
360705
330110
210242
221243
210316
300090
230417
220440
230324
310180
300165
330109
230040
361042
220592
300448
330629
260070
320224
270254
360044
320288
361658
230235
220394
330313
240009
350102
330077
330024
350216
350393
320653
230161
270475
360710
230440
280045
270326
330419
240307
360031
220737
220206
361793
360952
230247
350189
360890
310207
360815
330623
270185
210058
270032
270060
230497
330600
210291
320186
230244
220461
361212
210417
310039
310262
361028
320280
221320
360688
320726
300432
360717
230412
220897
260295
361551
220684
240290
320015
290079
240403
220409
360990
360168
360315
361150
320105
361048
350447
360177
360981
221094
361112
320871
220491
300193
300272
220051
320141
360393
221139
230330
230316
361927
220892
330039
330726
320081
220637
240278
270062
330550
320212
250280
300402
250178
290053
350418
300147
360156
361699
330463
320085
361034
240241
220075
360121
320306
210023
320422
280103
270068
300020
350381
300508
290028
350235
320852
320475
300455
330626
240041
210403
300345
300350
240015
270441
360600
320567
330452
270173
300271
270314
250269
300497
260284
350356
320497
350083
250174
221033
360226
210474
300202
300343
230058
310255
260131
360543
360923
230024
310273
361202
210430
290015
300328
360425
260175
320716
330324
361601
350060
220529
270338
310112
360141
250141
270233
350419
221007
220801
240400
221035
220562
360824
270512
361547
361384
250009
361504
330179
320751
361056
250253
250078
330286
361852
270269
330255
220869
330503
361401
300438
300332
361849
320339
330279
320558
250046
230023
270345
350373
220643
320413
250232
220873
230304
360615
361741
240028
300375
220353
210199
360793
210331
320659
361966
321101
310221
350255
361205
300380
360210
250036
220796
210320
321054
210261
350274
320331
230444
360183
330206
360126
220141
230270
310303
320738
260022
250171
360262
361851
290062
350055
320220
220761
221200
210370
270253
270290
250221
230254
260286
221049
221432
230476
260104
320143
310306
350308
220576
320692
300085
220485
240393
270011
300389
361366
240316
240301
330120
270023
330552
360386
300232
361831
250396
270366
300074
230055
270357
220497
330333
310292
260007
361583
240268
270303
360911
320817
250193
210243
361033
360956
360384
300535
210125
350452
290169
310260
230135
240036
310279
330414
220113
260264
380011
320784
360138
220970
361293
320776
250008
210263
260333
260012
220652
260238
350018
250343
330027
361854
300476
220029
220981
300164
221015
240076
360172
221310
220913
210414
350400
300534
220468
220705
360362
270139
230221
320150
290186
320775
270199
330700
300312
230063
290055
270164
220803
350065
280003
330157
210137
290082
210306
220609
361036
300583
280222
321060
210448
360915
230005
320103
361630
330732
230147
350061
300502
210367
361952
350313
300209
360269
220287
210310
361677
360345
361749
220840
310063
210075
280154
360283
260009
360086
260297
250226
221404
320191
320087
210460
240280
270368
250043
361748
240277
290117
270085
320273
220610
361779
210339
320075
240222
350284
330129
360160
230105
240181
360853
360987
210323
260350
320361
330161
210333
220956
220604
221131
210424
250310
220518
250227
330510
220384
320569
360962
320999
330269
240152
330092
320320
230002
230149
360848
210363
321020
250158
330618
300458
361798
320769
350206
361281
350106
210041
320205
360722
250412
360231
260116
240435
320221
210060
220682
250276
361723
361521
220026
330026
280115
330331
210466
220110
220812
350212
240247
230401
320088
220948
360653
220266
210022
300162
250408
220299
270037
210234
250213
361575
240369
300052
260072
300557
330714
320595
220724
221422
220049
360895
290138
290109
361591
221170
300023
230374
240092
330489
210477
300133
250256
220428
270005
250407
320655
360852
361310
220697
220492
320740
221420
310300
270247
220998
260311
220638
320138
321059
210315
320245
260013
280093
240121
350116
290054
330335
230166
230484
280199
360628
361013
221042
360339
220369
221426
220547
250233
330592
310003
360499
350158
300517
320393
250199
250031
210377
350084
220825
230513
220936
300095
320360
330725
270411
360423
361695
220507
230346
250378
220847
220922
360823
250403
361303
210085
320868
320182
310229
240117
220688
361340
260073
361326
350105
300157
230438
330048
220373
260034
210313
320758
330509
330251
220728
230508
300565
300527
320789
320498
361157
361006
230471
330421
240324
350469
320223
220996
320848
361620
361623
240351
270188
330211
310217
350402
320626
320367
320532
300177
240098
361134
361256
300034
361652
250039
350398
210343
280149
330025
300106
300533
240004
210162
330239
310022
320225
230110
221208
240454
361580
360982
350075
350277
220556
220162
280171
230465
320177
361532
360330
320994
320608
310316
310087
260187
360490
221275
300309
240317
220898
320161
361344
260301
240106
220704
360943
220792
250027
350204
220010
361434
361783
240135
361453
220944
280037
240314
330687
270305
270067
320372
360215
310113
360859
360548
300118
270465
270105
220197
260262
210191
210468
221186
360816
360849
250024
300482
320734
210099
300335
240295
221339
360433
230038
330095
250397
310312
240395
360681
230424
220835
230498
240073
360834
360065
230288
330570
240419
360762
320622
230025
210176
220328
320605
210427
250365
220193
250330
310107
320142
230348
290122
300014
320368
290019
221127
270125
260127
361853
221085
220006
361465
320549
320788
320060
230522
230303
270276
320351
360641
300078
210146
280073
221357
360020
360933
220165
361337
300276
330683
360236
320180
350487
221217
360774
250218
320005
330078
290135
220900
210382
330259
220746
210117
360097
361660
250332
361807
361650
210173
220039
361544
210187
220322
270072
320973
300213
321071
270307
240390
220908
310283
361472
361111
280124
280006
300233
210185
320358
361299
360803
320538
270163
361786
230493
300038
220074
320067
330009
240232
300073
320578
220635
230337
221276
300131
320850
310228
250373
350483
300241
330264
310045
321089
220915
360726
361875
361355
220945
220768
330500
220820
230088
310130
361342
320031
360920
221373
360868
360605
300244
361097
350396
260169
300592
220539
361788
350335
361792
280116
320296
360906
330383
300289
310001
290013
260241
250254
310206
280181
360470
350187
320243
350340
220712
220221
320991
240021
300006
361613
360732
230544
300076
221101
220588
230298
250350
350056
320466
330539
360654
230413
221365
290181
350488
300319
300201
360307
221112
350259
360372
230086
320940
361775
290190
361523
220040
300376
330360
321035
320749
330163
250361
240158
250248
250018
361731
360319
361737
320235
310239
360948
230138
360644
250275
330417
210249
240218
310169
300256
221024
220756
330718
360091
230154
221154
260154
320603
240260
321095
210491
360119
350165
220417
330327
320757
320366
220484
220059
210068
361388
330042
270088
270266
320956
360195
360561
320949
320452
320156
320600
250224
320148
221413
220371
280147
240058
300561
210040
230030
240085
320990
220522
361698
330310
330621
270426
350101
280122
300514
210324
350201
361771
221371
350064
230127
300498
260134
360985
320865
220314
310102
221382
360408
240421
300043
230515
350058
210340
250065
360329
361645
320926
280059
330104
320781
330321
330756
210449
330192
220057
230045
260093
300290
220161
300011
250241
210017
210070
270138
260233
321061
330032
220148
360449
360084
260121
350228
220766
320442
220388
210147
380029
221249
320286
330004
361880
330288
220426
360271
220976
350140
221421
330300
230281
360802
210103
220410
250152
220126
330068
361377
220707
360746
260323
230360
210238
230021
360618
360884
360009
330490
270363
250294
280070
310285
230375
270122
300018
360414
310108
221329
290108
360298
310094
320816
300055
330210
330363
350175
320093
361225
210204
361039
361363
330538
320733
310083
300445
361228
230384
350415
240322
230074
220164
361615
360122
220045
280087
320727
321004
221286
270126
300009
250067
290155
230207
240217
250326
361614
250325
361328
210358
220046
220807
361908
330568
361600
240296
310189
320658
240071
280050
320721
230363
300386
260183
361722
240130
210292
360102
220775
290125
221272
210195
240339
270509
230535
221110
230109
210297
330351
300021
250023
361446
300440
360779
360591
230206
360877
220408
350153
330257
221040
210228
270469
330577
221349
320465
230119
361252
210455
320335
220151
310257
240450
360566
320124
330188
360257
220534
220962
220946
310252
350067
300302
360038
280215
270236
361560
330715
221271
221036
250409
361004
360159
240065
320998
300283
320206
361014
210429
300240
270393
360899
321018
250153
361770
350453
220741
260106
361255
361215
360133
260185
360218
221165
350369
270381
210259
270022
230060
240145
230292
270074
330005
230239
250150
221220
270176
360099
220357
350258
210144
221148
270477
361008
361627
320601
360253
361481
300544
240399
260067
210456
260151
210061
250044
220423
210142
250257
280152
221280
360219
330202
310070
300064
220999
330396
240039
240353
220224
330045
360847
230132
221328
300300
270030
300278
361795
350139
320168
350438
361838
280220
360695
250155
220997
360826
210186
320207
330367
240224
360744
320246
220452
330065
361311
320988
260050
350164
270135
320303
310210
221086
320054
320545
360583
361122
320322
330470
250370
361289
310307
221254
221309
240113
240355
210479
320982
360125
230176
320855
210222
230003
270194
360856
230062
220017
260160
240298
330150
270337
270323
220942
270297
290187
361968
320802
360547
260214
320374
210190
330619
350348
350039
220982
321075
221057
250369
350090
300425
361574
361805
270226
361865
260346
210478
310235
360475
270098
250395
240275
361319
310211
240420
220038
361809
221161
300185
240166
220669
320794
361903
330697
260142
310267
300316
220364
230121
330029
270252
280192
380008
330688
220105
361744
321092
361209
330108
230233
230092
380022
330200
361163
360624
330386
220177
220569
220896
310147
270310
350149
360613
220826
361359
310144
260167
330518
260027
300217
260267
210065
361175
320106
220806
230545
270453
330533
360930
220133
321023
260037
330454
360144
221093
360935
220265
230050
310119
300284
250092
361682
210037
360996
260058
270517
240431
221063
320316
360771
360034
240207
320017
300291
220788
240264
220872
260137
361353
230227
280135
361666
221060
270008
270346
350186
220430
361743
220618
320743
270146
360631
270494
360511
320945
310182
350474
350138
221169
320814
270237
350399
220334
310028
350325
260150
361162
330311
240425
320200
350307
320427
240091
290143
330159
361509
270403
320111
300468
361220
310209
360057
270405
270209
210379
361626
320483
221314
300068
350425
320011
270273
361245
220122
280196
260117
330171
220155
240048
220403
330115
320867
361596
260352
230459
330481
350199
210431
300555
350098
310290
220138
360559
330060
250097
240200
300369
330074
240011
220259
220405
360128
360658
300260
280185
361846
210056
320978
260204
250405
240293
360366
221233
220355
360082
361151
220781
360023
360789
270344
221299
240438
320399
220725
220245
220147
220004
320099
230222
330636
260324
290132
221332
220479
221166
240074
221367
361604
250131
361654
221021
320084
250260
210369
330562
270019
280001
330240
230518
250317
230421
270327
270439
361078
230078
240279
320851
250410
361746
360978
380021
220419
320035
360677
220462
330549
240455
361528
230372
230265
350016
230450
221245
220338
270198
350027
320630
361702
220786
220341
221318
361776
230113
310249
220867
360010
260329
361561
350341
220130
350089
221064
230273
240453
220659
280046
270265
270497
220473
300442
250020
210365
300035
310247
320582
360550
230272
361940
310103
320823
280178
270195
221066
240387
280119
290185
330578
361841
250356
310019
330275
320571
361670
361541
220228
321086
270182
360170
330097
230251
350111
330204
320407
361079
350479
260310
361588
220731
320377
230052
270510
240005
280007
220097
361777
230442
330617
300552
240244
240318
360400
220304
320173
361469
250045
220845
350124
320762
230296
360798
230285
350305
320070
290177
240122
320785
221077
260273
221153
361897
320739
330263
361511
360634
360264
361910
290174
320327
270292
330439
270428
361624
310226
280054
280153
361005
221016
250180
280172
361308
250389
300082
320900
300299
220258
260132
361603
250161
310037
361011
320540
240364
320003
320271
320615
220372
360196
360033
360648
221122
320570
320765
300182
270513
250050
360048
300531
270050
290052
320108
360734
330103
300507
350115
330595
361911
320710
350424
361075
360729
240185
310294
230524
280102
230468
230143
210102
330046
280221
300163
350338
300591
361361
260303
360093
250311
360392
240459
330535
360019
220929
290065
230430
230387
260232
270504
320480
250215
360309
330344
361672
250255
250287
230534
360463
280086
361939
360466
361274
330554
220717
320713
350367
360590
230466
250345
360938
230505
361088
210020
360258
230409
220142
260021
260288
310305
260328
361193
220476
210036
360517
330336
320644
330347
250413
220590
220895
210266
321002
300584
330658
330090
230379
270201
361566
230248
260193
320618
310099
220208
360050
230015
221156
350481
220646
230059
250201
310024
330586
330280
350330
250103
360471
221185
221334
310075
361230
320425
210145
360314
310170
270410
350079
361058
330462
361383
320539
210091
361948
270092
270161
240164
361343
361564
240402
280150
270169
210247
350006
250265
350442
360750
330584
360761
361721
250261
210277
330695
250074
360018
361543
360368
350121
260048
320908
360147
310266
290182
220093
321017
270408
320643
220630
330565
270354
320185
350242
210435
320516
310128
260201
360205
361044
310188
240257
250230
270360
310293
300108
250071
220857
270167
330440
290167
361550
230388
240252
310286
361686
250358
240434
221194
270402
360363
361277
300392
330122
361906
300431
361503
210289
280216
320505
361156
350150
270427
290039
300059
221141
361763
260010
220589
230164
350405
280021
361347
360324
361490
361819
320698
320304
320797
210108
270361
310275
300492
310173
361572
260074
360976
330013
361099
360182
310158
360907
280091
310092
361336
360430
310308
270375
300259
361070
361684
240093
361704
220614
220291
320766
250414
230010
210136
290102
210237
330608
361327
310090
300419
350395
250017
220127
320801
330422
280166
350346
300138
360440
290176
240388
240165
290166
320329
300340
280163
270447
221419
210008
270090
360379
230178
320527
320916
230368
360344
360412
300510
361413
360317
220954
221152
320521
280125
361378
240077
290141
250368
350172
360602
320065
330493
220115
230276
210095
361392
360485
250220
220240
280198
361888
361802
310133
360098
300327
250042
361835
220065
360191
290030
221188
350227
300257
310005
270256
330315
210446
210433
250077
360901
230425
220874
330403
361454
361302
270328
320230
280092
220180
300198
220670
270245
310123
221179
220135
320117
221298
330640
240154
220189
220641
320282
220565
361644
220755
220216
360187
360617
280213
220992
300501
270156
320238
260296
220257
300503
361144
220925
260309
230032
360811
221331
360862
361727
260114
270380
250363
240219
210366
360733
240327
270044
221229
330079
360522
220278
250066
330362
361691
240357
290084
220924
210229
321021
360290
360385
320228
210083
300395
360588
220660
210090
240087
210021
320881
210141
360627
270026
330303
360757
230134
300122
350244
270482
360898
220274
310085
240374
290121
250338
330224
270031
361573
240146
360905
210113
220252
350361
220640
230083
330030
270211
330317
220698
230031
221368
320730
220899
280048
290188
361816
250138
320840
320332
300197
320477
240352
300148
210346
330114
220623
361778
300097
360955
310105
310072
320356
260108
240110
290156
240033
361104
240069
220817
230494
210304
320114
300111
230068
361247
320683
360106
361667
360510
360893
221294
320838
360397
360767
350287
210252
240209
220055
350431
250352
230051
221360
230488
360310
310010
260173
361842
220520
360239
240075
300423
230443
210283
300199
240045
360630
240237
220607
220906
270255
320153
260255
210337
220232
360207
260122
250288
260224
360406
360786
210096
350288
360608
280189
250167
250209
321024
220747
330727
361322
360287
240136
210395
250344
361755
350355
270505
320219
260326
361569
270322
260177
310126
230263
320018
360174
300526
300184
210443
310076
220062
360442
210164
221408
221071
221084
320302
360756
361891
250019
320420
220779
300456
360266
221062
250359
220894
290100
330405
361784
320179
270151
230225
220432
280209
320770
320593
221396
320589
270464
320694
260209
220568
320487
300053
330205
320077
321056
360087
320958
210273
240182
240201
290104
210256
360687
300072
360151
300525
320006
320159
250304
230333
240401
360390
221134
240212
360992
260120
310101
220112
360270
350117
220143
361485
361847
270076
350324
360153
320722
350037
330148
290120
320674
320192
350316
220969
270016
290016
360563
221215
361312
361341
220891
221123
260347
360472
260046
320506
240002
321072
280014
320294
240179
350205
300470
260186
350336
230355
361881
221398
320429
330353
240198
220758
220460
270367
360809
330702
260357
270313
330334
220309
220230
210422
240354
240026
300301
250204
221155
230475
330402
320606
320625
320491
240199
220270
250069
361676
270371
221181
270128
290098
260268
270341
360080
361126
250339
330551
300453
250298
220971
230048
240012
310278
320523
320428
220153
221025
240259
350444
300286
300579
330563
230172
220047
290127
361740
250235
350493
240127
320045
221192
360152
320066
290158
240310
361096
330561
320548
350190
310193
230543
361827
210240
310155
220692
221143
310287
230012
240040
220912
300581
360577
360049
220092
361129
300548
360352
230107
361486
350298
221439
280145
221149
210013
250247
320754
300469
320004
320059
210487
330449
210072
230318
280219
220191
360637
330385
350009
320354
300094
360343
320380
220078
220904
290157
270454
221009
360369
320094
330720
300215
361021
320619
210264
330573
320879
361158
240325
361607
220350
300317
280157
230061
330461
361780
230077
330615
300172
360670
220765
210221
330126
250112
270137
230043
360071
210447
350300
320892
330692
280094
221098
361143
320671
320470
210482
270079
290145
260144
260290
300412
210110
220673
220882
350473
250132
360840
320128
360478
320194
380020
330612
330080
320330
260252
330154
360764
300564
320451
230039
361664
300582
240188
360381
230128
220339
310129
320038
361482
360995
350436
320403
360929
330307
320364
220412
250290
220233
361017
250324
320384
321068
221096
250205
260225
240391
330691
270035
320939
330073
360132
320997
221070
210384
280017
310251
270330
320135
290020
350053
260227
220634
360171
320725
270059
300124
300239
260164
220007
260060
361251
230378
320137
300518
220947
260278
220521
300081
221231
350202
270268
220710
321045
210354
360458
321087
330151
350184
250308
360407
320008
250006
361760
330516
230200
220680
250371
240426
361455
270286
360649
230332
320807
320670
380019
300245
220343
361687
210188
221311
320257
330296
260289
361904
270451
350015
270056
330354
220190
300382
320522
220217
320174
320259
350291
220875
240094
220448
350472
270515
260239
330244
221079
330243
350257
270498
270312
361159
350122
240363
361100
361514
320396
210483
220545
221389
250341
300593
221407
310030
280105
320125
220852
330409
220119
300221
360013
300160
290152
210050
290056
361022
280132
310132
320266
320547
230284
260014
220525
210288
250010
280188
320872
230067
260202
260195
360136
220427
320082
360640
320645
220980
300180
360650
270133
320419
310197
360667
220198
220732
221173
320813
350382
360085
220346
250243
330376
220277
360358
361487
210325
280022
230429
320576
240378
221330
350203
220066
310230
350077
320033
361131
240429
290085
330513
321014
360780
361489
320157
300054
320905
360837
360504
360873
320842
230009
320950
300543
300305
240030
270112
320062
300033
320499
361404
360610
221002
320312
290118
210287
310313
361894
360745
360111
320291
221248
361164
220721
350010
360208
321081
220028
270518
230242
240225
221118
360259
250376
240372
330272
260338
230241
361937
220805
360663
221195
220860
250117
290022
360001
350025
230352
320068
360623
250124
350156
310069
221119
220261
230212
330245
330305
240286
360488
310121
221128
360832
320773
320919
220407
300065
250268
220477
270101
320935
330641
210374
320667
210457
300567
221017
300574
290162
220474
330016
350333
210454
360129
360782
320187
330044
250245
300524
360959
230056
220393
290124
220677
250354
361546
350046
300481
330486
230411
270474
210255
240089
360068
350141
350251
360462
220307
310145
360503
300359
361370
361648
280174
361437
290092
360376
360829
221172
320016
361398
300450
270419
300344
260313
361077
210167
360936
360446
210371
250388
270258
360346
250249
360738
250159
221366
221171
220308
230405
290163
250348
320405
361814
290080
361719
350276
310185
260017
220651
260220
320437
250295
360960
360484
310164
330426
270155
290179
361538
221351
361350
300268
220104
210444
280029
320268
221344
330213
240408
230188
220275
360921
321057
220101
300249
300569
330523
350283
361599
360580
330471
220320
360587
220631
270444
330299
330722
210391
361856
360603
360483
220211
270359
290031
220313
360302
320857
240246
360134
361412
361822
360333
230269
250318
220580
300051
330519
230140
230111
321070
310186
230146
270282
361773
330281
360701
230477
220773
270064
360421
350086
360562
350100
280011
330322
240037
300478
210143
240196
250058
250274
360975
270141
220022
361408
330505
230310
320233
320325
361701
361173
210303
260342
360004
250147
361394
260263
320866
250375
320723
361663
360796
330469
260330
330358
361984
220983
300374
350286
360878
220701
360382
250228
360966
320933
210299
220467
330411
270272
270383
240415
320328
260057
240180
360316
360828
320026
360969
320611
300030
250181
350465
270110
220687
320474
360659
290106
220446
270131
220052
210253
220718
350437
221199
361734
260253
310150
210392
310047
221247
290160
361715
260269
240452
310177
260042
230041
220848
230159
210462
350263
221117
250126
360698
360487
330196
361602
330752
330704
350104
361430
350404
360286
300028
380006
210074
240053
270483
270127
220279
210105
361283
360971
320276
361735
220317
230376
250144
360696
220014
220174
250366
361259
320258
360523
361593
220024
270149
230203
310153
300578
210383
250262
220685
320199
350093
320169
360519
310200
210203
230125
320996
320873
260141
270422
210009
360989
250055
361367
361273
250076
330111
361639
320620
350350
320092
360626
220883
220940
361024
220700
361912
290046
360533
300205
250188
221218
240018
330495
320564
360736
270306
361597
221157
210077
210116
360046
330649
280044
380010
361477
361570
280075
220431
361655
240178
220550
220514
300346
240250
300002
320281
350191
221409
270352
220920
250291
210124
220974
360994
240256
300390
330512
330473
330460
220082
240348
330599
361864
300056
210119
210470
361762
361675
220284
320972
350377
270355
260318
320459
210361
250312
320285
300315
361685
270004
320966
290038
300167
220236
320362
210298
310025
320250
220494
330653
350110
360067
360674
310302
310224
210048
350071
230394
360340
220255
361758
300444
221001
221293
320201
330183
221054
270489
361402
361764
361556
360754
300363
361759
250384
220880
330433
300326
361692
250367
221274
321091
360947
330730
250115
290070
221210
220222
360238
320433
210175
360268
260001
240245
330330
250085
350248
270207
240248
360090
240013
330319
350022
320307
350482
360800
260163
350491
240230
360657
220354
360054
330088
300145
250229
350238
210441
240051
290077
300139
270154
360896
330474
320818
220008
320826
361403
361518
320424
221386
360897
330059
280088
310296
300295
300219
350043
230463
320436
230103
240131
300127
360501
260300
250032
210189
280068
210177
320028
361180
360557
330555
320513
330705
230449
270065
361883
290014
240456
280225
330132
320557
221284
221246
221436
230361
300158
221073
250347
330022
210157
360373
360251
220770
221411
361324
210284
250237
270499
280024
320401
310043
300115
350477
320795
330014
240370
270339
210348
361830
361921
221043
210053
250315
350059
260235
280160
240269
210390
220557
270203
270384
361369
361080
321090
250278
321001
330273
360513
320044
330216
250231
361382
360863
350047
221317
230066
220157
230098
250108
300407
221428
360500
250110
350455
230084
330356
361313
220203
320430
270212
361170
330627
320992
361323
360704
270288
320313
330221
210463
280231
320457
220171
210307
290123
330468
260032
360903
360716
240193
221028
230158
250206
330580
360498
280065
230437
300227
250353
360836
321026
220056
320703
240360
320859
361035
250099
210305
220342
360045
270140
360495
260248
260194
360276
360646
210030
361533
360248
330241
350435
361617
310161
320662
330451
320340
320309
360453
360032
210356
320536
300100
260087
210262
320196
350403
361222
320432
280183
320887
330087
361182
250259
220326
320763
360844
220593
320910
220329
220493
230094
270166
320170
320319
280129
330389
210215
320701
361716
330394
310274
270480
330686
310143
330398
290025
320166
210225
210464
250184
360437
320911
270238
321107
220418
220183
270244
330340
210155
310295
310175
250264
220377
230173
350250
361753
260360
280069
310096
360636
230334
280169
240349
361873
350168
360095
350475
290073
360295
220664
360573
320633
280128
320110
220709
230001
210438
260322
250176
320837
361711
270174
210076
220442
310272
220482
210150
230453
361871
330054
361616
350082
270157
320720
320893
360150
360334
361061
330348
360180
270231
260294
250172
300041
320496
220597
220608
230226
220517
360335
320440
300339
221164
300377
270038
321037
270445
320699
350359
320463
240243
230542
360244
361531
250062
330654
230455
361258
360493
240234
320046
360438
320968
361236
230192
250063
320987
330123
290150
260135
270224
280067
350014
240443
220099
361769
320352
350177
221072
210130
270332
300253
290128
361526
240407
380016
250015
290007
300103
350497
361525
361782
270396
360850
310233
270511
320874
350240
260275
220091
260270
220505
221078
221388
360595
210129
361717
250211
330754
350265
330729
240442
230170
361537
350040
360149
360692
280040
220856
220937
210171
220509
360917
361049
290115
321078
290050
321073
330298
361397
360296
360024
310203
361145
330021
360115
210312
220594
221135
330750
361287
330268
361631
221023
220901
270124
360420
360526
360395
360022
360806
230071
330293
221354
300063
320650
270438
361862
230137
230328
220090
361595
310256
330559
361362
221433
350030
360359
320308
360139
270025
240123
300372
220421
220560
360083
270084
270262
270279
220067
361478
220759
320799
300175
210257
270051
360860
270202
270434
361884
230181
330602
360467
320256
240449
220636
330537
300480
360350
220202
221414
210139
320109
361954
221125
360593
330530
221089
361736
320672
360747
221379
310291
270317
330739
260031
221083
360247
230258
221005
290069
220425
361872
360606
360967
250273
220238
361724
320836
260126
360685
360415
361508
220513
240289
240258
230532
210271
320449
360401
360953
220639
360217
361558
360398
330249
310269
320371
361169
221116
320682
360772
360741
300287
260230
360759
210170
260045
361463
210134
360795
290129
360558
361457
361456
361473
361241
210476
350195
220323
330693
350179
310031
330158
221362
320856
250028
361534
230342
360678
220382
321064
350329
250303
330731
350068
220540
361668
221207
220658
320421
230291
220235
300597
320132
250305
240055
240382
210437
360089
361204
330349
220481
361249
270017
361192
220797
330604
250056
260146
221241
270502
270039
230369
360529
300264
270219
310236
300403
350054
330412
221277
361750
330338
300405
220210
320747
330372
360477
250143
320993
220146
320388
220615
220144
320597
361647
260051
221262
270516
220863
321005
220616
260085
290043
210032
280206
361772
260221
240444
330528
330721
270460
270230
350214
240445
230356
310115
220159
361653
300353
221393
320544
260008
350162
210458
330121
361979
310212
320636
310026
361038
360545
260246
330622
230042
361548
300388
320898
270108
320894
210459
280233
290112
280224
221168
230160
361452
350057
270364
210100
220878
220769
320531
220178
240195
360197
240105
320559
360611
210082
361211
310060
270263
360546
320376
350322
361405
270353
280055
330541
360664
220713
350490
361728
361987
270144
220736
360337
330160
220490
230362
321028
220209
361850
250300
360360
220537
270052
350119
330524
361449
221187
330260
270400
360297
330187
320284
300318
350478
221053
270496
320446
320828
270143
221308
260219
330237
360599
330546
320462
270020
330031
270117
260080
330479
280095
321108
300155
221174
360188
320724
380001
361635
350354
230014
320121
210156
210344
230398
280214
250105
260040
360436
330314
350342
220344
361000
270382
240034
220905
240078
350031
220396
290147
240168
221026
330408
210239
230139
361458
330180
280223
320880
360064
330350
230184
230266
350280
210014
220798
300281
300204
330709
310033
300024
360204
210248
260041
210406
361594
330369
210294
250037
320676
220519
361244
330270
270301
290095
360984
320504
350103
220524
360303
300368
250170
220031
361147
360720
260344
361189
220063
360245
221092
221190
330701
320875
320021
210088
210011
360872
220167
360502
221374
360354
320745
230069
321042
280032
270086
330431
320089
300099
220620
300152
350269
360012
361090
290113
210101
320025
260317
220400
300460
210451
360320
290153
260359
361335
310151
240176
330015
300110
220399
230483
361040
360725
360760
350441
350344
360461
320469
280179
240134
270028
361223
361071
350237
360267
300252
360937
330738
320204
230065
290047
220349
240133
361876
320426
310137
220195
360635
360945
330136
310079
320517
260179
300398
350468
321080
361253
221267
360396
361674
240044
361409
350026
220239
320448
220784
230027
360014
360318
320344
360173
221261
210500
350408
300263
210149
240447
300336
220953
350029
320342
250003
260282
280042
250277
220888
220456
361889
320295
360252
300416
320839
220351
330508
310157
220109
350449
360812
270329
330168
270365
250316
260242
220611
360652
220548
210480
220715
210054
230163
360241
361415
300112
361905
330145
350499
350234
361924
240025
330593
250340
230370
320175
230341
300411
220855
260277
280062
310146
361023
330395
360103
321030
270294
320596
330271
300474
250089
320489
350360
310077
360538
361479
230093
230218
360592
221018
330671
330175
320616
221300
240376
230323
361334
230213
210481
300176
350185
230053
230217
210161
360383
220102
220181
270145
360035
270235
250411
270291
310122
220559
220411
300364
330011
320677
250160
361612
220058
300590
360418
220814
320543
230491
260216
260237
320965
230162
240383
290044
220273
230097
220991
220577
220828
320755
270470
300473
220392
360460
221363
210268
260315
360831
220391
361278
300049
320656
210244
320804
350412
220379
220902
361578
330659
350146
321077
280058
250286
320299
220450
350463
210245
210232
240233
330677
270287
320100
210093
220129
240205
220596
240108
330253
220567
220449
230418
310098
330645
220533
250185
360117
350486
361483
360411
361262
221283
361105
320631
210084
360743
360435
220297
330672
221338
220478
350388
360913
270129
360273
220330
360327
270298
270175
270123
210043
230402
360063
220226
250025
280170
300237
260243
320890
360454
230325
330218
250402
270136
310299
320151
220810
310174
260332
330130
210415
230486
220196
360954
220264
300223
300541
361811
240291
320002
240367
320260
210057
330631
361922
361069
270015
240332
240392
240305
230230
361860
350108
310162
220331
220081
361751
220965
290093
250102
250139
221011
300285
210066
330445
210260
320793
270213
300032
361985
240335
360702
320326
300570
300267
220708
320248
210475
330197
280177
210019
310042
361066
270386
300443
250200
240313
361557
361417
250140
300235
330181
230286
250021
361710
361981
221335
221163
210005
361172
350302
350352
350458
320929
360845
361280
330018
260226
360185
360572
250362
330594
220727
250238
350222
230294
361282
300499
230358
350451
220546
250157
350362
210274
320812
360444
260069
210368
320955
330711
210272
220149
330172
361902
210328
350304
350133
360709
230414
270468
220884
310053
330093
230448
361640
221087
220443
320815
270461
250398
320778
360535
221214
320039
361232
361907
280101
290149
330418
250187
220098
250038
230313
250219
280159
360304
360749
240328
360675
350076
320864
360328
380025
270406
360322
221205
210317
220774
330567
310280
360413
260065
320534
210396
270392
230089
220764
310138
320130
350312
330547
300342
330379
360323
220702
270034
360777
360810
260291
230082
361257
330318
260234
330323
250013
330339
220676
280084
230531
361484
220990
360934
361297
210418
361208
350137
220123
210445
290137
240265
250101
300084
330698
221369
210236
330564
220666
360041
220626
330374
210104
210217
320216
361447
290091
320411
260197
310199
360783
260088
361450
361714
300236
361733
320552
320464
361636
240175
221378
361796
330742
360690
240206
361263
250377
360983
210296
220587
230436
300580
320321
330189
350130
260339
230054
240153
360192
310314
320315
330227
310178
210485
350247
321097
270289
270508
361107
361373
310036
320689
360370
221177
220714
320657
230525
361898
361307
240003
221003
210469
320190
330053
361577
221146
260109
221006
300595
221151
321016
290051
270142
361153
360432
360551
361181
320274
270295
270024
350351
220464
240080
220248
300354
350088
270225
250244
330501
230011
270412
330703
240405
220169
360508
230231
360199
361513
220881
361459
360656
300027
350160
250049
221244
350387
280139
310165
300255
361248
270391
320052
360356
361516
230461
361790
330736
320913
320333
250349
220893
360676
330382
210016
250163
240228
290139
310100
310218
290032
221435
220868
350297
361067
360540
240082
350151
220911
250054
240070
290083
320242
220585
210450
260105
221178
330289
240163
361585
320961
250203
360585
230224
330410
330450
260340
310110
250271
330734
360347
350306
210132
360301
300571
360866
360977
210412
350309
300040
330220
320686
360306
300429
220799
320921
321019
260361
220679
361410
350353
220783
330169
310089
240410
210347
220204
360167
270299
360104
360941
220499
361431
350066
320964
230277
330571
361074
350207
360434
210087
240019
270077
240249
360025
270003
240267
220815
330497
330128
230219
330176
361688
290018
210359
360835
361055
330038
210181
240046
330590
360405
350023
320215
290008
360719
361877
300331
321102
360131
330643
220312
300050
221039
210018
361808
330075
240167
220512
330072
361858
360612
361416
360003
250364
360805
320129
240448
310041
330326
320208
240068
230148
300057
330069
350375
240441
360858
210064
321058
210034
330676
210342
220678
361233
330020
220163
300397
300596
330378
320798
210028
220472
220310
330477
300523
220694
240162
320217
230373
260100
260036
310156
361738
300143
290107
361332
350028
240375
270481
270082
320888
300381
220661
330543
350236
360455
230521
220061
250270
350178
320637
221322
360496
240191
310176
220829
220413
210128
361304
270342
220011
290081
320096
270172
361428
230297
330650
310315
330105
330147
220083
221418
270503
250285
320709
320959
330388
330635
260182
350328
330446
280187
360326
220088
270205
210301
330119
360011
360053
221282
330748
361657
330256
361643
350132
360524
310141
310183
270100
240285
220624
290110
360552
220073
360272
320796
320714
330028
320049
330428
240350
240038
361352
260024
360193
221345
210332
210335
221305
240437
210421
350289
361515
230072
210267
240006
260157
361179
360855
210224
221069
321082
320292
230353
360007
230396
320995
250406
320833
220015
330525
280194
320165
221237
360886
310104
350409
221336
270041
260133
260308
361266
320317
230034
240104
260082
220628
240294
330085
220720
361240
310097
280080
350142
350299
320841
220200
220469
270083
361729
230305
290144
320232
350293
240231
361217
220387
361857
210270
220383
320050
221140
220542
300258
230460
280208
361298
240283
310216
250047
250133
330127
360534
360505
320390
350279
320229
320688
300207
220036
221350
220401
260147
230393
330425
240381
350097
260356
221296
220131
321074
300010
220365
320869
290180
260015
220272
270134
230428
220072
210121
270063
361117
320938
220544
360752
320780
280082
350161
210192
220336
250263
310082
320675
361082
300436
221395
320072
350267
360737
210138
310234
320107
240177
221423
260184
300048
221417
300130
280036
220260
360439
221264
230131
280028
330384
360645
240315
360427
360469
250189
270316
220398
280167
320210
300490
250165
360255
300329
240261
220582
300187
320768
361154
230501
361101
321040
300013
230122
280031
320262
220988
240379
300370
220782
330209
260292
210352
210386
220838
360575
220574
220751
360671
230503
220376
230539
260249
350069
330611
270113
220719
220358
350498
221307
361421
320646
300383
310071
321066
270197
230199
361726
270267
270457
210398
330607
270448
330143
330427
270459
250266
220967
220445
220854
320023
360404
280158
330017
361462
260092
350358
330061
300229
210401
260250
230514
230406
361955
320468
260062
270455
250283
320971
320090
320854
330680
330328
300075
360727
330006
361706
361579
310046
221343
240008
361757
320311
270220
210265
320435
260047
250016
250194
260052
220987
220486
300102
230404
280161
361171
220367
361633
360403
360867
300077
220535
230099
310191
220793
220958
361474
361418
310208
250109
250057
260136
240242
221211
360166
280204
300029
320729
210302
350229
230454
350049
300337
290114
320984
240197
350443
321067
210148
380004
230321
260053
330067
320310
350389
270070
290168
361043
220564
210118
220730
320029
330506
250319
270089
221400
210194
300362
300170
320613
360417
260276
360598
361224
361050
350197
350136
330214
320979
361423
360293
300540
360445
260161
210473
220526
320752
300186
240114
220693
240320
330166
221197
250082
300058
330536
350051
320139
330735
350363
330717
360851
330514
360146
240271
240417
320706
230186
230026
300314
220451
220938
321106
220035
260084
260096
360341
221158
270177
320746
360758
350114
350224
360480
210230
230174
350176
330252
260039
220086
230441
210413
361194
320647
361679
361707
220531
221226
220114
350221
330400
220116
210357
260362
310136
330341
230123
250068
320418
221020
260099
280038
270471
310154
330515
360030
210341
270478
320587
270055
360578
330156
320479
220975
361632
221030
361305
360308
221000
220744
350407
361186
300225
230169
220436
290049
330542
240049
260178
360486
361752
210127
221080
361947
361406
360450
350081
220675
310118
360006
310248
310057
330437
380012
220437
280079
270388
320123
360190
330116
300529
250100
330609
230536
300083
321015
250104
210172
270280
280057
300166
360209
310215
250014
360579
221056
210380
220315
361391
330632
320406
300060
240342
230152
361191
361536
260260
360367
361488
361330
380015
300396
220184
330162
330170
240159
270487
300434
360112
360910
220561
210278
300036
350290
360785
310073
250282
260302
320774
250166
221109
300168
320133
250061
260348
250186
360672
360902
250210
320444
230502
230047
361765
350429
220733
300015
360157
260064
221113
230280
300550
310093
250299
210193
220606
350376
330741
330443
220420
220433
360918
330755
290029
360108
290067
250404
360520
220194
230095
260190
350085
350439
330146
230189
260218
240254
280049
220335
361296
310196
330642
220771
220340
250337
361348
320925
330719
260123
210049
361203
361414
320269
250293
320091
360693
361562
221239
260128
230228
250289
330266
280002
221405
320305
320434
320195
280020
220117
220819
330043
320249
210078
361118
220037
320244
361399
361467
361433
290175
321007
260251
320960
360158
220644
210211
361824
361680
320563
350413
320678
270066
210362
230124
230464
361978
361567
320193
350008
321104
320884
350193
360194
280077
220625
361520
221290
310111
220380
260259
221004
360348
220429
361628
360116
230306
361669
320602
250372
221130
330678
221375
321079
220599
310062
270450
320565
361971
350495
320989
320277
240139
321009
320343
361442
230426
240362
360143
220552
260304
250128
230102
240223
221097
361609
361178
361260
210112
350063
210154
320634
210397
360331
290131
270007
260236
210052
360079
300279
221051
220480
240202
240227
260208
300356
360708
230006
300439
310049
350001
361089
250196
240329
250091
300270
260222
330423
300008
280131
320073
360212
280176
221012
330442
220572
361320
361375
330332
221132
300399
320055
361206
330182
220471
330620
330737
360589
221238
360904
280227
360724
280117
300357
220136
361611
220977
380023
320458
360078
250328
320648
350145
360581
360016
221312
221176
320728
321047
221126
260016
300101
300016
230216
330448
350315
360357
220231
360211
330491
290033
240102
220378
350152
360249
221313
360808
230479
300228
260245
220475
260125
350476
350331
220523
330201
350462
360970
330690
310034
220185
320270
350260
320581
330041
360958
230204
320136
310301
310259
321093
270413
220858
350213
360549
350072
210012
320283
250400
310245
320627
310184
240210
330485
360560
330391
361662
240343
320786
361052
270006
270493
240323
330381
361656
361349
350159
360148
320104
220672
360753
361589
320687
230473
210106
361136
270115
350433
250175
220706
321025
221105
350366
300044
220627
270081
310139
350317
300026
361505
361045
260287
330534
220903
260181
210055
210168
220889
250272
220823
361426
330345
230336
230452
361634
350270
240346
220994
220125
360375
270466
280151
240161
260354
361678
330177
220689
360973
350004
350272
250309
210493
320350
361284
360073
250073
230433
221048
361432
220434
230427
350480
210223
220463
270183
330198
350256
360028
300248
330094
230350
330274
240072
280141
360668
220154
240156
360137
270320
270397
330301
320914
360465
330404
360494
220454
320140
300489
360586
270309
350174
220089
360377
320447
240017
210196
240334
361608
361295
300451
360169
360986
300454
320612
250302
361480
220107
300421
290173
320882
361098
210051
350278
350042
221013
220802
280180
220333
320806
360039
260247
220918
230335
260091
300509
250168
250212
360932
290148
250329
290101
330605
320127
320790
221037
240319
270192
260140
230512
320203
230302
250107
300588
250296
360109
300360
360778
300188
221022
350157
220325
350078
280106
330133
270210
360224
360321
290072
330407
221114
310058
360426
230156
310127
221058
350401
221219
270302
360225
350218
361527
220345
330184
360164
270171
350215
330278
310187
250385
210120
330399
230268
260274
280096
220836
360830
290074
220158
321012
230415
361621
270043
260272
361316
221270
290171
250004
330581
270215
361137
280097
320184
210407
320697
240151
300086
360069
250041
330746
220910
320696
320520
320181
360118
220917
350113
361007
350314
221202
360769
240330
250342
320279
350345
361768
330415
360015
360240
361084
310254
240302
350464
320318
330553
361899
360891
360201
350365
361440
221201
361586
330003
270264
310243
320381
220487
220879
330706
300365
250127
360096
310134
320936
280041
280023
220121
330710
230215
240458
361641
270111
250346
330392
361859
210212
360639
361119
260316
361553
350311
221252
270114
361936
230295
221415
300572
280005
330225
260223
360665
210496
210207
361139
360766
220424
360776
330598
260203
221100
250387
350183
361828
321036
260097
240337
300422
210453
270054
221240
210269
280034
360162
230136
360130
221027
280203
240107
240236
320395
240266
360683
260189
360313
230462
230331
230495
280072
260191
230480
320843
221268
250202
220502
221129
350320
260124
360365
250122
321033
320963
300400
220932
240309
260110
270467
270452
361625
320078
330444
310054
300150
220955
250214
250151
360991
361436
320032
220583
230274
361338
270321
320632
220563
320363
250060
221180
210094
330040
310029
220168
361188
330051
320877
361694
220957
360214
220298
230037
210411
290189
220516
330098
300559
360178
320863
230520
330131
220930
210158
360596
240345
320953
361754
221297
350494
221222
320690
330673
360813
360243
300113
210001
320546
320849
230049
321050
330063
350364
210038
220389
300566
250033
350007
300135
220789
360135
220632
210436
270348
210079
300378
280016
280195
270159
320899
260006
220876
230259
330685
230351
220489
300562
270425
310232
240187
221019
250392
361619
260129
230317
350319
300348
350135
330144
320685
330499
361445
361855
360342
260312
210282
250146
250357
330502
280200
330302
270507
260054
320414
320969
210131
360846
240385
320058
320673
221397
230511
310250
240221
230399
240192
361747
280197
260351
290126
310006
290146
350337
240312
361980
361540
361720
270319
300212
210467
360473
221263
250125
360997
300079
220166
320289
320585
220603
360697
360814
320253
250182
260055
240056
350370
320592
320237
320061
360900
260215
220754
361142
320236
240144
