1010142
1010596
1009955
1000669
1005458
1004421
1006511
1002442
1002882
1006998
1005617
1001360
1009813
1006377
1003763
1012834
1002661
1002540
1004910
1006747
1005482
1010841
1003588
1010114
1003284
1009369
1004616
1011422
1009335
1009453
1009907
1009429
1003961
1011151
1011078
1002760
1007035
1001051
1006456
1007549
1007468
1011521
1011107
1001399
1009708
1012869
1011706
1004189
1000931
1007357
1001877
1005766
1011331
1007391
1004892
1003017
1003454
1009320
1009950
1002441
1009783
1000103
1000203
1007326
1001055
1012871
1000044
1000818
1009861
1010450
1004517
1008952
1001687
1010384
1012101
1007168
1011467
1004482
1010910
1010126
1011393
1003445
1007160
1012549
1005199
1002834
1003889
1005167
1006654
1005700
1012691
1005831
1011712
1006951
1011984
1001622
1012487
1007813
1003413
1010019
1010047
1010553
1012316
1010483
1006774
1001958
1011172
1001852
1006584
1001664
1003142
1009949
1005454
1010265
1010853
1000538
1004518
1003795
1005768
1003312
1002596
1003106
1004045
1003215
1005547
1004350
1000905
1010788
1007820
1003010
1000541
1000494
1004580
1007002
1004908
1010959
1000780
1011778
1012931
1002717
1005445
1000300
1007825
1007440
1002624
1007042
1004458
1002129
1012229
1009433
1007653
1004498
1005245
1000936
1005480
1011499
1002311
1009105
1012067
1009006
1004504
1007079
1003444
1003910
1000945
1012558
1005455
1010723
1004902
1009808
1010843
1005173
1004493
1012639
1002763
1011883
1011713
1001523
1004571
1005856
1011597
1007293
1004737
1012224
1008955
1003152
1009698
1009193
1012823
1012574
1012812
1000316
1010295
1010490
1010382
1003832
1009293
1011965
1012276
1000790
1006507
1007165
1011677
1012279
1009437
1005047
1011071
1005695
1004976
1001813
1005999
1002835
1009246
1004905
1012011
1000661
1011802
1003058
1004286
1011185
1002736
1004982
1009755
1007567
1002370
1006170
1005965
1011564
1010359
1007304
1000687
1007847
1006886
1003150
1004709
1006577
1011059
1000563
1004582
1008889
1011387
1011658
1005004
1002415
1004760
1006815
1003144
1011532
1009294
1008834
1002990
1010793
1010712
1011102
1012844
1006378
1002943
1010201
1012670
1010246
1011289
1001150
1007159
1005087
1001826
1004998
1003147
1003435
1002117
1002890
1012022
1003130
1010225
1001191
1003992
1005329
1009500
1005777
1010923
1009436
1011171
1010004
1001477
1004007
1002046
1010574
1012219
1002301
1007302
1004919
1004479
1006398
1009931
1005462
1001631
1001724
1002792
1004957
1005459
1006716
1012284
1002162
1011699
1002777
1001528
1001367
1010413
1002017
1005624
1011591
1001217
1012568
1012857
1005127
1011129
1004839
1003931
1012485
1000460
1001014
1005362
1007290
1001712
1012355
1004254
1006380
1010381
1004485
1009580
1001591
1005282
1007186
1000307
1000273
1010588
1001391
1010976
1012104
1001891
1002199
1007501
1003178
1004265
1003466
1002177
1003401
1006685
1006091
1007869
1006940
1011170
1001202
1006470
1002315
1007665
1011019
1012231
1011002
1010107
1011166
1006243
1002651
1012299
1007564
1001927
1004499
1001771
1010726
1000794
1002892
1002206
1005033
1007730
1009199
1004678
1000252
1009334
1010136
1000881
1001012
1006524
1009837
1009044
1010533
1001848
1005147
1005183
1011995
1005205
1009256
1012118
1006453
1007868
1006799
1008820
1012028
1003013
1004621
1005489
1010614
1004770
1000961
1006090
1002722
1011769
1000510
1010476
1012513
1006587
1011740
1009390
1004849
1004500
1000353
1011583
1001450
1004090
1006005
1007629
1001047
1005077
1004223
1002061
1003049
1010500
1011013
1009391
1003365
1006204
1004970
1010082
1004488
1011756
1007504
1010851
1006936
1003176
1002847
1012161
1000125
1003344
1010401
1012050
1005666
1005194
1012411
1005379
1007807
1004947
1005241
1008921
1005857
1007861
1009829
1004440
1012832
1011991
1004992
1001013
1003018
1011824
1012531
1006788
1003045
1002947
1003270
1009483
1004494
1007670
1006472
1003037
1004035
1006966
1005366
1010573
1009150
1006390
1006153
1003688
1004184
1002593
1010409
1007462
1005784
1011125
1011498
1004139
1003117
1002752
1011571
1002576
1011739
1004303
1003769
1011130
1010087
1004550
1006696
1000395
1011469
1003645
1011900
1004996
1002211
1009936
1009884
1011801
1011067
1005405
1002483
1012439
1011064
1012858
1007856
1012843
1011805
1007266
1006059
1011191
1009737
1005650
1006699
1010457
1001640
1004777
1004117
1010105
1010002
1007375
1009380
1001711
1000929
1001295
1011409
1010090
1011870
1010118
1012300
1001555
1004326
1005332
1000530
1009540
1011733
1010112
1007152
1000740
1011118
1001149
1004754
1010589
1003586
1003415
1002683
1004348
1004285
1004951
1003884
1003447
1005554
1011399
1000126
1012607
1005713
1006477
1002813
1010235
1001279
1012714
1006448
1005289
1009657
1004861
1009553
1012359
1009664
1006196
1011007
1004422
1011025
1002194
1006857
1011682
1005206
1007247
1005441
1006927
1010965
1006423
1001621
1000084
1002879
1002725
1007203
1007506
1007701
1000539
1001753
1009353
1011795
1009517
1009074
1005250
1005484
1004023
1000963
1010272
1001103
1000457
1009649
1012379
1001193
1010930
1006624
1001513
1007137
1003534
1009833
1011047
1004885
1002295
1007497
1009923
1003499
1006210
1007012
1006762
1011806
1001288
1006442
1007271
1001069
1004109
1004345
1001297
1007107
1002161
1010694
1002188
1010628
1007719
1002695
1005331
1009941
1004607
1005050
1001460
1006819
1006821
1009212
1000142
1005564
1003609
1007661
1002608
1008826
1012468
1003783
1009640
1002474
1012480
1003592
1011034
1000365
1001238
1002313
1006987
1010879
1001744
1003419
1011803
1012853
1007210
1009790
1009677
1007369
1002865
1001129
1003135
1004867
1009387
1007668
1000275
1002236
1009539
1000799
1011921
1000266
1011814
1008883
1007792
1004152
1000533
1001452
1007308
1001131
1011001
1004097
1003477
1007683
1005074
1005055
1001573
1007520
1006437
1006073
1012839
1009467
1010805
1005345
1004994
1004943
1006958
1005829
1007163
1010455
1000119
1001139
1010571
1012085
1006641
1003086
1002811
1007691
1003687
1005414
1007110
1005131
1011707
1004692
1005693
1000753
1007329
1012243
1005387
1012518
1009725
1011656
1009166
1012677
1002397
1002523
1007727
1004898
1011701
1007383
1005846
1007193
1006945
1004945
1009078
1003685
1003068
1000259
1012400
1006800
1011555
1000721
1009031
1009122
1000550
1004473
1001468
1012423
1003009
1009026
1012328
1011089
1000197
1004644
1002715
1005637
1004830
1004695
1011842
1009773
1006451
1003906
1012540
1006615
1004312
1005415
1011924
1003523
1007705
1004443
1000258
1006991
1003168
1003781
1000789
1007254
1009452
1001572
1001008
1000988
1006254
1009465
1004128
1001880
1001421
1001706
1011962
1003635
1003162
1011308
1004146
1012124
1003596
1005716
1007426
1011668
1012627
1006782
1009076
1012863
1011035
1007385
1000758
1003677
1009666
1012666
1009944
1012330
1010704
1000964
1012488
1000763
1000274
1001499
1012730
1002846
1010904
1002802
1001768
1004396
1003786
1001715
1001262
1005213
1000485
1001822
1009636
1005585
1003611
1009581
1002004
1002072
1007803
1005118
1006764
1011765
1010035
1011901
1003766
1000702
1000602
1005150
1009131
1007298
1009040
1006077
1006939
1009080
1006311
1002839
1011110
1004698
1004626
1012669
1012728
1004871
1010057
1001197
1006572
1011977
1005037
1002405
1007838
1002482
1006665
1006312
1010041
1006516
1002114
1012883
1006183
1005996
1006392
1007446
1006364
1003630
1012942
1009929
1010753
1004188
1009082
1012936
1001054
1005104
1002877
1000542
1008917
1009641
1004682
1004154
1006876
1006807
1005614
1004711
1000346
1003524
1000713
1005364
1001137
1009254
1010122
1003651
1009018
1001857
1007855
1006562
1010402
1011502
1009577
1012227
1004267
1009599
1003005
1007235
1011675
1011425
1002602
1006002
1007481
1003266
1002936
1010291
1011779
1012095
1012947
1005535
1002756
1012617
1009567
1010517
1006560
1012114
1007416
1009231
1001709
1003745
1003375
1012743
1005781
1009169
1000980
1010169
1001252
1007598
1011947
1006582
1005594
1002416
1010872
1005635
1009667
1001214
1002618
1002903
1002830
1011797
1009562
1003698
1003363
1003416
1006402
1002214
1005806
1003521
1001190
1002256
1011734
1001720
1010902
1004166
1008813
1004011
1005723
1006315
1010313
1008822
1001950
1003966
1000025
1000356
1012545
1005412
1003183
1007447
1006044
1006273
1002921
1009272
1002702
1003109
1000573
1009889
1012038
1000610
1011544
1012484
1003542
1003665
1011923
1006305
1011406
1002971
1005275
1004590
1005079
1011955
1006061
1009796
1003607
1007219
1007769
1004798
1006429
1003985
1011435
1007562
1008957
1009854
1000841
1002067
1004674
1011351
1002772
1005589
1009972
1012829
1005052
1000160
1001092
1010262
1000801
1010377
1002800
1010152
1007052
1002769
1007072
1011704
1002836
1011342
1002551
1006771
1005882
1005719
1004896
1011940
1004614
1012358
1003805
1002537
1003453
1009219
1002277
1007451
1005327
1009643
1000227
1006846
1004329
1012166
1006257
1003101
1000898
1010161
1002941
1012789
1002133
1005686
1011819
1009538
1002427
1012678
1004884
1002372
1005927
1007400
1004379
1001291
1004319
1001067
1012060
1007220
1001979
1004879
1003300
1010748
1012429
1002373
1006715
1012399
1000718
1001493
1004427
1005702
1012802
1005608
1007498
1009348
1000838
1003772
1001790
1003576
1001883
1007179
1003683
1000760
1002782
1007374
1004373
1008910
1007483
1009271
1004071
1004280
1005159
1002387
1007680
1006498
1000085
1009432
1002049
1011341
1000076
1004112
1003563
1009980
1011811
1007448
1000624
1011622
1009431
1010244
1009586
1010492
1009207
1000806
1009832
1002500
1000598
1009064
1005783
1011526
1005880
1001420
1010711
1010032
1003297
1010001
1011680
1002650
1005674
1003704
1001257
1012078
1001435
1009942
1001921
1006612
1012220
1006106
1009932
1009138
1002583
1007735
1009417
1010368
1003775
1010022
1011496
1003218
1005764
1012651
1004769
1004677
1005861
1003283
1006949
1001431
1005494
1002499
1010185
1005108
1005024
1006145
1003302
1011651
1009473
1005694
1012442
1009168
1002154
1006689
1000607
1006647
1010933
1012818
1012466
1006608
1011745
1003194
1003167
1001380
1004389
1002938
1007537
1001210
1008970
1005848
1002701
1007046
1006837
1006281
1010982
1000164
1005598
1000632
1003404
1006885
1005750
1006111
1002855
1005946
1009917
1003437
1000260
1011340
1006194
1004993
1001267
1005638
1009618
1004148
1008815
1012904
1005230
1006177
1006786
1000858
1007001
1006890
1006212
1010808
1007578
1001160
1006221
1000389
1004619
1007473
1005411
1007634
1005641
1000399
1001784
1006990
1010276
1004602
1003836
1008946
1010241
1004042
1010671
1003740
1008873
1002787
1001158
1011752
1003366
1011732
1002275
1002796
1009099
1009615
1001072
1011688
1006911
1004551
1004084
1000549
1002351
1012906
1000512
1003008
1010190
1002075
1007244
1003493
1004825
1011945
1010317
1010495
1007477
1012633
1009630
1005237
1002790
1009537
1001033
1012561
1010605
1007687
1012282
1011812
1000479
1012193
1012005
1001438
1004847
1002659
1000766
1003567
1001539
1011309
1004941
1002134
1002113
1004019
1012968
1000441
1007365
1011775
1009731
1007573
1000588
1003340
1011212
1006213
1005470
1002279
1000689
1011911
1004062
1000329
1012599
1009743
1000317
1010011
1003615
1009680
1011537
1002891
1002776
1001708
1009124
1010025
1010855
1006627
1001176
1001165
1000034
1007877
1011994
1000553
1001805
1012421
1004357
1001544
1010966
1001154
1009186
1011822
1011434
1006546
1004925
1009722
1011296
1011278
1009399
1002821
1003809
1000134
1011154
1009712
1003090
1009248
1006220
1001620
1011200
1009620
1005728
1005699
1012339
1004714
1012171
1000707
1003649
1009650
1007832
1002574
1004252
1001259
1001442
1011730
1004661
1003756
1012447
1011981
1006812
1011451
1003894
1011772
1009528
1007171
1002345
1006920
1012528
1012705
1005474
1010719
1008903
1012656
1011004
1011068
1010406
1011021
1001212
1011783
1009622
1011044
1000854
1005736
1009958
1000879
1003188
1009575
1000911
1011057
1003839
1011294
1011880
1010198
1006037
1002832
1000877
1010006
1011889
1011917
1007664
1011031
1007555
1002181
1006921
1011090
1002888
1003248
1000861
1005003
1006933
1012202
1003764
1006096
1001384
1005479
1009126
1012369
1005619
1004495
1010905
1004332
1009202
1002998
1009165
1010075
1000461
1002689
1004129
1004041
1005610
1004557
1009050
1009125
1004122
1012769
1002773
1011640
1001989
1005531
1001851
1004337
1003843
1005271
1000338
1007121
1004375
1006724
1012174
1012436
1009240
1002335
1004309
1010773
1011243
1009411
1002431
1002824
1002509
1005805
1004742
1009086
1000637
1002984
1010159
1005496
1002323
1005577
1010624
1003346
1010509
1009879
1010124
1001866
1011255
1010854
1007612
1009876
1011664
1012434
1000449
1003281
1012062
1003369
1002700
1001636
1011389
1001036
1003234
1010162
1010214
1009977
1000953
1004699
1005937
1000309
1010504
1009206
1010392
1007492
1006684
1007669
1005754
1000156
1011224
1000269
1011810
1007279
1010615
1009753
1005216
1002460
1003613
1010821
1006517
1001610
1003893
1012907
1009195
1005044
1003409
1010352
1012740
1009757
1009393
1001058
1000431
1012381
1009954
1005222
1001587
1004552
1009333
1000562
1004979
1006505
1005419
1010264
1006083
1003073
1003245
1003975
1012495
1005053
1012345
1006865
1006436
1009002
1000691
1002184
1009533
1011144
1001039
1004199
1011818
1004335
1003618
1005511
1001473
1000348
1002132
1003347
1012070
1009771
1011750
1005975
1009671
1011098
1004883
1003670
1011433
1010893
1001006
1004999
1012312
1010292
1012572
1012787
1012152
1011413
1010584
1012859
1003983
1010181
1012542
1003474
1004363
1011762
1009573
1007599
1000265
1002189
1007188
1000770
1003190
1000966
1000679
1012784
1001833
1007866
1010582
1003964
1005220
1000107
1008974
1000178
1011146
1000764
1012408
1001806
1011460
1011539
1006934
1001540
1006652
1002917
1010096
1011771
1009810
1011103
1005998
1008901
1003084
1012506
1002658
1007596
1002260
1006012
1011355
1007223
1010565
1006664
1006743
1000057
1000605
1011093
1005306
1004633
1005643
1003276
1002747
1006928
1009114
1008956
1007830
1004060
1012285
1010658
1010325
1002743
1011932
1006426
1000565
1011043
1005368
1006929
1006672
1003594
1011847
1001268
1010180
1012970
1011999
1010007
1000118
1006052
1001161
1003481
1003774
1002948
1003396
1001532
1007339
1012138
1002350
1009600
1010270
1006924
1011825
1010369
1012155
1005990
1010692
1007025
1010727
1002819
1012872
1007039
1009741
1003890
1002580
1012102
1002001
1009550
1004812
1009763
1002997
1001731
1000902
1012722
1003075
1010597
1004897
1011667
1003608
1005169
1012264
1009690
1004395
1011670
1009368
1011766
1011228
1002155
1007694
1001901
1004618
1011759
1005010
1010908
1005386
1011574
1011605
1004809
1009136
1011624
1000787
1001406
1011792
1004378
1005433
1004938
1006370
1003348
1011563
1009738
1001956
1007319
1004880
1001902
1001887
1012196
1000761
1006995
1007814
1002183
1001144
1003095
1001906
1006449
1007044
1010776
1008835
1010868
1011147
1000104
1006202
1011141
1007544
1000791
1008922
1004858
1003074
1010463
1012337
1000839
1010538
1000526
1005195
1005878
1000680
1007619
1012595
1003256
1010218
1012116
1001843
1006803
1012517
1000547
1002259
1009162
1007720
1000741
1005212
1009396
1002048
1009409
1003427
1011006
1005505
1011280
1004256
1009228
1002223
1000781
1006285
1002473
1006147
1006313
1004005
1002793
1010285
1011931
1007090
1006676
1010098
1005574
1005499
1000478
1011869
1005140
1002322
1007528
1004437
1002291
1011970
1002778
1002205
1005005
1005972
1002611
1012125
1006804
1008904
1010441
1010084
1004207
1007234
1001691
1001270
1010410
1006391
1002200
1003551
1004613
1007423
1009191
1007572
1005449
1012644
1005730
1003954
1002459
1006680
1005424
1012671
1004190
1007860
1006386
1000421
1001791
1009283
1012034
1009995
1006877
1002359
1004478
1002823
1007104
1005662
1010786
1009510
1009824
1002845
1004464
1004640
1012752
1009571
1007344
1010997
1009770
1005845
1012557
1001646
1007843
1012122
1003436
1002203
1012132
1006726
1002550
1011131
1010485
1003241
1004099
1000330
1006349
1006382
1006769
1007827
1003885
1002038
1005471
1010836
1001729
1009692
1002266
1001683
1004963
1006035
1002764
1002939
1011639
1002573
1002893
1012148
1012228
1007126
1004727
1012521
1012283
1012618
1010813
1003031
1002925
1000868
1002748
1000664
1012999
1003092
1004404
1012721
1008892
1001783
1004234
1003028
1004990
1001472
1010323
1003238
1002664
1012203
1000937
1003461
1006446
1006980
1001317
1001531
1012233
1004502
1003911
1003158
1002993
1005218
1002867
1006186
1005642
1004956
1011576
1011275
1002911
1011952
1006319
1010956
1000206
1005400
1004747
1004865
1001739
1007305
1000414
1012247
1010942
1000933
1002296
1008923
1002303
1003722
1011840
1012249
1009519
1004200
1009894
1003337
1004218
1012808
1004418
1002070
1001897
1003831
1000282
1003071
1005788
1011330
1010708
1001136
1001037
1012734
1001742
1001893
1012165
1003919
1004168
1003324
1004282
1012096
1006206
1007420
1010231
1001009
1011997
1001369
1010696
1010362
1011277
1009789
1005563
1004447
1001070
1005799
1010993
1009013
1002980
1005321
1009660
1002320
1012876
1011219
1012045
1005835
1010907
1001177
1007054
1006917
1003096
1001159
1006078
1006576
1003934
1001589
1000723
1001576
1009052
1005359
1006252
1009762
1006486
1010150
1009613
1005130
1003583
1012781
1005667
1000655
1010335
1002344
1011186
1010141
1011400
1010454
1005304
1012991
1009261
1005099
1006882
1001487
1009110
1012841
1008968
1005056
1004973
1001344
1006916
1003081
1009363
1003386
1009266
1011307
1000871
1007327
1012597
1010209
1008964
1005093
1012046
1005711
1003860
1009008
1002466
1002382
1004080
1000916
1011727
1004224
1001178
1004231
1004778
1010703
1010034
1010259
1010197
1008919
1011902
1002557
1011791
1009507
1011336
1002635
1004161
1008890
1002581
1010770
1003529
1002733
1012497
1009321
1006276
1000491
1010706
1004093
1011705
1007864
1002218
1001982
1012640
1000321
1004163
1000717
1002886
1009812
1007575
1000808
1010568
1001251
1004701
1000502
1003995
1011933
1011864
1007614
1003455
1003042
1011264
1007600
1001354
1007510
1009899
1011221
1006883
1005625
1011011
1007123
1002173
1000738
1006915
1005468
1001693
1001836
1012588
1011839
1001494
1005875
1012182
1001198
1009621
1006809
1002449
1011551
1007810
1005735
1003024
1010178
1003169
1009985
1009132
1004901
1005447
1005525
1003450
1002108
1000225
1005490
1003793
1012149
1007167
1006574
1001417
1004331
1009305
1011073
1003984
1011315
1002905
1006579
1004468
1001519
1009235
1010420
1006192
1001352
1003636
1007112
1001860
1003492
1001474
1002128
1006352
1012894
1000715
1011831
1007741
1006852
1004043
1003978
1009010
1008844
1000844
1009865
1000979
1012856
1009504
1004078
1000543
1001274
1003277
1002810
1001827
1007463
1001010
1010357
1011877
1004782
1003825
1005963
1002503
1002409
1001949
1008912
1011616
1001961
1004471
1009264
1011220
1002502
1004831
1010785
1001194
1010471
1003778
1010013
1007738
1011397
1006088
1002716
1012195
1008893
1012961
1007415
1003760
1000138
1005558
1001348
1001547
1004066
1011481
1000888
1010604
1012516
1010594
1003554
1010680
1005590
1010586
1010354
1006496
1012537
1005982
1004579
1004301
1003693
1003541
1004989
1007086
1001229
1010967
1010646
1010284
1004121
1005673
1003384
1011415
1001661
1010601
1012702
1005045
1005729
1001002
1000865
1004514
1009729
1011095
1010189
1002172
1006053
1003729
1002504
1005184
1005607
1009441
1005539
1011236
1011520
1002851
1009143
1000074
1002330
1006609
1000380
1005541
1003128
1001922
1009055
1001858
1004525
1002089
1004624
1002724
1009257
1007445
1002634
1010985
1009930
1002086
1002507
1005119
1007794
1004601
1003025
1005504
1010998
1010298
1006459
1000101
1004729
1011908
1004893
1007088
1002640
1003143
1002598
1003568
1003874
1006066
1003589
1011635
1006149
1007187
1006184
1006156
1009004
1003488
1010539
1011424
1007759
1007003
1003531
1001216
1012884
1012105
1012288
1002412
1006557
1009947
1003408
1005710
1002844
1006692
1003356
1006749
1005687
1003904
1005068
1007359
1012911
1006272
1012267
1011058
1007414
1000058
1002246
1010216
1006099
1002831
1003462
1011695
1012788
1000744
1008924
1010630
1001738
1012500
1012777
1004844
1009173
1005189
1010526
1009973
1010315
1006973
1010544
1001480
1006076
1009605
1012188
1010125
1007637
1009700
1000584
1007251
1001269
1012373
1007283
1001397
1011728
1011780
1011821
1009639
1007709
1011050
1007628
1004542
1003371
1006093
1004628
1004821
1008978
1005776
1009592
1005954
1006777
1010743
1012158
1011598
1009260
1009356
1010607
1005083
1002338
1002852
1005651
1009673
1005618
1001732
1004764
1009601
1003424
1012321
1002024
1006644
1012979
1007432
1012576
1010227
1000955
1001400
1006301
1009089
1001859
1002217
1003912
1006086
1010697
1011061
1000582
1007459
1012403
1009234
1003066
1011279
1000887
1007591
1010973
1005659
1009101
1009102
1001415
1003080
1001554
1011836
1009329
1005653
1008837
1010778
1006677
1008979
1005840
1006462
1006350
1010505
1006596
1009563
1009869
1012937
1001550
1002688
1007259
1006001
1006697
1012697
1003210
1005009
1008939
1006309
1000638
1000938
1003439
1004853
1000975
1009523
1003173
1011070
1003085
1006717
1012396
1006182
1005200
1003105
1005071
1005566
1011101
1012585
1007714
1005876
1006455
1011638
1012751
1007876
1012201
1012664
1001984
1007588
1007030
1000056
1006944
1006485
1011510
1005971
1007031
1004758
1006491
1005508
1007028
1007322
1011209
1004132
1010635
1009327
1005430
1012410
1000587
1001506
1009672
1003570
1007147
1012510
1000560
1012347
1004673
1007367
1012886
1000124
1000209
1009714
1006789
1011630
1012885
1011679
1004513
1003903
1011231
1012945
1002805
1004528
1003943
1006619
1007679
1006501
1001359
1010427
1000114
1000347
1010970
1007782
1011788
1012600
1006287
1000001
1001045
1000200
1010257
1000528
1010713
1004741
1012327
1011109
1004530
1011799
1001730
1010286
1010915
1001994
1002343
1011577
1007263
1005351
1004986
1011479
1002895
1010787
1000795
1012973
1011720
1011216
1010608
1010447
1012529
1005186
1009516
1002545
1007873
1012584
1012384
1003632
1010760
1001633
1001527
1012559
1010407
1004828
1012760
1009544
1001629
1010844
1002959
1000113
1001133
1003275
1005853
1007377
1012903
1006137
1003303
1009557
1012205
1009809
1007004
1003255
1007282
1000223
1009670
1005460
1011633
1002286
1001895
1006353
1000518
1010736
1011017
1003555
1011944
1007384
1004232
1010103
1007865
1010052
1009835
1009798
1011963
1000903
1007393
1011613
1010350
1012502
1002241
1009597
1012520
1000859
1006655
1012250
1001464
1003490
1011959
1007781
1005993
1000820
1010752
1002718
1003491
1006479
1006054
1003382
1005312
1005808
1011785
1003271
1001290
1011432
1003622
1003014
1004507
1007233
1002202
1009975
1005570
1007228
1012827
1012154
1004341
1009922
1008948
1009493
1012418
1009303
1004670
1005841
1000425
1011461
1004295
1009027
1006092
1011311
1003125
1000396
1009795
1001138
1002570
1005142
1009872
1007434
1001358
1005818
1005389
1012290
1007590
1004792
1012847
1007120
1007082
1003093
1006476
1012512
1002842
1005599
1007870
1006555
1006957
1010459
1003757
1007368
1003321
1004827
1005513
1006049
1010293
1003496
1012775
1000081
1012415
1006785
1004340
1007454
1005136
1001298
1010287
1003520
1010714
1011261
1003269
1011079
1001593
1001630
1012271
1010268
1000411
1005571
1001861
1003246
1000240
1000706
1012192
1005065
1004750
1000648
1004033
1000387
1002362
1001362
1003385
1001331
1002169
1001089
1005111
1011242
1004263
1002672
1008945
1005521
1012419
1004202
1003624
1004334
1011028
1001801
1002679
1010591
1011473
1012134
1012297
1011293
1004296
1010498
1001526
1005082
1010130
1005955
1011463
1006384
1011672
1004289
1009565
1011020
1012764
1007318
1012221
1000835
1000495
1004813
1000109
1003597
1005209
1012417
1000467
1009774
1008882
1002265
1003900
1003951
1010972
1006977
1003899
1001117
1001890
1004972
1012515
1008864
1010347
1006232
1005819
1012672
1002099
1011241
1001938
1006674
1001326
1000382
1007148
1006874
1004376
1007842
1010695
1007514
1000053
1010283
1012698
1000863
1011062
1009609
1001023
1003107
1007232
1003739
1005355
1000736
1000812
1009392
1010062
1012619
1011881
1004942
1009000
1007050
1003727
1011935
1005870
1002016
1011937
1010289
1002562
1004567
1005794
1012106
1012481
1004497
1012151
1004056
1004330
1009984
1001377
1012244
1012168
1000289
1003278
1005180
1012772
1006810
1000834
1005041
1011099
1005280
1005371
1007574
1011134
1010168
1002287
1005317
1001432
1011199
1009614
1003672
1004006
1003761
1001943
1003377
1004196
1002774
1007040
1005320
1004370
1004780
1003993
1005575
1004454
1005978
1005262
1004920
1009420
1006613
1005814
1010918
1009744
1002346
1006051
1006825
1006952
1008885
1006168
1000099
1007091
1007197
1010099
1000155
1012241
1007667
1005950
1004415
1004342
1005655
1007366
1006490
1007350
1005179
1011269
1001414
1004715
1000517
1011813
1001275
1010602
1003164
1000701
1002333
1010917
1006046
1003047
1007700
1002829
1006238
1001698
1010072
1005906
1012939
1009244
1004010
1004689
1010416
1001787
1011832
1004094
1004608
1000340
1001780
1004649
1000190
1000093
1010771
1003896
1007539
1004668
1001327
1012258
1000437
1010656
1004933
1012681
1005025
1011347
1005038
1000071
1003157
1000490
1005873
1003137
1003057
1001937
1012349
1006515
1012103
1004591
1000115
1007465
1007772
1002331
1012245
1004095
1011250
1003127
1009016
1003799
1002141
1007450
1010329
1009472
1012129
1008855
1006418
1011507
1005402
1011376
1005648
1012609
1006553
1000011
1004731
1011318
1007767
1007732
1000409
1002955
1007020
1005014
1000984
1006024
1004544
1007062
1004915
1001881
1006275
1006984
1012624
1001378
1000091
1001095
1005697
1010977
1001509
1007182
1009355
1001641
1003972
1000823
1009192
1001147
1012689
1011529
1010938
1005816
1003100
1000944
1010470
1010346
1012037
1009292
1011975
1000284
1006536
1004719
1004310
1010223
1007818
1012586
1005568
1006318
1011722
1005276
1003552
1009155
1000277
1005101
1011446
1004592
1006132
1000412
1000392
1010351
1003328
1004822
1006366
1002930
1006155
1009908
1010508
1001495
1009814
1006097
1001220
1011986
1002740
1010983
1012877
1010217
1000725
1001639
1003712
1005530
1006548
1009658
1011254
1011859
1011767
1005188
1007078
1003814
1006869
1000377
1006512
1003723
1011751
1011000
1012974
1007333
1007657
1006227
1012377
1010978
1004353
1002364
1003925
1006004
1004939
1006146
1001272
1000825
1005476
1006611
1006659
1012763
1010507
1012093
1011608
1003446
1004453
1009952
1005089
1010766
1002744
1001886
1012257
1007775
1012649
1011287
1000995
1007018
1000527
1005391
1007209
1002982
1009373
1004761
1006770
1009503
1004000
1003768
1006792
1011174
1004257
1001065
1004876
1009859
1011349
1002595
1006913
1006891
1010891
1004441
1005382
1006563
1010487
1001453
1001187
1001953
1003720
1001025
1011763
1012975
1006888
1006172
1005826
1009094
1009924
1010950
1007436
1012747
1011905
1000108
1002083
1005907
1009590
1012331
1000454
1010800
1006230
1009309
1012776
1007372
1012724
1011609
1005992
1009109
1001079
1002212
1001491
1011303
1000419
1008902
1007358
1005718
1010797
1009478
1006532
1007439
1003077
1007389
1000546
1009185
1000595
1009775
1001340
1002642
1000189
1003327
1003055
1010408
1004745
1009421
1010707
1006237
1001875
1009560
1012135
1001105
1011957
1007222
1006016
1007224
1003826
1012036
1010663
1004872
1002228
1003423
1007428
1006336
1005360
1011430
1004172
1002973
1001157
1006098
1012301
1009882
1007311
1005919
1011074
1000870
1000080
1000900
1011515
1010219
1007499
1012008
1002140
1010899
1000376
1004599
1005952
1009806
1001969
1006215
1000475
1009934
1004923
1011407
1012053
1005903
1004412
1003784
1006295
1010328
1001457
1004802
1001834
1005884
1006240
1010829
1006687
1009223
1002334
1010173
1000131
1004564
1004142
1011505
1004807
1006039
1000066
1004258
1005478
1001788
1004253
1007722
1001001
1012015
1000921
1001066
1001166
1010424
1006211
1005305
1002314
1002424
1004100
1001870
1002434
1005519
1010667
1002374
1005497
1001430
1000186
1005942
1009784
1011993
1000660
1004612
1007227
1010622
1000180
1012996
1007624
1002404
1002365
1012631
1012142
1004343
1003569
1009019
1003709
1006259
1002085
1001283
1004371
1002392
1005668
1001454
1005774
1006457
1007780
1004150
1010592
1007654
1004397
1002207
1010795
1002816
1003822
1002636
1011663
1009986
1012448
1011641
1006830
1009991
1003170
1012457
1011593
1003850
1010018
1002230
1005461
1011139
1001656
1004605
1006492
1010066
1009993
1006595
1009788
1012967
1010598
1002379
1005890
1012256
1002326
1002010
1007138
1002723
1005698
1007437
1011156
1009121
1010511
1011954
1005957
1004630
1007753
1008839
1004025
1005488
1011858
1002484
1004212
1012501
1011450
1001342
1004604
1005945
1000924
1012461
1002435
1001425
1012187
1004903
1002143
1012365
1004680
1011339
1009070
1004693
1006327
1001618
1002118
1010916
1000048
1011540
1009961
1010782
1007606
1012556
1011736
1004432
1012908
1009243
1006875
1003148
1006617
1009939
1011552
1005977
1011478
1012765
1005573
1006297
1004704
1003292
1004219
1011173
1005839
1001786
1011989
1011892
1007331
1004921
1006527
1002337
1000967
1000599
1007419
1010153
1006209
1005883
1003319
1005921
1002375
1000391
1007649
1012932
1009049
1002965
1002163
1000796
1001850
1005549
1007013
1002817
1007225
1004387
1006057
1003429
1007854
1009187
1011456
1002566
1006740
1000644
1000146
1012796
1010749
1001402
1010101
1004712
1006307
1012842
1005756
1002765
1007707
1004663
1010120
1003318
1011168
1008982
1010580
1001328
1002808
1012198
1012817
1001796
1012080
1010874
1002432
1011285
1006986
1006087
1002791
1002255
1001721
1002643
1010928
1005606
1006706
1000350
1005253
1006720
1008915
1011753
1012986
1005779
1006268
1007068
1001140
1010373
1007493
1004710
1010327
1010767
1003997
1011288
1001098
1010274
1001119
1009184
1012525
1004275
1011534
1009868
1006191
1000440
1001889
1002420
1006648
1002073
1011899
1009749
1009525
1007484
1006439
1000948
1004855
1000205
1004249
1005578
1006591
1003063
1003767
1002037
1011971
1000158
1011636
1011048
1003317
1012713
1012815
1004863
1000151
1012056
1012726
1001043
1004983
1004532
1006430
1000092
1011046
1009015
1010542
1009663
1001186
1003379
1006409
1003389
1001945
1005958
1001648
1004401
1009933
1001505
1011189
1005540
1003357
1001512
1012449
1003525
1001968
1012089
1004386
1001077
1000572
1012759
1001635
1001206
1009237
1006992
1009769
1001336
1012755
1011440
1004165
1011575
1010686
1003730
1007253
1010578
1009282
1002915
1010889
1009656
1007177
1010944
1003072
1009750
1003857
1011983
1004034
1004028
1005495
1009024
1007613
1004817
1002887
1005538
1002042
1007387
1010230
1005892
1007529
1007692
1007643
1002761
1000417
1001017
1009415
1000179
1005741
1009653
1011851
1002327
1007458
1003457
1011888
1000100
1005916
1005100
1001382
1009378
1001817
1012216
1009724
1007236
1001976
1002854
1011179
1009862
1004577
1012318
1012700
1002706
1011419
1012566
1012360
1011497
1002175
1006351
1003265
1012849
1000213
1012459
1011726
1005966
1006964
1005677
1011229
1007587
1007300
1010929
1000159
1009046
1000173
1004543
1009624
1004508
1009047
1006669
1007859
1006300
1005893
1001075
1002076
1003110
1001929
1003994
1007238
1000167
1011581
1007202
1004717
1004683
1000137
1002735
1004120
1008960
1000292
1000802
1004596
1004585
1001020
1011528
1012570
1003737
1002270
1003744
1002871
1012548
1007639
1012474
1002360
1012295
1005297
1012362
1003056
1012477
1003742
1010814
1010794
1002841
1012452
1010092
1007840
1010661
1000322
1009628
1009610
1005302
1005406
1010069
1006838
1006901
1007503
1010299
1004178
1003674
1002530
1012732
1005290
1004944
1004037
1004874
1002572
1005453
1004814
1005388
1012534
1007779
1009855
1009304
1010191
1001831
1004558
1012378
1010721
1007618
1005830
1012621
1006895
1012522
1000513
1009491
1011490
1012324
1007527
1009566
1012356
1011748
1005757
1002476
1007849
1008906
1009438
1000049
1009164
1004895
1003307
1007829
1000017
1011536
1005734
1010645
1005584
1010730
1009759
1009547
1006410
1011794
1004978
1000958
1012767
1012006
1000152
1003480
1002239
1007006
1000643
1003425
1002501
1008859
1003710
1010358
1005807
1000015
1003800
1011890
1001436
1006060
1003573
1006628
1009225
1003851
1004790
1005522
1007401
1000176
1000575
1011629
1002784
1000786
1002060
1001766
1011175
1005325
1003516
1010472
1005146
1010312
1011660
1012816
1010572
1001011
1011350
1004315
1003986
1000785
1012598
1010662
1005085
1006236
1000847
1002171
1010901
1011104
1010237
1001407
1000853
1005696
1007862
1011946
1003846
1005067
1003628
1009307
1012364
1009512
1002031
1012261
1000889
1000864
1007064
1009791
1005930
1002899
1012164
1005523
1004125
1003380
1000628
1002969
1011531
1009531
1006021
1003393
1002726
1011114
1004031
1002625
1011652
1009171
1007214
1011136
1011329
1011088
1006982
1011207
1002269
1010990
1009342
1010772
1004797
1009569
1011396
1004820
1005278
1006346
1012091
1012317
1003108
1009127
1008966
1006508
1010870
1005572
1000927
1005988
1009137
1010064
1012040
1004623
1003753
1001123
1010823
1007710
1004538
1001607
1000170
1003216
1003841
1012625
1000904
1002151
1006994
1006282
1010948
1011111
1010737
1003195
1011251
1009318
1000693
1012274
1004638
1008984
1002564
1003824
1010609
1004110
1011188
1006625
1012654
1010620
1002534
1011238
1007119
1010005
1004739
1005367
1001305
1010188
1003735
1005021
1004140
1002490
1009644
1000891
1011567
1003842
1004452
1004587
1002215
1002525
1001104
1010981
1005500
1009306
1005324
1002992
1010641
1001484
1002908
1006417
1003948
1005343
1011988
1002704
1003743
1000650
1002289
1007743
1009589
1002471
1007593
1010344
1007245
1005135
1007515
1011008
1005896
1011344
1002120
1005824
1004848
1003726
1007725
1007752
1007382
1005685
1000280
1004151
1010460
1002254
1010763
1009376
1001208
1003681
1001301
1003227
1011468
1011855
1005773
1008863
1004040
1011867
1004759
1009404
1006805
1007548
1004936
1002986
1005096
1004388
1005264
1003209
1012325
1002600
1002302
1000821
1007394
1003508
1000267
1002758
1005879
1010415
1008881
1002390
1011929
1002115
1011978
1003566
1012044
1000194
1012278
1010946
1004160
1000332
1010258
1006834
1000016
1010747
1006067
1002417
1011789
1003937
1007626
1000792
1006279
1005991
1004149
1000195
1002684
1006953
1012833
1000662
1006265
1004598
1002041
1010043
1010370
1011337
1003996
1001565
1009200
1009823
1009167
1002014
1001905
1005227
1003876
1004512
1010340
1007874
1010389
1004765
1007412
1011572
1003431
1009189
1006797
1012023
1002095
1005064
1000762
1004092
1003512
1007411
1005905
1003918
1012173
1002809
1001084
1001939
1002546
1002655
1003661
1011128
1005569
1007783
1010251
1002091
1010275
1001884
1010804
1007500
1005821
1010211
1005281
1011698
1006589
1004851
1003475
1000196
1005094
1007625
1000875
1000154
1006729
1002637
1005274
1002579
1001773
1001253
1001627
1002127
1006999
1012523
1009447
1002622
1012211
1002468
1006671
1001764
1001760
1002051
1011634
1003565
1006412
1009844
1001992
1001451
1008920
1005448
1005214
1002949
1003426
1001662
1007784
1012277
1006719
1012830
1010360
1002674
1005254
1003002
1001324
1009585
1011725
1005249
1002641
1002719
1001471
1000682
1007817
1003414
1003803
1010484
1010229
1010621
1012746
1001701
1011177
1000880
1007269
1001049
1006345
1005956
1002927
1004268
1003225
1012315
1008869
1007409
1004533
1004768
1002940
1011462
1007373
1004104
1010884
1011525
1004239
1011015
1006781
1010518
1000544
1012798
1005485
1004722
1010867
1000088
1000519
1000359
1001942
1010499
1004118
1004563
1009648
1002198
1003434
1001124
1001180
1003593
1005714
1007347
1000320
1010074
1000139
1001015
1001647
1010888
1001458
1003452
1010203
1005354
1011589
1002376
1009732
1000287
1003296
1000596
1005664
1012440
1011645
1000400
1010523
1011891
1004127
1005944
1006583
1012065
1012693
1010044
1003823
1009205
1005660
1006867
1000183
1010170
1012539
1005935
1010669
1004823
1003817
1005112
1000148
1002582
1010687
1007205
1004105
1010183
1009083
1012292
1004362
1010088
1012140
1009675
1003549
1006518
1006119
1010008
1009797
1006811
1009142
1009825
1005294
1003242
1001416
1010642
1004860
1012577
1006632
1010465
1005546
1011761
1011798
1012941
1005487
1005740
1009067
1011184
1003938
1001244
1009761
1009702
1000647
1001973
1007314
1012302
1011632
1007715
1004417
1011112
1004049
1012443
1011014
1006866
1002480
1012298
1012862
1012003
1011030
1005001
1004522
1004214
1006768
1007381
1008993
1010791
1007024
1011416
1004138
1012795
1003104
1003308
1006019
1006333
1005524
1001996
1010903
1007015
1007087
1007406
1000729
1002192
1000827
1012030
1012275
1010466
1007621
1000684
1011619
1010564
1002341
1006414
1012402
1010830
1005634
1001135
1004186
1004402
1012963
1010581
1009322
1007297
1007457
1005156
1007240
1011527
1005036
1006293
1001405
1005124
1006326
1012010
1009559
1006585
1004833
1001325
1000133
1004929
1002806
1009043
1006703
1000531
1004288
1005964
1003236
1003652
1012414
1001479
1009263
1000612
1003721
1005210
1003469
1006731
1011282
1002278
1012393
1012451
1007413
1002159
1000645
1001645
1001585
1005007
1011271
1001390
1003155
1007566
1012699
1002414
1002069
1005326
1009041
1008954
1002013
1012647
1005804
1001847
1006355
1001383
1009711
1006347
1004708
1005726
1006135
1002820
1005820
1003204
1012175
1012870
1002245
1006262
1002870
1009289
1000301
1005039
1005061
1010116
1006438
1003575
1003953
1009276
1000506
1000976
1009792
1012628
1006260
1002283
1005938
1007145
1001056
1009397
1001366
1007010
1004553
1004907
1002522
1002347
1002078
1002953
1012208
1004631
1012899
1004724
1001265
1006755
1001080
1000516
1006190
1005838
1012043
1003930
1000045
1002282
1002827
1004702
1004804
1012929
1002340
1003304
1006395
1011721
1010482
1010734
1003648
1001769
1009710
1001653
1005960
1001146
1009721
1006302
1009965
1004794
1011348
1001913
1005970
1002022
1005015
1010689
1011967
1011314
1010060
1006798
1009461
1001985
1003891
1005793
1000893
1007196
1006657
1006399
1000566
1003962
1010991
1001924
1005232
1012960
1007540
1010777
1000174
1011542
1005198
1005070
1006932
1002478
1006464
1011714
1001167
1012450
1006389
1007845
1010693
1003353
1000714
1002629
1001819
1002707
1009181
1003336
1011438
1011327
1001932
1007627
1012761
1004967
1010134
1001361
1001156
1005313
1000212
1006393
1001517
1000416
1004352
1000354
1012800
1000932
1004159
1009297
1007438
1011964
1007689
1002142
1003506
1002524
1000826
1006605
1011893
1004467
1001501
1002451
1005295
1000532
1001490
1000116
1008888
1002922
1010473
1007605
1009053
1002591
1003991
1003797
1000255
1002932
1010931
1004270
1004767
1005017
1010790
1004632
1006475
1002329
1007584
1007682
1010627
1007790
1002628
1001281
1012985
1000867
1012538
1011602
1006633
1010691
1009145
1010297
1001751
1000384
1003351
1001598
1000923
1003124
1002032
1002954
1004955
1004126
1003957
1007581
1009880
1012643
1012806
1000121
1012955
1009904
1012988
1009075
1012692
1006487
1007822
1001398
1012490
1012048
1004723
1009274
1004424
1011474
1005486
1012630
1008935
1005022
1004774
1002105
1001057
1001263
1000793
1008942
1001303
1001583
1006376
1000749
1000166
1011012
1002182
1001671
1000616
1005080
1010108
1001200
1005981
1009558
1012779
1004273
1011401
1009134
1004222
1000608
1006179
1007734
1012194
1007633
1004738
1006741
1008823
1006912
1010030
1007848
1000299
1011032
1005995
1004927
1005105
1006253
1003859
1012589
1009849
1000805
1007728
1011837
1002951
1001682
1002353
1007189
1012922
1002316
1010631
1010780
1002021
1002604
1002358
1001841
1007799
1004785
1006214
1011276
1011198
1005228
1004457
1001745
1000901
1002676
1006113
1009204
1001073
1007405
1012150
1000436
1002547
1003335
1004964
1002458
1001752
1005778
1000843
1004114
1002994
1000095
1008887
1010221
1003253
1009830
1001040
1004650
1002148
1009159
1001672
1004086
1006531
1001797
1010236
1001486
1001476
1006187
1006658
1012336
1003213
1006008
1001059
1009802
1011628
1006296
1005789
1010979
1008977
1003517
1010744
1002494
1001702
1009428
1004284
1006758
1005855
1009800
1006367
1004480
1003510
1002918
1009856
1005588
1005054
1000153
1005011
1009389
1009748
1003430
1009042
1009787
1000636
1003810
1009913
1011117
1000653
1002146
1002567
1000909
1006109
1007522
1002972
1010255
1006545
1002681
1006360
1009898
1009910
1006610
1012920
1012524
1012169
1005739
1001616
1012068
1005286
1001763
1011431
1002342
1012514
1009652
1010577
1005949
1003680
1009499
1012978
1001329
1006331
1012185
1005885
1010451
1003184
1006480
1000675
1001387
1001120
1003833
1012956
1003171
1009695
1010559
1000253
1001824
1001278
1009362
1012305
1005922
1004113
1007403
1004419
1006965
1000591
1012897
1010146
1009916
1009520
1009422
1005543
1003949
1001373
1012708
1006493
1011844
1012090
1007526
1008851
1001772
1012995
1010644
1012703
1004314
1010975
1007264
1000130
1006125
1011082
1001649
1009997
1005425
1000626
1012680
1001606
1011848
1004176
1010365
1006424
1009611
1011554
1001735
1000456
1006218
1001564
1011560
1001000
1003400
1010619
1007255
1009739
1005649
1000946
1007216
1007706
1003883
1005315
1011483
1011222
1003941
1007429
1009371
1012057
1007061
1009224
1011367
1011378
1006842
1007577
1012460
1007045
1012467
1012042
1004511
1003309
1012130
1001767
1007748
1003942
1012366
1004351
1010195
1005561
1003806
1009864
1004720
1001086
1007733
1010546
1000529
1004593
1000910
1003921
1011934
1000621
1006040
1006880
1010540
1002657
1007675
1006772
1006734
1008959
1001463
1002665
1011843
1010861
1011234
1011328
1001148
1012610
1006463
1005129
1012254
1009035
1006294
1006117
1000482
1006499
1010393
1005439
1006745
1000848
1006683
1009686
1003097
1007589
1000522
1011760
1001385
1001699
1004492
1012141
1012792
1007872
1005527
1012456
1002920
1009967
1004535
1009659
1005369
1001388
1006246
1002538
1011685
1011654
1004016
1005066
1011301
1010326
1005866
1011423
1005738
1009983
1010318
1005555
1010724
1002944
1004756
1002461
1000884
1000086
1009148
1012332
1000214
1011973
1012375
1011729
1001552
1009635
1006200
1010940
1005352
1006742
1006530
1005078
1003692
1002607
1001173
1002705
1007249
1003131
1012552
1003486
1009374
1002850
1004391
1001820
1005243
1005114
1003502
1005133
1005891
1004922
1007443
1005012
1007071
1010920
1011380
1001818
1005201
1006937
1010953
1012758
1005616
1003776
1012319
1012918
1010145
1004733
1010399
1004716
1010250
1004634
1002310
1009850
1010502
1012855
1001782
1010045
1011306
1002428
1001090
1007763
1002186
1001692
1006379
1009268
1002671
1004036
1002822
1002312
1012493
1007821
1002421
1007831
1005422
1005586
1008961
1012210
1001549
1012476
1011618
1006006
1006642
1012425
1009337
1003650
1005532
1010835
1009440
1004575
1010468
1000600
1012157
1003976
1012190
1009815
1004359
1010300
1012912
1007089
1010715
1008838
1006299
1011321
1003422
1012668
1011038
1012606
1005148
1003244
1009654
1003829
1006020
1007717
1002258
1001027
1011465
1001749
1001347
1007519
1001972
1012397
1002354
1005576
1001615
1002511
1010550
1002685
1004803
1010356
1004540
1006324
1011155
1005157
1007756
1000191
1006540
1012310
1007476
1004173
1009877
1009846
1012820
1000957
1012186
1006823
1005889
1001245
1007749
1001677
1006497
1007150
1012571
1011879
1008989
1004372
1003040
1002025
1011693
1000850
1005520
1003872
1006504
1004021
1004762
1002721
1006643
1011878
1005268
1000150
1000797
1003032
1007085
1011369
1006330
1009039
1001411
1011744
1001228
1004987
1002488
1006304
1006974
1001299
1003083
1004466
1002378
1009370
1003247
1006401
1011938
1009526
1001650
1003755
1009107
1006539
1000248
1005088
1010822
1009088
1001511
1003306
1012351
1004089
1001898
1000052
1010154
1004123
1003217
1009196
1011323
1000293
1012934
1010147
1010143
1009118
1003798
1006372
1011295
1011982
1003330
1006104
1004840
1000646
1011604
1000261
1007441
1010738
1012638
1005084
1006197
1002306
1007672
1012944
1002680
1003777
1003923
1000670
1006048
1012422
1004707
1006216
1000842
1001643
1009203
1004307
1001364
1003370
1012976
1010364
1002433
1003507
1006042
1000778
1003511
1002100
1002423
1011926
1005340
1000489
1002606
1003050
1002126
1009446
1007157
1009505
1006682
1005347
1004462
1010395
1010611
1001652
1010895
1000555
1004299
1002880
1002638
1003958
1002066
1009921
1004597
1005747
1009506
1003113
1009632
1003584
1002391
1005509
1004576
1009688
1002456
1010199
1002249
1006551
1003998
1012084
1000363
1009310
1005817
1010249
1010046
1011500
1004752
1004229
1012453
1009494
1004339
1004065
1009736
1002050
1000567
1010067
1009781
1000690
1011486
1004753
1012291
1001483
1002807
1000465
1009382
1007678
1008937
1010746
1008972
1002709
1009555
1010311
1010774
1004243
1003595
1006110
1004766
1010710
1002429
1009247
1001183
1000986
1011239
1007221
1002274
1006181
1005231
1006709
1002781
1012035
1005620
1007858
1011920
1011003
1000578
1012623
1003946
1009275
1005803
1007579
1006829
1006007
1011159
1009576
1007041
1009147
1006989
1007230
1012388
1006403
1009887
1009316
1007083
1009364
1002195
1005917
1000683
1004529
1000503
1003136
1011777
1004183
1012923
1004980
1007762
1003315
1001248
1003483
1000241
1009496
1007029
1001795
1003114
1000110
1009676
1001155
1011404
1004394
1010388
1011674
1006428
1002090
1001514
1008827
1002204
1010426
1002794
1002308
1012054
1012304
1006593
1006419
1000737
1007568
1003470
1000355
1011511
1000341
1012144
1002033
1006152
1011914
1006359
1012289
1001740
1012000
1000978
1003099
1001107
1002452
1004906
1005161
1006322
1012768
1012354
1005204
1011300
1001980
1010477
1007315
1012137
1006693
1001868
1003489
1011909
1002770
1005909
1011334
1003015
1005961
1010238
1011942
1003979
1004796
1009687
1000836
1000918
1009524
1006444
1004469
1000063
1006308
1000639
1005030
1012109
1000498
1006748
1006411
1009925
1006406
1005255
1001779
1002732
1012536
1007139
1010338
1006705
1009840
1002401
1001930
1002307
1006441
1000716
1003467
1006128
1004072
1011411
1002368
1007513
1012121
1001978
1002775
1004694
1005874
1009951
1001085
1004641
1011533
1004088
1001481
1004017
1001894
1006902
1002648
1003875
1009699
1000059
1006193
1002614
1002125
1011747
1003051
1009561
1001778
1001246
1000949
1000336
1003562
1009343
1004048
1010969
1009827
1001726
1007424
1011476
1007435
1006899
1009948
1007194
1010363
1000514
1012546
1000920
1003027
1002052
1002485
1004216
1009201
1006033
1011343
1004111
1007430
1004399
1010676
1000501
1001412
1009450
1010885
1007839
1009940
1004718
1010418
1012729
1002788
1000445
1010520
1001142
1005451
1005681
1006413
1001126
1000768
1003249
1002589
1009265
1009331
1001524
1001977
1003600
1009156
1006634
1010222
1001478
1004548
1003417
1010649
1010638
1001828
1000987
1000106
1012431
1007766
1002646
1005491
1003926
1000552
1001941
1000201
1012635
1000013
1003223
1003030
1009281
1009381
1005798
1011565
1001845
1001003
1012990
1009989
1007075
1005353
1011363
1004221
1010847
1010768
1004101
1005273
1006162
1001309
1004569
1004318
1010137
1008841
1009430
1009022
1003916
1010467
1001392
1009909
1002535
1006207
1009619
1010475
1011735
1005229
1012367
1009858
1002098
1009946
1003443
1004175
1001578
1000250
1004660
1006108
1011691
1008875
1000548
1002384
1011492
1005090
1005356
1010610
1007257
1001812
1006415
1009646
1011961
1010784
1007092
1012578
1005987
1000617
1000181
1002272
1004442
1012587
1002691
1005421
1001909
1001885
1003354
1003053
1007125
1002714
1000283
1012368
1004081
1010783
1012180
1010391
1010951
1000930
1003199
1006955
1001035
1001686
1003550
1006855
1007284
1007560
1000065
1012268
1002759
1002866
1005636
1005117
1011100
1002081
1011530
1006513
1007330
1006009
1012994
1003191
1003792
1003471
1012954
1004743
1000132
1004015
1002264
1012984
1000819
1002897
1005646
1007049
1005301
1003272
1005815
1001346
1012478
1000038
1010963
1006460
1000364
1009543
1001260
1010497
1004445
1000851
1011980
1011586
1002544
1012646
1010818
1003175
1000972
1009180
1007713
1010883
1000325
1001935
1003214
1004645
1010974
1009403
1004134
1007475
1002708
1002645
1006544
1010576
1003476
1012483
1004225
1003640
1009341
1012115
1003091
1002400
1012113
1005288
1007712
1004589
1001111
1011056
1005446
1006561
1001862
1000962
1009457
1002197
1002703
1005852
1005002
1012197
1006123
1002605
1007185
1005062
1002919
1001946
1011458
1005787
1004734
1012273
1009926
1010256
1004675
1005444
1009112
1002465
1010050
1011086
1012959
1000537
1007142
1012778
1006521
1005373
1012810
1003070
1003856
1007169
1001132
1009497
1006452
1007623
1005296
1005287
1011550
1010682
1011592
1009720
1007777
1001162
1004819
1000719
1011485
1001287
1007256
1006445
1005510
1001717
1004320
1010430
1004448
1002092
1006570
1000928
1007809
1004521
1002571
1009568
1000422
1000941
1000557
1011653
1012269
1002529
1012361
1005309
1004696
1005550
1004145
1003240
1011190
1001334
1000215
1011587
1003257
1009969
1005792
1010403
1002926
1010155
1010404
1007065
1002667
1009515
1004775
1005358
1010106
1007750
1011377
1011985
1013000
1000423
1010756
1008914
1003738
1007642
1002496
1009463
1000398
1003590
1001835
1000122
1012012
1000311
1004194
1002779
1003208
1011180
1010097
1006421
1003064
1005258
1004890
1005562
1007610
1008928
1000869
1009684
1004053
1012293
1005785
1002869
1010690
1008980
1011042
1004523
1010513
1000500
1012212
1004818
1011873
1002136
1001277
1007135
1011595
1011346
1008849
1009123
1009291
1005931
1009701
1001422
1010301
1009407
1003495
1010253
1011233
1009727
1004578
1002110
1008986
1001727
1010254
1007745
1010838
1010864
1007291
1011223
1005013
1000515
1005215
1002233
1000561
1000696
1000779
1007469
1006422
1009740
1002231
1003388
1009719
1003279
1010481
1004583
1003355
1011746
1009685
1001205
1012013
1007008
1000767
1011556
1010396
1005647
1009062
1003211
1003287
1005113
1009534
1010104
1011448
1005182
1003968
1011230
1010374
1009696
1000724
1006813
1003383
1011673
1002290
1003350
1008929
1002843
1009395
1006943
1005661
1006822
1009866
1003026
1009468
1000123
1004187
1012902
1001638
1002543
1010085
1005334
1004481
1012948
1012376
1001192
1012966
1001247
1005128
1002030
1003273
1005691
1001566
1002956
1000051
1003286
1007211
1009828
1000586
1010425
1002160
1007260
1001312
1000996
1009349
1000699
1005663
1001522
1010657
1012629
1006003
1012622
1009066
1006233
1011449
1004153
1001063
1012160
1000476
1012087
1001062
1011626
1000234
1001168
1000050
1008976
1005512
1011936
1001792
1001856
1007184
1012350
1004690
1000089
1005477
1006660
1001038
1000685
1012404
1010640
1011036
1000855
1006373
1009718
1011724
1000272
1009424
1003232
1011274
1000558
1004697
1000499
1011764
1008918
1011894
1004930
1012486
1001561
1005678
1000415
1004210
1006776
1000242
1007795
1008845
1005285
1001613
1004516
1006126
1003464
1011666
1005269
1006368
1009535
1007718
1004245
1012413
1006794
1000385
1012223
1002881
1002989
1007535
1006985
1009839
1009051
1004083
1004226
1005923
1003159
1001533
1010288
1005720
1011703
1003673
1010000
1004213
1009807
1005095
1009098
1000232
1000055
1011915
1004237
1007026
1002738
1002644
1006858
1002109
1003067
1010110
1005344
1006219
1012657
1002536
1007328
1005759
1011218
1005144
1012272
1011969
1007655
1001396
1003203
1007523
1012852
1010056
1010456
1005752
1000219
1012616
1010606
1006140
1007402
1010334
1012736
1007464
1002304
1012270
1001500
1012892
1003098
1012981
1002950
1010560
1012007
1011160
1009838
1003808
1000279
1003062
1003892
1004198
1009423
1011405
1000630
1011408
1009170
1002539
1005434
1007721
1010012
1011122
1012532
1006780
1009377
1011689
1005802
1011996
1000897
1000496
1004489
1008848
1003463
1005006
1012744
1005985
1011731
1006550
1004899
1000837
1004788
1012890
1010079
1012551
1009009
1012933
1008809
1000328
1001498
1004953
1002592
1001424
1009928
1002860
1006904
1003313
1009716
1011770
1005689
1005679
1007427
1001617
1009713
1009476
1004463
1004841
1001521
1000094
1009025
1006970
1005656
1005628
1003959
1007262
1000765
1002328
1005418
1002907
1001936
1010798
1003897
1012583
1011846
1000960
1012126
1007250
1002912
1005790
1003728
1001654
1006670
1012794
1001830
1000281
1001548
1002833
1002185
1002166
1009021
1000446
1012835
1006871
1007569
1009034
1003021
1002815
1007695
1001520
1009475
1005251
1007601
1008933
1000667
1009242
1002145
1004836
1007770
1006325
1001723
1001048
1001777
1007036
1002467
1003185
1006131
1002687
1006969
1005027
1012225
1007124
1002104
1000418
1012386
1002669
1011719
1005034
1012739
1002157
1004356
1010010
1001733
1001878
1004984
1006466
1000583
1002621
1007198
1006993
1003840
1004182
1011192
1000302
1003981
1001211
1007518
1002121
1001964
1012391
1000097
1005270
1002034
1002677
1005503
1012608
1010848
1004881
1009805
1010802
1010668
1012107
1001343
1001294
1012380
1010858
1009511
1008870
1006862
1011585
1001809
1004261
1006371
1005743
1001810
1001679
1004549
1002864
1002584
1011464
1001719
1003540
1009726
1000807
1005247
1010754
1002455
1004751
1012342
1012655
1000633
1012905
1007758
1006556
1009765
1008985
1003830
1011417
1002450
1009163
1001231
1002457
1010474
1001318
1006787
1005370
1010431
1012889
1002858
1001434
1001034
1010366
1010643
1007017
1007480
1010353
1005604
1007708
1002910
1012925
1012930
1005959
1009623
1006278
1010171
1011053
1002797
1011494
1011041
1003316
1004658
1004408
1009366
1012541
1006983
1003220
1005219
1006510
1004832
1010729
1001335
1003881
1010445
1002520
1000652
1010496
1001920
1003231
1011600
1012098
1002077
1002087
1007496
1002251
1004281
1005914
1006283
1000894
1001094
1010600
1004946
1012636
1006427
1003280
1011358
1001907
1006629
1003947
1002059
1009462
1011773
1011979
1004191
1003603
1001078
1011566
1009069
1002749
1008886
1004781
1012913
1009103
1007776
1003582
1009492
1006827
1001710
1012226
1009627
1005395
1009966
1007550
1002696
1004735
1010775
1007453
1002439
1010943
1004968
1007397
1001853
1009141
1007586
1008934
1003368
1006267
1004948
1012928
1009617
1009081
1000727
1007336
1010827
1009689
1003653
1010086
1002268
1010077
1012695
1010026
1005737
1007494
1000883
1002767
1002586
1012711
1012218
1010906
1009326
1005057
1003686
1006946
1010271
1000410
1009359
1001821
1000444
1001747
1001911
1002675
1003559
1003163
1011332
1010987
1001134
1002477
1009315
1002257
1003815
1009037
1012179
1002825
1000394
1012824
1001560
1001419
1000504
1003625
1008953
1010135
1007180
1005683
1010569
1010971
1000782
1006151
1006796
1010634
1009831
1010205
1001110
1001963
1003553
1009233
1001537
1003880
1001258
1000852
1005567
1010914
1004900
1004364
1004787
1000192
1002008
1002587
1001556
1011063
1002276
1010825
1009629
1004009
1004475
1000369
1009007
1006872
1007360
1011370
1002225
1010305
1011809
1011743
1001445
1006075
1003705
1012547
1001933
1006332
1006947
1003654
1004058
1005407
1006224
1011240
1009582
1000570
1005559
1003472
1004595
1001695
1001983
1011684
1007021
1011362
1005669
1005767
1009760
1004333
1010512
1001604
1010531
1009911
1000611
1011132
1006592
1012581
1003473
1012867
1002549
1009466
1007341
1012248
1003020
1005000
1001903
1011009
1000463
1005583
1012825
1007161
1012660
1006249
1011841
1001562
1005894
1009608
1005595
1006607
1001580
1002654
1008909
1010698
1004169
1012615
1000324
1011953
1009308
1003314
1001874
1012387
1001674
1011069
1003479
1011484
1007128
1000257
1006028
1007033
1005207
1004852
1000390
1002084
1006171
1005197
1007789
1012661
1010510
1007798
1000211
1007620
1006025
1006329
1000618
1006356
1011603
1007243
1001582
1001750
1010685
1011569
1006700
1012230
1002737
1011876
1012738
1011113
1006474
1001776
1007399
1004354
1010849
1009158
1009072
1006926
1004974
1005452
1004283
1002588
1007109
1011245
1005145
1010068
1006263
1003868
1006388
1006363
1010949
1004510
1004506
1007074
1004029
1010890
1000776
1000798
1005688
1011265
1001374
1011702
1004380
1006737
1006903
1011637
1006756
1011235
1006580
1005775
1004365
1004524
1008907
1001815
1001365
1010164
1010488
1009912
1007542
1000222
1003788
1011547
1006010
1012392
1000087
1009841
1009365
1009938
1007509
1010817
1000811
1004568
1008805
1006143
1003960
1005187
1006569
1009129
1001053
1004888
1003537
1006963
1012983
1000278
1007771
1002548
1001602
1011790
1010091
1010489
1001428
1011426
1002355
1007379
1003376
1002135
1005727
1012919
1009400
1004574
1012326
1010179
1012951
1000748
1012674
1003509
1000604
1001440
1012667
1003770
1001496
1003111
1001579
1005622
1006760
1007645
1001232
1010186
1005627
1007212
1011372
1012009
1003580
1011195
1009160
1007265
1006856
1003646
1000939
1011875
1001988
1005565
1009978
1009886
1010341
1008908
1011697
1007804
1007507
1001563
1006573
1012596
1004205
1005751
1007343
1002445
1006752
1005920
1001230
1012864
1001534
1008995
1000256
1012405
1009218
1010279
1005436
1003598
1002745
1010653
1004725
1002389
1001370
1010932
1001762
1002005
1011625
1002053
1001082
1007094
1012762
1002058
1003905
1012251
1002068
1007195
1010294
1006843
1009179
1005881
1009269
1009747
1006208
1002063
1004887
1011094
1001475
1010887
1010138
1005755
1011319
1005410
1004054
1012472
1004537
1006824
1001518
1009236
1006975
1002398
1012020
1006750
1003333
1000318
1009084
1004325
1001658
1010964
1010320
1012592
1010926
1002444
1003451
1002408
1011606
1001292
1004917
1011201
1011215
1003877
1012701
1004600
1005394
1006166
1003682
1004141
1006303
1007081
1004811
1012676
1003205
1000402
1000619
1002946
1000262
1007452
1007551
1006667
1012653
1001026
1006616
1003927
1002093
1000564
1010182
1006159
1007761
1001934
1003679
1007241
1007696
1008814
1012645
1003564
1003642
1004534
1003039
1009897
1003258
1005341
1004509
1006534
1011615
1010252
1002472
1003082
1011857
1004215
1000413
1006898
1003988
1008950
1001249
1009816
1009216
1002996
1001590
1011686
1009401
1006420
1006906
1011459
1002321
1000064
1000926
1011885
1006833
1000998
1011182
1008926
1007337
1012001
1003513
1004358
1001071
1001207
1003794
1001196
1011345
1001502
1009564
1008981
1005502
1007433
1011138
1003898
1009220
1007408
1006286
1011800
1005019
1005537
1000303
1005120
1011910
1012338
1001381
1001960
1006663
1003394
1006909
1011157
1011862
1009096
1012569
1011037
1006101
1002495
1009919
1006962
1010925
1005682
1006618
1006732
1000613
1006239
1005178
1000534
1005529
1007647
1003936
1007812
1012508
1000997
1010705
1001311
1009768
1010302
1007511
1004227
1005377
1010330
1004411
1011782
1003838
1007340
1006138
1011781
1000732
1002413
1000627
1006235
1001595
1000772
1003663
1011167
1001319
1000665
1005654
1000803
1012498
1004615
1006284
1007170
1000577
1007016
1012642
1000507
1007191
1009779
1005706
1010820
1000144
1000739
1010422
1005349
1000815
1004449
1009014
1009883
1000471
1007604
1000161
1005342
1000451
1003785
1001151
1001237
1000484
1007295
1012071
1006656
1004382
1001802
1006228
1002923
1001060
1011692
1007275
1002229
1006854
1012333
1012848
1005979
1000483
1003561
1006707
1006864
1002812
1005901
1006385
1003305
1009857
1009767
1003004
1012239
1010534
1001545
1010151
1012406
1012398
1006134
1007324
1004665
1000947
1011501
1009253
1009336
1001284
1007207
1001914
1009358
1011477
1003395
1010386
1004611
1000874
1012215
1004846
1001543
1003780
1003787
1001437
1002916
1002015
1003514
1010038
1002196
1003717
1007371
1006509
1005492
1009679
1012741
1009527
1009780
1004786
1011573
1005125
1011120
1003956
1002563
1001076
1009645
1011258
1011519
1005986
1003515
1003696
1001542
1004170
1005657
1004368
1009003
1011299
1008874
1004144
1012075
1012805
1009772
1009032
1005137
1012320
1005887
1006728
1011998
1007118
1000204
1002727
1011678
1010958
1010886
1001571
1001118
1012426
1010261
1007602
1004835
1010009
1001758
1000728
1004713
1005155
1010303
1006522
1010158
1006038
1006529
1009935
1011333
1011972
1000083
1001690
1009956
1009408
1012491
1008840
1006941
1012838
1011176
1011335
1010650
1012821
1002493
1004793
1009255
1010683
1002232
1003812
1000426
1000308
1005863
1009332
1002678
1010617
1006960
1011366
1003530
1008947
1001570
1000676
1003094
1004001
1010003
1012861
1004297
1009214
1006723
1005059
1002191
1012222
1006481
1003914
1011202
1000832
1005238
1012079
1004866
1007531
1007703
1004588
1001088
1001899
1005974
1006082
1000141
1006923
1009384
1000775
1006710
1002065
1002519
1012921
1010863
1003614
1005165
1000304
1003140
1012550
1012582
1007055
1009182
1010123
1005672
1006558
1010014
1005712
1012428
1004561
1006730
1012242
1004687
1005236
1006342
1006581
1001838
1003433
1003118
1007640
1005322
1009570
1004063
1000999
1000351
1004937
1005221
1001083
1003237
1002380
1011108
1007321
1009631
1000849
1007105
1005385
1001302
1005193
1000337
1003989
1011487
1007487
1007032
1011368
1001714
1003879
1012756
1009756
1004474
1011106
1006695
1005899
1007444
1002656
1005936
1001441
1012471
1008856
1000708
1002766
1006835
1011052
1003866
1006266
1010048
1012016
1012828
1004004
1007641
1007101
1009782
1005707
1007204
1012641
1004271
1005098
1001594
1009295
1003715
1007378
1012108
1006387
1009413
1004460
1005536
1002082
1012997
1002730
1012717
1003633
1012949
1005626
1001204
1003498
1004355
1003161
1004438
1006817
1001042
1000473
1006733
1002147
1001465
1003725
1002027
1003873
1000726
1007417
1010755
1001349
1012063
1002440
1002862
1001952
1006416
1004434
1006484
1002898
1001955
1011796
1007153
1006533
1002515
1005676
1012335
1002240
1001755
1006129
1001816
1002673
1009953
1009073
1009449
1007246
1003747
1002299
1006820
1005518
1009871
1012294
1005310
1010678
1002861
1006107
1005072
1011083
1005630
1002043
1003035
1010029
1003196
1009584
1009146
1000067
1009804
1007485
1005615
1006722
1008943
1001846
1003378
1003667
1007716
1004347
1011457
1005164
1002284
1007421
1001569
1006816
1010558
1007547
1004107
1010039
1010400
1012560
1005812
1010095
1007200
1001097
1005138
1003944
1006058
1004609
1006650
1002594
1007482
1011414
1006041
1000672
1012026
1004776
1007524
1012673
1007294
1000866
1010493
1004266
1011546
1005762
1007744
1011522
1001669
1006158
1000733
1000452
1007785
1010745
1008857
1010672
1002318
1012025
1010280
1006116
1010992
1005703
1004022
1003322
1000722
1003779
1011403
1003087
1004659
1002395
1008899
1003177
1007835
1006062
1006681
1010670
1003619
1009905
1008804
1010133
1000003
1006523
1005844
1011292
1000466
1002285
1007585
1004924
1003036
1002974
1005645
1009100
1008951
1000804
1012715
1000244
1000712
1003908
1000703
1005141
1007038
1010119
1001256
1000435
1002906
1009360
1009962
1009298
1005380
1011570
1006488
1001333
1003197
1005420
1002991
1007673
1004496
1000177
1011549
1004671
1002561
1005300
1001794
1001974
1009351
1011804
1004949
1005851
1005427
1002180
1003546
1005811
1005560
1012565
1000243
1009514
1010759
1010176
1010720
1008836
1004617
1006031
1006185
1002028
1009238
1012737
1000914
1003707
1006910
1012473
1012047
1007751
1007802
1008807
1009968
1005772
1012526
1010881
1003888
1009394
1001614
1011907
1009245
1005918
1003023
1001987
1001242
1009530
1010561
1011580
1006269
1007076
1009435
1011594
1003754
1004801
1000035
1002697
1007693
1000313
1012888
1002693
1003750
1010163
1009801
1000993
1012246
1012688
1003532
1002454
1001068
1010811
1001408
1005862
1002753
1004560
1011930
1009842
1011429
1007488
1000216
1007099
1002966
1001379
1006578
1002957
1006223
1000777
1007320
1007543
1002402
1001152
1010896
1004302
1001175
1003230
1000006
1000438
1000285
1003221
1011320
1010528
1006571
1001028
1006884
1010840
1003134
1009847
1004541
1000601
1002968
1011412
1003662
1000403
1003965
1010065
1001461
1004547
1007583
1009893
1006547
1009239
1009379
1004985
1006494
1011913
1010361
1006694
1003193
1008829
1001306
1004882
1002152
1000207
1007608
1007226
1011365
1008812
1001052
1004559
1009754
1006036
1007666
1010206
1001799
1001754
1011558
1012658
1006222
1012851
1000477
1003019
1009314
1005780
1000434
1003428
1001869
1011357
1008858
1000472
1002057
1003252
1010842
1002559
1006234
1004909
1012209
1008808
1003310
1002516
1010716
1012266
1001345
1006017
1004636
1004403
1009606
1001541
1000004
1009172
1011495
1008825
1005579
1009133
1009595
1009285
1007077
1009277
1009691
1012184
1002868
1009270
1007768
1003689
1006736
1000559
1004240
1005843
1011324
1006094
1011897
1010213
1010873
1005168
1007828
1000294
1004965
1004336
1009030
1000784
1002187
1009357
1009128
1011267
1006205
1004238
1012880
1012363
1003617
1012064
1002168
1003620
1007361
1005051
1005174
1007740
1002332
1008969
1006873
1011316
1007164
1009217
1005438
1005106
1012846
1000934
1006675
1005623
1010764
1012049
1005854
1001235
1000922
1004306
1010548
1011709
1005897
1006832
1009482
1012718
1008958
1004162
1009746
1010322
1008846
1000374
1006503
1006959
1000469
1006018
1012845
1001535
1010897
1001227
1008944
1007826
1007096
1000442
1004096
1000210
1002425
1003412
1005593
1004030
1002729
1007760
1000246
1001418
1007554
1007736
1003123
1000969
1007632
1005303
1009385
1011427
1010960
1000659
1001376
1006361
1002336
1012156
1001409
1004873
1011896
1009058
1003606
1004875
1010876
1010348
1001842
1006775
1001601
1003863
1010789
1011943
1006317
1012704
1010053
1005929
1001488
1005043
1001102
1001127
1005984
1009668
1006779
1009682
1002011
1003765
1012094
1005314
1011123
1011561
1011927
1002942
1005533
1005110
1007489
1006718
1003660
1011482
1009065
1010593
1009056
1012731
1009486
1011060
1009451
1009490
1003260
1000671
1007248
1010579
1006023
1010434
1009546
1007607
1012924
1005335
1004642
1001608
1012685
1009870
1010412
1001918
1004555
1000540
1009194
1011077
1012603
1005951
1001728
1010632
1004220
1012041
1006071
1010728
1009633
1012260
1007702
1000230
1009229
1006979
1005432
1002653
1000315
1004654
1007819
1002631
1001704
1012850
1011480
1010988
1005867
1003263
1004815
1002804
1009900
1005769
1012143
1005528
1005162
1001061
1009723
1005515
1001707
1009048
1004472
1010204
1007307
1009501
1007571
1010042
1009448
1007261
1002305
1009793
1012543
1006195
1003504
1005440
1007285
1004622
1009717
1012533
1004344
1007286
1008925
1000249
1007517
1012733
1005152
1010429
1001757
1004667
1007342
1010337
1002003
1008936
1001793
1004436
1005904
1006814
1006100
1012314
1011646
1009596
1004439
1010111
1012127
1003405
1006802
1004259
1012882
1011445
1000235
1003006
1003909
1009594
1006870
1011153
1010177
1003059
1005437
1012866
1000408
1012965
1006549
1000710
1002487
1012803
1012831
1002242
1005898
1011627
1006897
1009937
1005932
1005613
1011386
1007796
1010480
1011297
1011614
1001588
1000381
1011866
1003501
1012145
1009023
1002176
1006102
1012993
1010731
1003535
1009836
1012253
1003250
1001993
1007656
1009375
1003574
1011925
1012690
1012357
1003716
1004584
1003634
1011338
1004653
1010806
1006757
1008818
1001239
1005139
1005913
1005928
1004133
1003224
1000218
1003915
1007309
1000470
1005705
1012914
1001323
1000270
1006622
1005350
1003132
1012255
1000917
1004470
1006354
1012082
1005469
1009425
1005994
1011582
1006860
1011388
1003285
1006651
1006105
1010807
1009398
1006514
1003684
1012475
1011903
1007674
1011578
1010421
1005872
1010196
1001153
1002728
1005224
1001655
1011290
1012200
1000983
1005346
1004486
1004520
1000846
1000709
1002762
1000813
1002929
1003115
1007508
1007811
1006543
1003165
1006144
1007681
1004484
1005435
1009017
1009554
1012683
1000333
1010809
1002325
1012604
1007242
1005973
1011394
1004327
1010551
1004209
1000245
1006537
1010417
1012878
1012499
1009529
1008931
1005378
1002985
1012530
1010398
1004455
1009982
1003751
1010636
1000263
1012352
1000809
1004262
1006251
1002508
1002768
1007299
1004688
1001774
1012206
1004290
1006887
1007648
1002617
1001667
1006559
1003342
1009485
1010603
1004868
1004055
1002064
1012455
1010260
1002510
1012265
1009552
1007471
1011084
1001603
1012662
1007229
1006256
1006408
1004446
1002662
1002552
1007175
1011391
1000168
1001803
1010833
1011610
1009426
1006626
1006264
1007615
1009347
1001401
1007793
1011066
1004400
1004425
1009669
1006014
1012252
1010015
1000069
1003928
1005467
1012799
1009875
1011856
1006261
1009764
1007122
1009920
1002297
1009888
1000111
1001081
1004235
1004975
1006919
1008811
1006226
1009548
1000623
1003694
1002964
1002165
1004594
1010157
1006114
1012753
1011948
1005292
1000942
1000022
1005431
1006859
1009312
1006738
1001429
1012296
1003711
1004185
1004829
1010839
1009642
1012329
1009059
1005825
1012854
1001470
1005272
1003212
1005149
1003616
1001289
1010140
1001128
1003782
1007000
1006124
1012706
1009662
1009144
1011916
1007144
1000950
1006526
1010828
1007058
1001469
1010856
1003003
1004950
1002666
1003089
1000407
1009038
1006063
1008965
1011817
1005423
1000082
1001100
1009706
1002506
1000746
1003867
1006344
1001849
1009820
1004407
1002292
1009964
1000128
1005265
1012286
1005877
1003172
1009029
1004856
1008930
1005069
1009508
1009427
1010700
1004662
1011650
1012445
1004531
1005842
1010059
1011398
1004732
1000589
1010440
1010986
1004757
1012039
1001975
1009471
1005902
1011205
1007704
1001644
1002244
1012895
1006079
1003581
1003358
1004077
1011951
1003610
1006961
1012807
1011443
1003971
1001172
1004772
1005859
1011621
1006443
1012797
1011145
1002840
1003367
1012652
1000295
1005746
1012826
1011055
1003274
1006893
1005631
1010349
1005225
1007136
1011262
1003969
1010192
1005316
1010021
1004174
1010623
1007392
1002253
1002970
1011956
1010175
1007288
1004423
1001108
1010319
1009479
1001926
1004859
1012665
1009890
1007398
1003360
1006130
1005263
1012281
1004805
1004051
1001261
1003374
1003714
1006623
1012464
1002475
1007172
1006199
1011659
1012232
1001448
1006369
1005277
1000450
1005760
1012462
1006863
1006150
1011631
1007057
1002002
1004850
1012217
1010437
1007800
1001368
1003478
1007323
1009258
1010380
1001634
1011075
1010310
1011514
1005396
1001386
1007686
1002209
1003459
1010740
1002045
1002961
1007690
1009296
1006433
1010968
1011204
1010273
1002040
1012029
1009703
1006698
1006535
1004878
1001240
1004278
1008932
1001485
1010375
1010803
1002116
1007370
1003294
1005426
1005103
1005680
1004928
1005795
1006458
1011165
1001503
1011249
1002356
1009302
1010333
1011623
1002751
1000912
1004367
1001626
1012650
1004119
1001568
1008879
1010545
1012494
1011776
1005516
1012659
1002112
1010461
1002383
1000371
1012620
1000296
1007677
1010781
1003373
1000162
1001355
1003604
1010117
1007267
1006519
1002054
1006447
1003138
1006839
1000464
1012509
1005823
1009777
1009459
1007765
1000090
1007791
1012935
1004410
1009226
1002124
1002150
1007697
1007609
1002430
1004572
1008973
1001879
1005507
1012083
1010566
1002712
1009093
1002577
1007534
1008868
1000032
1001353
1006708
1006027
1004308
1000165
1002612
1006754
1004014
1002463
1005493
1001981
1000750
1008997
1006383
1007442
1003288
1000290
1001743
1003088
1004383
1006189
1002153
1012427
1007867
1009104
1005832
1001304
1005534
1004487
1006112
1009284
1010449
1009469
1006089
1007134
1000971
1003708
1003807
1011252
1005028
1006896
1007636
1012280
1010309
1005177
1006914
1007460
1006606
1003299
1000112
1011590
1000579
1011085
1001184
1011749
1009311
1000524
1002541
1009518
1004137
1005076
1002670
1001266
1005926
1006314
1003657
1012033
1000505
1006746
1001855
1005428
1000954
1012213
1002309
1012120
1009361
1005457
1005191
1004305
1003700
1006761
1005063
1001689
1000388
1002201
1009697
1003811
1004894
1005223
1006495
1000298
1012435
1001282
1001558
1001716
1006489
1002222
1006506
1012786
1001507
1011312
1000994
1009279
1009222
1005239
1012110
1006500
1007276
1011741
1011928
1004490
1012580
1008821
1005153
1000668
1003545
1006889
1005311
1011197
1003398
1000172
1001467
1002035
1003290
1005602
1004276
1000043
1012167
1010742
1003222
1012881
1000686
1006907
1004230
1000704
1003518
1010308
1003869
1009914
1000334
1010733
1011524
1006255
1003102
1001916
1004298
1001651
1012346
1002663
1006055
1012092
1007561
1012637
1002734
1007724
1001201
1011557
1003929
1009728
1011834
1001444
1002234
1003432
1009918
1000439
1011187
1007486
1004393
1011992
1011784
1000576
1012507
1000420
1010083
1005073
1006291
1005868
1004248
1000129
1001389
1010555
1003174
1002294
1012564
1006065
1007351
1007466
1011849
1002491
1006056
1010055
1000970
1005801
1005632
1011027
1004779
1002615
1012374
1011559
1000229
1001141
1003239
1000509
1012059
1006030
1001637
1009090
1007407
1009439
1000640
1011513
1004566
1002055
1012952
1009587
1011039
1003264
1002601
1005172
1011126
1010939
1000556
1000060
1010245
1001316
1002422
1006013
1004995
1005020
1008992
1003533
1009135
1001403
1007816
1007685
1008853
1009733
1011657
1001990
1009060
1003011
1002885
1005211
1007176
1002521
1003854
1004098
1006564
1009863
1012614
1004431
1003528
1001504
1004369
1003577
1010860
1003853
1001623
1003458
1003637
1007478
1004241
1012438
1004294
1005652
1011503
1012340
1003858
1008810
1012131
1006229
1010093
1006806
1000331
1002977
1006026
1009372
1011444
1004413
1002489
1010655
1006045
1004477
1001314
1006783
1011455
1005600
1008983
1002603
1012385
1004912
1009752
1000493
1010815
1007208
1001109
1007521
1008895
1003261
1011164
1003160
1000882
1000254
1006844
1010995
1005671
1000208
1001395
1000895
1007274
1009267
1010751
1005058
1000428
1010954
1012505
1011475
1006620
1003482
1002497
1011257
1007011
1007603
1000688
1003691
1002462
1003156
1007215
1003182
1003500
1010438
1010167
1003601
1009287
1010414
1005381
1004705
1003638
1010735
1002371
1004637
1010651
1009811
1012128
1008872
1012896
1006766
1005393
1011453
1001307
1010331
1012014
1000468
1000054
1012946
1001529
1009130
1000906
1009638
1003485
1004869
1011950
1005081
1003421
1007106
1012575
1012177
1005122
1007663
1001024
1009945
1001022
1005319
1005796
1000678
1002532
1002818
1001218
1007116
1012612
1002560
1011178
1010307
1003007
1006594
1005968
1001273
1004206
1004047
1002178
1009891
1000458
1004826
1006922
1005181
1005548
1007557
1005235
1005943
1006735
1002889
1000609
1009542
1006597
1010037
1007525
1009998
1011284
1006713
1007592
1006365
1005871
1000896
1005865
1011488
1002080
1001999
1009383
1011392
1009715
1005701
1006357
1000973
1010616
1006599
1000774
1002300
1005279
1006298
1009758
1005363
1005390
1005408
1001825
1006175
1003251
1011871
1007023
1002967
1008927
1005514
1011643
1006225
1007652
1001722
1010549
1007778
1004746
1000306
1012123
1011140
1009262
1005398
1012879
1003913
1005733
1009117
1009175
1002597
1009116
1011091
1005266
1011568
1012742
1005665
1003065
1005895
1007467
1002221
1002224
1012303
1008830
1003845
1010081
1006173
1009583
1002914
1010506
1003920
1010717
1005828
1006454
1000319
1004052
1003219
1011045
1002044
1009464
1000096
1000199
1011886
1001696
1000357
1000635
1000783
1000915
1006161
1010115
1006450
1010282
1010679
1005246
1001121
1007851
1011723
1002856
1004038
1011828
1009313
1001798
1007556
1004736
1010342
1001341
1003349
1004573
1009319
1004824
1012613
1008860
1004244
1012686
1003952
1007731
1009402
1008894
1012027
1004773
1010165
1000919
1012076
1005849
1012259
1012725
1000497
1012348
1003282
1000163
1000349
1003503
1002590
1003122
1002164
1003180
1002139
1010702
1000822
1003339
1002216
1003701
1002963
1009593
1004581
1005075
1009522
1000654
1012712
1009354
1011352
1012489
1003804
1006790
1010525
1010263
1011194
1001410
1003902
1005797
1002170
1003639
1009190
1012801
1010336
1011919
1012322
1011281
1007132
1006404
1002878
1000816
1007563
1003719
1007472
1009834
1003855
1004057
1012018
1008819
1000603
1003631
1006064
1003612
1009108
1000757
1010522
1010193
1012383
1011124
1010051
1011325
1009323
1011005
1010172
1010519
1000326
1006141
1000681
1006120
1008967
1007684
1010796
1012720
1005542
1005261
1002470
1007287
1000040
1009976
1002006
1010128
1009881
1004291
1001404
1011092
1009707
1003741
1004476
1001044
1008806
1012793
1005753
1011535
1003119
1004143
1011960
1005605
1004204
1003571
1005403
1008896
1007146
1011437
1006881
1000378
1000754
1009509
1002388
1000571
1004740
1005348
1003359
1012780
1003659
1012207
1007113
1002227
1004075
1009412
1006763
1008891
1003341
1001551
1002754
1001863
1005256
1009694
1000028
1000305
1001357
1010453
1007022
1002896
1010554
1006381
1004911
1012754
1012964
1012234
1010633
1001659
1003990
1012814
1000656
1006701
1000370
1000890
1005612
1009474
1012437
1002047
1005940
1003932
1011183
1004703
1006831
1002407
1004483
1003390
1005765
1009799
1005745
1006362
1007258
1002798
1009174
1002660
1000217
1006784
1010054
1002876
1002386
1005722
1009328
1006773
1011373
1006310
1010394
1010637
1000430
1006528
1010857
1009981
1006639
1001426
1005822
1007199
1004730
1007852
1004684
1001923
1011683
1006631
1004274
1002849
1010750
1010599
1009822
1002144
1000977
1010494
1001871
1004961
1006688
1005170
1003813
1005675
1010570
1003207
1001912
1010379
1003364
1010947
1010722
1009352
1002962
1005192
1002554
1005770
1002208
1010547
1003647
1010078
1007841
1005392
1010316
1010491
1004620
1003752
1001280
1010469
1011647
1004361
1003460
1002568
1004606
1005908
1001986
1000568
1003773
1002103
1004108
1007127
1004556
1000828
1004536
1009095
1012749
1007272
1001007
1004085
1011968
1007345
1004958
1011381
1011286
1010962
1002219
1012953
1012837
1001050
1012069
1000120
1004068
1005888
1006122
1011472
1001188
1004046
1011833
1007192
1001657
1003724
1006375
1001609
1001030
1011588
1011838
1011868
1007638
1010654
1002437
1009873
1001125
1006142
1010397
1010674
1011648
1002526
1002410
1001226
1004842
1001619
1009345
1002453
1011447
1000184
1006242
1005639
1012535
1006575
1009011
1010070
1001882
1007871
1012790
1009215
1004971
1002978
1004116
1007066
1010501
1000453
1005109
1000631
1006892
1011169
1005581
1006847
1002039
1007231
1002167
1012723
1003206
1000800
1004647
1006201
1009480
1006894
1005912
1000982
1012900
1001998
1006148
1009005
1010530
1007857
1005557
1006638
1007289
1006157
1007376
1002071
1002317
1001209
1002786
1005409
1004889
1002999
1003690
1004429
1001222
1006435
1009578
1002626
1010212
1009588
1003801
1006050
1003605
1002668
1003973
1012791
1010028
1002062
1001814
1007037
1004360
1006541
1001171
1005847
1010869
1012112
1007470
1001823
1002486
1004164
1011742
1004428
1012344
1011237
1003556
1006968
1000480
1000268
1011517
1009434
1010448
1005336
1007582
1010898
1005526
1006248
1003291
1007312
1010433
1011898
1007449
1012463
1005475
1004459
1001439
1011121
1012412
1002610
1012774
1009178
1002884
1009230
1006601
1000068
1001371
1000885
1010912
1004926
1011787
1002528
1010266
1012710
1009818
1006022
1001143
1003847
1011162
1006241
1001765
1000990
1001840
1004044
1011958
1009943
1012909
1009288
1005031
1005980
1011322
1005417
1002393
1003676
1000143
1010202
1012086
1001116
1007155
1004625
1010503
1002088
1011158
1003226
1006956
1004103
1007422
1007380
1012139
1009481
1012969
1010267
1003655
1008828
1011918
1007502
1009572
1000829
1004027
1007158
1004655
1003557
1006996
1002518
1005226
1000536
1003054
1012916
1001221
1001873
1008802
1008962
1006290
1003201
1012992
1003420
1011203
1003844
1012553
1011845
1007546
1006850
1002558
1009734
1003243
1002613
1001497
1011076
1000488
1011504
1009704
1010613
1002633
1005553
1010458
1006972
1005384
1008884
1004904
1004603
1002630
1010378
1004300
1012819
1010832
1012262
1003235
1009957
1002193
1004918
1007268
1012950
1010515
1000814
1012236
1005357
1009120
1007303
1006483
1001310
1000486
1004586
1006072
1002406
1012052
1010865
1001446
1006778
1001164
1004639
1005782
1007063
1010877
1004870
1001115
1005603
1006081
1012940
1010927
1011786
1003293
1006840
1001182
1005190
1003323
1002848
1003538
1000042
1006645
1001854
1011208
1003399
1009541
1000039
1001234
1003139
1001967
1000525
1009161
1012240
1010537
1001320
1002367
1005934
1007252
1010524
1000935
1004059
1002620
1010224
1011768
1001599
1011010
1009177
1000731
1009153
1012750
1011283
1008861
1002801
1010831
1009604
1005809
1006679
1006765
1006630
1001313
1007699
1009301
1009551
1007846
1010675
1002838
1007850
1004726
1012343
1005900
1012707
1005257
1006394
1005374
1002079
1003671
1007495
1006851
1000379
1012773
1002369
1011359
1007711
1010234
1006502
1001811
1012117
1010345
1011081
1002983
1010226
1005791
1002281
1004247
1010102
1009444
1004503
1003987
1006602
1001093
1010332
1002692
1012813
1005501
1009974
1006988
1006791
1002542
1010688
1003352
1010383
1010411
1007788
1009455
1007239
1009211
1002585
1010486
1007530
1005556
1011244
1006029
1003381
1001775
1007173
1001734
1007217
1000952
1003153
1001917
1005032
1001625
1001596
1000401
1003759
1011023
1000824
1005967
1012238
1002443
1007671
1012407
1010376
1004934
1011860
1004317
1005744
1012874
1000615
1005463
1007630
1004316
1006702
1006247
1001394
1004916
1002883
1010801
1000657
1004810
1003418
1000857
1009386
1007073
1000943
1004771
1009860
1009111
1006465
1010521
1000037
1009419
1006080
1006640
1009197
1006400
1001375
1006231
1002348
1011454
1007111
1012567
1007455
1003644
1003963
1005690
1006997
1001293
1002976
1002649
1006686
1007151
1012980
1002235
1010846
1002319
1010792
1011865
1005115
1002979
1010094
1009549
1010405
1010439
1002238
1005267
1002814
1003149
1010900
1011887
1010660
1009612
1000743
1004465
1009843
1007650
1011939
1012977
1005328
1011835
1000492
1002639
1006908
1006935
1007532
1005048
1009210
1003268
1002262
1009113
1001016
1000367
1010073
1012133
1004032
1006339
1007156
1001705
1000078
1005864
1012372
1007117
1009963
1012077
1004932
1011676
1001807
1005953
1002874
1009513
1010080
1002909
1005091
1012757
1012511
1001254
1000622
1001592
1011302
1011493
1010387
1001130
1012865
1010390
1007332
1000455
1006178
1011562
1000224
1011263
1012100
1011976
1003732
1003166
1002107
1010139
1011360
1012822
1000968
1007178
1005591
1012420
1011872
1001005
1009325
1002652
1000352
1009278
1000335
1006084
1000297
1005989
1011854
1001864
1006043
1007617
1005758
1009470
1001673
1002447
1004039
1007688
1005708
1011150
1012072
1000810
1000925
1003643
1003228
1011548
1005517
1009892
1010240
1004862
1000695
1003940
1001611
1004136
1010994
1001189
1007296
1012687
1007097
1011523
1006878
1003967
1000362
1000443
1009091
1005717
1002690
1009579
1000594
1010242
1006471
1003000
1010144
1002857
1012004
1010061
1004505
1007404
1007154
1003945
1004064
1011665
1004130
1003484
1009139
1005171
1012454
1006174
1004250
1006930
1004451
1001350
1002366
1007095
1006739
1001423
1006690
1001789
1000323
1003706
1003669
1004763
1003069
1012446
1001213
1010132
1009115
1007098
1005810
1004837
1003362
1004192
1000238
1009077
1003627
1001962
1011852
1001557
1001756
1004744
1005609
1003819
1012943
1011711
1010100
1005915
1001031
1006848
1002352
1002952
1000175
1006482
1002261
1010220
1000358
1012097
1004526
1007316
1003791
1010762
1012748
1005026
1005361
1010076
1010824
1005464
1000535
1004381
1002934
1000634
1008816
1011990
1010826
1001372
1003748
1005185
1007837
1012309
1000551
1001449
1011259
1003012
1005097
1001957
1000487
1011313
1009574
1006343
1007080
1002931
1003387
1004246
1012159
1006976
1005299
1005948
1009410
1009488
1004891
1007338
1010063
1000649
1001746
1012745
1000751
1004515
1002682
1000136
1002012
1007461
1009458
1007356
1006879
1000711
1005800
1012696
1001459
1001680
1010423
1003154
1002853
1009057
1010149
1007616
1007875
1007635
1000860
1010894
1010232
1009071
1012307
1002933
1011273
1007166
1002174
1003402
1000386
1005473
1000523
1005933
1001169
1010207
1004067
1002750
1006070
1003262
1010156
1003494
1010228
1002505
1003733
1011512
1010419
1010314
1007143
1002243
1005416
1010961
1001321
1002023
1012061
1002828
1012634
1010290
1002377
1012162
1011442
1004991
1008990
1009484
1000720
1004931
1007306
1003527
1006714
1001330
1009299
1001804
1002267
1005629
1002904
1001597
1001584
1009443
1012804
1012389
1011253
1006552
1001575
1004177
1006289
1012214
1010878
1000135
1003578
1005248
1012998
1007833
1006845
1011163
1010184
1004157
1004179
1004131
1006127
1006440
1008911
1011395
1007060
1006646
1006793
1003895
1011754
1012766
1003192
1001536
1001741
1005704
1007277
1010741
1009280
1005749
1003233
1011116
1007162
1003827
1012901
1012353
1007190
1002131
1005481
1007834
1005742
1012716
1006590
1002863
1000830
1005869
1010681
1009106
1000047
1003179
1001163
1006637
1000312
1000974
1010174
1000959
1010023
1001223
1004672
1005429
1001668
1000769
1007541
1003849
1002533
1003579
1003871
1011596
1004322
1012311
1004020
1006188
1009367
1003924
1004195
1001915
1000202
1006069
1002130
1002739
1012394
1008941
1009616
1006744
1003697
1004193
1001224
1001018
1003392
1000747
1006565
1000817
1005060
1010343
1011599
1004997
1011601
1005365
1004346
1005283
1001315
1005042
1011966
1006942
1009414
1006250
1012170
1009061
1004545
1000372
1004686
1009994
1004012
1007742
1012382
1003749
1000169
1012191
1004988
1010725
1011758
1007181
1009901
1010701
1001185
1003547
1007491
1004292
1003837
1003079
1010665
1003229
1009300
1010321
1007651
1010304
1007053
1008880
1006818
1010699
1000185
1006554
1012409
1012579
1004435
1012898
1009317
1009678
1001725
1002647
1006673
1010612
1006836
1007754
1004208
1002250
1003254
1012237
1006425
1007844
1004293
1011655
1001581
1011681
1012771
1001271
1012341
1004651
1009637
1006469
1010837
1007388
1009477
1009290
1010852
1009848
1005834
1004217
1009176
1011421
1005472
1005580
1010269
1009674
1006271
1001612
1006176
1010543
1009683
1004721
1005308
1001660
1001215
1000481
1001681
1004854
1004977
1002469
1009209
1011671
1008987
1009693
1000393
1012679
1012111
1011974
1011385
1001046
1006160
1001443
1000140
1004799
1003933
1003901
1007278
1006828
1003259
1003678
1009979
1009766
1006795
1010761
1001233
1007659
1000742
1000641
1006320
1008963
1007622
1010583
1011696
1000002
1000913
1000474
1011049
1005151
1005947
1012735
1008975
1005833
1004156
1002616
1004648
1012470
1001678
1012590
1004203
1000432
1000405
1005850
1003465
1008938
1006244
1001236
1007084
1003543
1011717
1004304
1011793
1000098
1007005
1005983
1006095
1005969
1003338
1010845
1003449
1010243
1005763
1003861
1006525
1002324
1004236
1011649
1002220
1009971
1002699
1002349
1001832
1006721
1005121
1012119
1000375
1004748
1004076
1002381
1001675
1011718
1005692
1004321
1011820
1004546
1010779
1002213
1011553
1002527
1009259
1004783
1010536
1007797
1002426
1006725
1009794
1006274
1005658
1011119
1011439
1005997
1003629
1010980
1010673
1005203
1007631
1009665
1003980
1001829
1004405
1009252
1003326
1012099
1010647
1005372
1009487
1002394
1005132
1011016
1012235
1006405
1000756
1010277
1008842
1000368
1001808
1003864
1003112
1011491
1001688
1010049
1007019
1012972
1012555
1001276
1000629
1000991
1000642
1009157
1011906
1006712
1011213
1004211
1005552
1011210
1003621
1003917
1001694
1009012
1005333
1011148
1007364
1007133
1003016
1007764
1002492
1004135
1007431
1009751
1004913
1002710
1006334
1010556
1008916
1005018
1003329
1003789
1007644
1002711
1002271
1011087
1008877
1009344
1002789
1001718
1012176
1007853
1002924
1006767
1000383
1011669
1007335
1007349
1011694
1009661
1004155
1012675
1009502
1003295
1012172
1011471
1012031
1011827
1005721
1011807
1002731
1004026
1012441
1006306
1010160
1012416
1011260
1002248
1002935
1009778
1009339
1003151
1012915
1000734
1006614
1004679
1004008
1002556
1009607
1003865
1000981
1011420
1010324
1005456
1005786
1000462
1000752
1003126
1009556
1003129
1007183
1000730
1008949
1003403
1010532
1004666
1003141
1002694
1012019
1007363
1003505
1002873
1003955
1001567
1007395
1011987
1002498
1003641
1007570
1004398
1011196
1010732
1007270
1006567
1000833
1008847
1012479
1005123
1012663
1011161
1010757
1003334
1005886
1007386
1000771
1010552
1002361
1005008
1005924
1011816
1011611
1011808
1007479
1007273
1004313
1010996
1006121
1010432
1012482
1004959
1010452
1005925
1008940
1003041
1005338
1003950
1002122
1005023
1001888
1002396
1005860
1001553
1004806
1003587
1012313
1011268
1007676
1009454
1009730
1011466
1004147
1012783
1001670
1000366
1005323
1010278
1011317
1010462
1006074
1003982
1012081
1005375
1006338
1012163
1010834
1001966
1007580
1011470
1006164
1003311
1001586
1004857
1002252
1011105
1000339
1005307
1006826
1011716
1002138
1000755
1001351
1012306
1003835
1001944
1004392
1004800
1011853
1003882
1006270
1001255
1012088
1003664
1002746
1009045
1012017
1003816
1012492
1000271
1006154
1012971
1002771
1008833
1012682
1010210
1004324
1005771
1005160
1010666
1002298
1000149
1002111
1005587
1000831
1000666
1007218
1011882
1009634
1009151
1011226
1012694
1000873
1010866
1004789
1001219
1009149
1003331
1007662
1000447
1003186
1003870
1004003
1001337
1006538
1010626
1011518
1003497
1007538
1009959
1001954
1002785
1000231
1011922
1009785
1002179
1012334
1000965
1001947
1007512
1009442
1011815
1006258
1001339
1006861
1009681
1004079
1001959
1006396
1007346
1009028
1009456
1002837
1000373
1004646
1004050
1011256
1006136
1004969
1012782
1011516
1005116
1003699
1001737
1011895
1003818
1007149
1012611
1009960
1011774
1001112
1001770
1008998
1010200
1001785
1000773
1011826
1011543
1008999
1006636
1011509
1009826
1010911
1002988
1003048
1004627
1003325
1006751
1000264
1009227
1009745
1008994
1003320
1002757
1001605
1003702
1003522
1007786
1003974
1005092
1003572
1008988
1002096
1010247
1012891
1001940
1004450
1000102
1012178
1004808
1010585
1004554
1006115
1011612
1007729
1010557
1002464
1004652
1002056
1011662
1003977
1010208
1003658
1010892
1004420
1002531
1003834
1011149
1010131
1006841
1010129
1012962
1011508
1003668
1003034
1004102
1006277
1004167
1010016
1007823
1011579
1006600
1012371
1005596
1003713
1012024
1006217
1002981
1010215
1009927
1005592
1012554
1009735
1002987
1003734
1011361
1000220
1000907
1001761
1001241
1005086
1002137
1011051
1006163
1006948
1006407
1001250
1001748
1005910
1001865
1012323
1003298
1011738
1006358
1012563
1002975
1004461
1003187
1004233
1012770
1006198
1011607
1006635
1011024
1003029
1010372
1007103
1003043
1011755
1011193
1001032
1005107
1011620
1007757
1006753
1010148
1010562
1009330
1012809
1012051
1011708
1009087
1003033
1000992
1011661
1008831
1002101
1005684
1000221
1006047
1003746
1007863
1010516
1005049
1012591
1011452
1006473
1011538
1005252
1009776
1003487
1005284
1012395
1011418
1005233
1010945
1010371
1002149
1011863
1003907
1005582
1012370
1005506
1001203
1002741
1012917
1010541
1009742
1009152
1007737
1007787
1000677
1004629
1011026
1009416
1012602
1004124
1006931
1009545
1005242
1006900
1012893
1007536
1001195
1000614
1011823
1003758
1005715
1007059
1006967
1012432
1006341
1002686
1010652
1003343
1003022
1010514
1004390
1003736
1004374
1006068
1010924
1000198
1001666
1002357
1012544
1005383
1012153
1005962
1009906
1002273
1003411
1006461
1010464
1010355
1002418
1012183
1011143
1004171
1004242
1004018
1005709
1004795
1001300
1005837
1000700
1009970
1002448
1010071
1007824
1001516
1000079
1007576
1002280
1005483
1011884
1001243
1010769
1009460
1012181
1006978
1003044
1002513
1009885
1005337
1000228
1012189
1009626
1004024
1011757
1011830
1012719
1010812
1012811
1012958
1008854
1008850
1010664
1003970
1005836
1010629
1011850
1002512
1009987
1011181
1007533
1003599
1012632
1003626
1006588
1004952
1004069
1005640
1007115
1001600
1005466
1007611
1004255
1009188
1004784
1008867
1010089
1011054
1005858
1000590
1011904
1012465
1001665
1007516
1006328
1011326
1003762
1005544
1007774
1010871
1009350
1010595
1001896
1006566
1002007
1004565
1001908
1010027
1000663
1009625
1006704
1005397
1010625
1004061
1011545
1006971
1007140
1003771
1012684
1004700
1000989
1010339
1001995
1001029
1011617
1000592
1006938
1007595
1003886
1002795
1005217
1010648
1010816
1001515
1009999
1004074
1000511
1002958
1010121
1005442
1010718
1006925
1000673
1006139
1009406
1004657
1012504
1003623
1010941
1009651
1004264
1000291
1010248
1009786
1000344
1011690
1010880
1005545
1012204
1003821
1007660
1010367
1009896
1004430
1007325
1004013
1000886
1006011
1012430
1012074
1005102
1004681
1008913
1009286
1007114
1009054
1009068
1000459
1012605
1000433
1011072
1011137
1012263
1005399
1000427
1000692
1003052
1012073
1003448
1004409
1010017
1000694
1012594
1012469
1001663
1009388
1012433
1011584
1002247
1000345
1006808
1005725
1007043
1006666
1011304
1007808
1003862
1002018
1002780
1012458
1005404
1010919
1003935
1003675
1001296
1000951
1012910
1011829
1005202
1010194
1009817
1011353
1007773
1007027
1003585
1001199
1010113
1005016
1010435
1005196
1004377
1009079
1005601
1005939
1012875
1011214
1003061
1011715
1002237
1012199
1001179
1003468
1012519
1010239
1002514
1002713
1009001
1005046
1000908
1011861
1005941
1010306
1006288
1012147
1002226
1007070
1006478
1002803
1007474
1007806
1004914
1011428
1001099
1007815
1007007
1003438
1004954
1010187
1011874
1001876
1006340
1005166
1004228
1009232
1007301
1009903
1004838
1000892
1005035
1010882
1003442
1000606
1010033
1007355
1002029
1003189
1004981
1004073
1006000
1011506
1007014
1000940
1001574
1007746
1006853
1000581
1000117
1010810
1002446
1000697
1006918
1012840
1009915
1000182
1001427
1005724
1002517
1011033
1001447
1000625
1001736
1010446
1007739
1009140
1002263
1006133
1010024
1005813
1000233
1008801
1011489
1009063
1012648
1006103
1005298
1010618
1009036
1003440
1011291
1003802
1007836
1002960
1002419
1004816
1003558
1001759
1001632
1009445
1007093
1012136
1000597
1007317
1003441
1007281
1006668
1000193
1012626
1000239
1010575
1004181
1006323
1010590
1005413
1002102
1008905
1012593
1004260
1010758
1004791
1007100
1011642
1004201
1009988
1002036
1010862
1002097
1005143
1002698
1005154
1009821
1007174
1010819
1000327
1004962
1000424
1009603
1012308
1007069
1005040
1012032
1000448
1009198
1008991
1003410
1011133
1011305
1009655
1001530
1003120
1007206
1004960
1009902
1000788
1004456
1012989
1006397
1003038
1003939
1003922
1007051
1007597
1003666
1010527
1012785
1007390
1012002
1006954
1004328
1006604
1009602
1000520
1004197
1009154
1003078
1007565
1003267
1003145
1010020
1001685
1006868
1000856
1009183
1010233
1002937
1000508
1002609
1005163
1010765
1012873
1000251
1005318
1001928
1009498
1009495
1006981
1003060
1003560
1002928
1007505
1005611
1010478
1002875
1012709
1007490
1012401
1010952
1002156
1007056
1011710
1002399
1011227
1009213
1006032
1006118
1002553
1005748
1010659
1001170
1000872
1011949
1012146
1009895
1012424
1012021
1002799
1002026
1003544
1002859
1009251
1001466
1005134
1003731
1003046
1012496
1011941
1010479
1000342
1005029
1006849
1002094
1001910
1004272
1007047
1006335
1012987
1002945
1010385
1010443
1007553
1002339
1004519
1003536
1004706
1010799
1002106
1007354
1004491
1001837
1002623
1011541
1011152
1003181
1000276
1010281
1009489
1001091
1012727
1007425
1006801
1002894
1005976
1002575
1002074
1004527
1008996
1001174
1010436
1012887
1002481
1004251
1012982
1004656
1005126
1010677
1004728
1001900
1012926
1005240
1003372
1004269
1001492
1007418
1000698
1010850
1007201
1009803
1010567
1011065
1004940
1007280
1012390
1011270
1006280
1002210
1006905
1007034
1012503
1009845
1002158
1006711
1011142
1004323
1000187
1006431
1004676
1001624
1007801
1000404
1007130
1002569
1012836
1004966
1012066
1000840
1001970
1004886
1007334
1004385
1004414
1003121
1012868
1002742
1002363
1009020
1003133
1007141
1002902
1010739
1004091
1001538
1012601
1010535
1005176
1003999
1001839
1001925
1004087
1009338
1007310
1003602
1004935
1004444
1010709
1004501
1001322
1009591
1004635
1007456
1009340
1001577
1006245
1004082
1009705
1001041
1009990
1003200
1005208
1006691
1010166
1011232
1001114
1011912
1000521
1000878
1004843
1003820
1009208
1006468
1006337
1004570
1002826
1010684
1011436
1010875
1009273
1003519
1002632
1007747
1009097
1009092
1011390
1005244
1007698
1004610
1007545
1012055
1009819
1006434
1005330
1004562
1002403
1010036
1012444
1011310
1005597
1003301
1001482
1001919
1003887
1012860
1012058
1007292
1012527
1007348
1011644
1011402
1011737
1001971
1009598
1006653
1003076
1012287
1000188
1006034
1000956
1000580
1006598
1007353
1009647
1011687
1000288
1010913
1011354
1001713
1010957
1007352
1002436
1003456
1006167
1000985
1002190
1004406
1010563
1007755
1007552
1011298
1011135
1012562
1009878
1009241
1004755
1010529
1003548
1004749
1009709
1012957
1005498
1005339
1004864
1006432
1001781
1002119
1010296
1009085
1010040
1012573
1009418
1003345
1000406
1001285
1000735
1007396
1011441
1007067
1011700
1002020
1011022
1009346
1002599
1010909
1006520
1005732
1002288
1004070
1011410
1005234
1002565
1001087
1005621
1007558
1001965
