223413
227928
222954
229560
224175
228785
228232
228961
220569
222913
222986
223070
230156
227771
229766
228564
229876
223082
227677
220848
223774
223982
224271
210276
223449
229375
227996
228271
220945
228718
228754
228667
223517
224349
222025
220656
229847
221962
229298
222570
220111
223948
210132
230162
223351
230052
229451
222329
224153
228539
228901
229148
227895
228886
220767
228075
229547
222574
230347
220157
222256
224016
220249
230331
223028
229176
222636
222131
229350
223229
222223
230124
227540
222650
228669
210279
222735
223436
229737
210477
210116
228990
210466
227354
227767
227671
222519
228478
223417
223819
228815
222206
224250
223000
228050
229401
223792
228269
222316
229474
227370
227483
229919
227559
227639
222032
227999
228557
229386
221004
228125
224145
228966
229044
222589
227845
220630
223013
222125
210319
228156
228498
227848
228249
220273
220211
223597
229585
210218
220140
220020
224027
229504
223862
227613
230041
220660
220807
224078
229251
222338
228335
210283
224338
224062
224314
228061
228423
229067
228452
222885
228823
224239
222617
222182
228831
230321
228501
223496
223700
220976
228825
224023
210389
220181
228259
228837
222449
222258
220805
220883
222160
228570
227860
222231
220163
222564
220552
210204
220169
229107
230149
229377
230319
222318
228904
228647
223387
228401
220779
220028
230208
210355
220143
228255
222982
223881
210318
222056
227288
220754
222315
222628
222213
230183
210135
228044
224127
230246
227822
222099
224231
223206
224198
230351
229503
230207
227724
227601
222576
228567
229492
229710
223055
210129
229366
222616
229760
227804
227855
223664
210408
223800
227770
229964
227871
228841
229781
223888
220008
222899
223043
223631
227618
228345
229961
228709
210440
222926
220914
228811
223963
222492
228280
222060
227651
227375
222216
210392
210393
229715
210444
222889
223345
223403
229861
210458
228197
222335
222187
230239
227290
228146
220668
227830
220197
230170
227629
223519
224360
222441
222938
227312
223108
224058
223313
227420
228727
222454
222287
223202
227383
224418
224427
220988
227467
229973
223609
228883
222418
228971
227640
224109
228928
229239
229238
222413
228933
228004
229815
229284
228328
228149
222869
229867
222765
229773
220851
230224
220602
227392
220633
210016
220951
228428
227607
223442
228737
227695
228396
210430
223835
222737
230250
230198
210313
220200
224203
221943
220922
229051
222461
222389
222382
222218
223480
229935
229458
227599
223967
222199
223927
228166
223002
229035
210460
210437
228977
230148
227920
228131
230033
224049
230040
222429
220318
228091
228485
223235
227252
229511
224290
228861
210337
223390
222897
227531
229597
229991
229164
227909
222774
223940
220098
227668
227946
222004
229750
223978
227901
223755
223207
210080
228956
229813
220839
210073
220271
210473
229688
222618
224134
220173
229790
229995
227776
210003
223179
227476
210128
229765
222215
210281
224302
210490
229903
210406
224128
210093
227764
210240
223561
229879
227990
227995
227678
229331
222865
230190
223460
224374
228733
222966
227318
228392
224042
227814
222656
220097
223621
227787
222759
223489
227515
221003
223957
229744
229566
228040
227391
228329
228802
210335
210235
210299
223976
228251
227679
228741
220049
220238
222960
223931
222150
223263
228224
229701
227502
222183
221939
228420
222769
210457
224211
229602
227711
220709
222585
230176
229149
229526
222703
221936
220076
222407
227795
228936
228029
210139
222083
224230
229103
229943
222310
229064
224088
220199
227750
224417
227638
227488
220949
210024
228252
227673
223697
223828
223282
222464
228865
220593
229364
210358
210178
223817
229862
222734
220658
228349
228403
210192
229599
230082
229056
224233
228068
220605
230189
229415
222339
229875
210234
210019
223686
222378
228822
220650
227648
228155
227802
229329
230146
220672
222695
223987
222811
228580
228177
222772
220284
229214
220782
220657
222536
228099
222447
229156
230066
223463
220741
223230
222510
221964
227688
228391
228691
229537
228862
228346
228597
229854
224024
223592
228902
230112
224080
210141
228164
223738
229536
222311
227321
228989
222268
229322
227327
228491
222177
220981
227484
229714
223954
210212
229254
220180
230128
229868
229972
224244
223845
230295
227594
223509
220300
230036
222971
228812
229252
227269
220669
228803
230265
228317
220877
229463
229698
228563
228480
228421
227653
222637
223258
220025
222224
223057
223572
230060
210069
222840
227753
220792
210032
229058
223045
220562
223576
220054
220115
220087
228759
220227
223901
220048
227902
220759
224216
228843
229559
229060
230238
223556
223122
224286
210369
223503
210356
227633
220123
223287
230223
224064
229548
223598
227662
223376
224075
229101
228293
223515
222572
228132
229121
210226
222562
222034
222888
229488
229727
223727
228736
222286
223701
229231
223171
222879
230307
229150
227320
210131
229574
228035
220904
223812
223475
222202
229675
227536
220757
229247
224397
222696
228930
228289
222379
223614
229324
224085
227286
228744
222745
223887
229087
220080
222796
222514
223339
222559
230030
229540
222709
223178
220692
229697
224307
220051
222894
228816
222460
229400
223364
223019
228524
220956
227393
227560
222815
224030
222466
224189
220753
224428
210353
224054
229873
223327
229169
228538
230312
220242
224344
227681
222563
222155
224222
228758
223677
224403
227381
230094
222583
222410
228953
223841
223159
220305
224052
228848
223220
228666
223150
227394
229914
227422
229654
220026
228185
228650
224206
228069
223184
227680
229055
220614
227360
222553
228542
228101
210267
229863
220565
224334
210031
228625
222816
220283
222299
228476
223383
228344
221988
228290
229844
227914
229049
229976
230279
220065
224105
223087
222619
223588
221946
210361
222884
222313
229053
229577
228574
220282
223006
229671
228084
229538
223210
229155
228130
229469
227786
222023
223455
222669
227635
222768
223618
222417
223418
228416
227840
224136
222130
220940
220954
220146
222980
223348
228483
230326
220833
210057
220801
210435
228500
230337
228608
222234
223016
222852
228873
224282
227823
223897
229674
228537
220966
222567
229530
224201
229833
222978
222751
222254
229888
229801
223647
222019
220620
220821
222127
222393
228261
221000
227740
228731
230234
223139
229616
210400
210236
229988
224117
228620
224212
229006
228284
222118
229235
223227
227828
228799
224310
229978
222994
223816
223185
228127
223089
229584
229189
222568
227510
222653
224297
220875
221987
222257
222898
220933
220624
220567
224076
227377
227552
230131
220931
230085
223068
229120
223466
229668
224356
222005
222330
222983
210340
223785
229521
224301
223733
220014
229629
227718
229607
228529
228590
223445
227378
228958
227437
227429
222645
222360
227563
228163
229911
228773
228677
223054
229542
222497
220090
229999
220787
222501
220872
210188
222302
228410
223397
229393
222363
230210
228292
227865
222154
220592
223930
221955
224178
223846
220847
222685
224283
230220
210083
227991
223283
228890
228615
228738
229294
230332
210186
230137
228546
223731
224003
229704
228195
228935
222203
227843
229510
220946
224132
220596
210292
227624
222631
224346
223619
222686
229181
227412
223553
229910
222776
228517
222743
227597
227374
210433
229019
227492
224357
210491
229200
228891
220902
229307
224157
222835
222627
228784
222388
220239
220563
227847
230076
229922
220252
223883
220723
227886
228670
229706
220246
222875
223536
228800
227793
210099
224010
222721
222760
224032
210302
228496
229747
229605
229721
222098
222200
223203
228722
223299
223994
228853
227564
227382
230091
210288
223216
220755
229435
221994
210113
221993
222353
230077
220772
227789
210094
228937
228104
222806
223764
223213
222222
222148
222275
210098
229550
230165
210137
220185
229782
221986
228031
228318
228893
220560
223197
222133
228024
227746
223428
228970
221942
220712
224272
229512
228978
227268
229402
224150
220137
223523
228616
228493
229308
227409
224112
227400
220846
229515
210286
230317
229222
223932
224274
220237
222228
220298
223853
228679
228152
220275
220827
228832
223255
224096
228764
228373
224199
222011
223359
227291
220735
210426
210070
220985
228753
227530
227523
210446
222785
223793
222430
230338
229827
224225
221949
223091
229034
220887
223278
223275
230273
220010
227527
223945
220702
230277
222134
222445
210189
229513
229162
229949
229374
227722
229951
223408
223069
227971
222029
222861
222402
222896
224155
228457
220604
228662
229260
220294
220313
222560
224133
229930
229661
224434
223391
227431
227993
223458
228066
223641
229985
222337
223989
227889
228176
210096
228120
227841
229092
220078
228406
228054
224043
210273
210067
230314
222940
220059
220626
222929
224000
227862
229201
223977
223949
224438
227547
222535
210266
229651
224258
227978
229225
229206
228159
222415
220889
223832
230010
227345
220207
220064
210244
210082
223929
227284
222582
222710
224396
223491
224179
220302
227733
210042
220130
230103
228047
222064
229595
229277
227585
227512
223148
223917
224316
221975
222676
223370
210494
223005
210334
224048
228776
227838
230276
229872
223498
223366
222828
227625
222580
222278
227366
223854
224146
227947
227582
229344
223049
222705
222078
227592
224265
210017
229078
229977
229146
224126
228946
220247
229416
229496
223001
220127
223937
228463
210390
229802
227260
223240
229217
220964
223243
223798
228212
222171
227780
222799
227807
210200
222296
229132
228170
222673
228456
223328
228536
228150
227567
223999
220611
229160
229351
229466
210215
228186
223303
228854
220077
228954
222948
230202
220307
222883
223595
227743
230289
227778
210450
227283
222647
229290
223502
227367
223529
210220
222469
222185
220693
223516
223744
227435
229753
229346
229481
229349
222671
229649
227801
222048
228020
228209
229108
220929
229387
220928
222327
210216
227961
223083
224395
222033
223144
227509
223409
224037
222754
210469
222159
228372
230166
228338
224188
228584
228705
227304
210089
230022
222728
210101
229971
229970
223234
227426
227308
229920
220936
227852
229636
228013
224237
228876
223638
223953
223544
224300
228477
222195
220665
210352
228899
229904
228042
228707
220103
229628
229575
223462
229084
222819
227486
229040
220794
229726
228497
222067
223683
228183
223330
229878
228852
229358
223893
227272
223099
220037
223991
228283
222001
220892
228256
220816
222282
228599
220081
210035
227609
230147
220131
222435
227781
222443
227443
229917
210064
229719
223912
220905
229576
228541
227533
210156
222507
223574
223877
229166
229638
220804
228453
229494
229591
210297
224187
229882
220092
230299
227311
229273
222375
222509
227579
230346
223971
229264
229581
228327
223513
222283
224421
222458
228995
210499
210465
228122
229761
222525
230192
229167
210453
230043
229709
220878
223550
223718
222995
220912
223922
228471
220829
220164
227615
228422
229832
229016
222332
222235
228932
222543
223775
228231
228833
229825
229038
228045
221950
221976
223753
224284
230141
223660
228441
221970
227994
229792
223662
229866
228348
210383
229104
228900
222217
227558
220971
227939
229116
229532
222156
223277
227715
228207
223086
223017
223742
229249
227570
223018
229693
222783
223867
220761
222932
222050
229788
228502
223326
222018
222810
228715
228322
227569
222404
229996
228518
220836
223610
229198
220082
227396
228429
228994
222565
222340
222872
229315
210151
227857
230309
210100
222000
224371
227642
229088
224409
223447
224184
210086
229234
230095
229785
228258
224073
223454
220874
228168
223052
229048
229183
223860
228382
223233
210203
210419
210219
220276
220969
220677
223025
222862
228591
228723
220970
227491
228907
229202
229186
229940
227544
228682
222424
229468
223297
220174
227988
220830
229448
223936
210470
229822
227403
222790
222993
220765
221981
223923
230271
228222
222262
227725
220070
210322
227273
222303
223011
228975
222094
229549
227900
228790
227956
229533
222771
230280
224352
229770
223264
227951
222082
222575
227981
229956
220636
210119
228845
227866
228312
228393
223788
222116
229663
210483
210124
223671
229068
224182
228922
223316
223095
223048
230328
230171
222642
228241
229909
210486
223448
222939
229286
222539
223562
229798
230263
223826
229027
223338
229724
220965
210049
220202
227942
222915
221967
223092
227261
228353
210079
220815
227551
222264
223639
228782
230104
229786
223802
227736
230278
228562
230016
223864
228468
223106
228527
224432
228431
210229
222914
230127
223573
229923
229618
228105
222919
210237
224320
228747
222207
223393
227469
223195
223120
229130
229945
230129
210249
220916
228208
229589
229321
220584
223512
223709
223681
220224
228888
223950
229362
222374
227757
228298
228425
223661
227464
222953
223673
222498
227657
224423
228016
227906
222120
220629
210123
228944
228559
223211
222209
223044
229354
223702
230110
229036
224034
229045
224249
220707
229192
229491
229086
220840
224332
224218
210482
223611
223558
223904
220262
223825
227595
229059
227297
228672
220876
230106
228660
222781
224142
210059
229309
227913
222908
227498
223208
220845
227719
220107
227773
222679
227453
222824
227992
220280
222324
223296
227456
228352
220027
222635
229906
230184
223895
229134
220652
223602
229609
228694
220608
222880
223772
223474
230303
230214
230111
228721
228007
230143
223239
230002
224394
227398
229657
227821
223791
230318
229478
229658
229484
220822
228216
223307
228278
229918
228473
222387
228062
228133
229525
224312
222178
223627
228992
223651
223131
210060
228285
222208
228838
228824
223228
210085
210488
220152
227792
230098
210001
227319
220216
222487
229795
210014
227686
223487
227363
222260
222524
228112
222221
223645
220733
220582
227738
229968
210463
229314
220595
230109
222119
223440
220738
228894
227501
222663
220277
229615
223903
210376
227596
228981
229482
220036
227315
220799
222763
220001
223878
223170
227259
210022
223422
229939
223746
223274
223958
223875
223020
222396
220934
227424
228504
210420
228244
210265
223666
228214
229984
210409
220862
220739
223586
227675
220961
223968
222267
230258
230169
227656
228466
227372
230090
222325
224176
227427
210332
228717
220832
227998
228778
220743
227813
220869
220269
220042
223224
222985
210020
229848
210185
222144
229625
224210
224006
222152
228675
210190
220112
227977
228111
229122
223741
223362
224281
227249
222307
223060
229114
228302
228266
228703
220114
210345
229283
222027
227262
224323
228332
229054
222963
210157
223658
222684
223180
220206
222361
223132
229075
222911
223801
228911
210179
223607
229483
223560
222326
229495
222711
224051
223166
228750
220984
210251
227325
229328
222587
220623
222476
227538
222874
228277
222646
222830
224018
223129
229323
222452
230316
230336
229845
228863
223511
227359
223679
222554
228910
223355
220201
222041
223535
227385
220278
223674
227839
223636
228210
228110
210056
220154
227402
224040
229439
227428
220898
229743
222091
222057
222730
223981
210169
229404
224069
227553
223175
230138
229908
228102
210193
229894
229236
223464
229382
224415
229240
222111
220944
210290
229682
228107
229507
228424
222390
210252
229250
229300
210448
222667
228057
220724
228955
228126
230222
227323
210445
224071
228199
227851
227984
210239
229417
222153
220941
220248
223398
228636
220147
228787
222305
220559
229083
228375
227810
229912
228362
222964
228503
223667
223528
223098
230042
220266
210061
220963
220857
228324
230023
223037
222334
220047
222367
229611
210171
227348
229020
223918
223710
224170
228036
222129
229665
223116
228575
229449
227299
229558
210331
223441
228447
227572
223743
227482
227932
210424
220809
229816
222859
227720
222798
222521
230126
227958
229871
228297
230216
220897
222988
222489
224068
210214
222226
210417
222181
223158
220086
229947
220681
228412
220811
229993
223531
229074
227980
228067
228178
223934
223232
210180
227614
229062
228573
228607
228487
229145
210167
228294
227384
222462
223346
227534
228887
210478
223004
210461
222274
223993
227952
220979
229619
228308
224410
223685
210125
223622
220545
227507
228551
229645
210147
223315
210413
220618
220806
223451
220791
220819
228582
228589
223849
222020
228711
228022
222038
230302
222039
227912
229924
220156
224141
223684
228610
220783
229690
229686
227289
222742
230139
228581
222803
227490
228974
229754
210164
229135
229627
227861
220149
227849
228594
224441
220820
222471
228644
224057
228192
220547
227888
220793
220203
229598
228512
220734
210338
230172
227966
229406
223333
228735
228360
229899
228449
223876
210062
229501
210008
229519
222672
230000
228108
224036
223804
228264
228696
228484
230205
228315
228561
224392
223783
210058
224422
222577
222242
227459
210309
228438
223818
223160
222753
229297
222053
223541
224108
227442
230072
228640
220835
223065
220113
229436
223703
223551
210367
210370
210228
227508
210456
222494
222777
220574
228103
222176
222087
222906
223924
220937
222942
210305
222786
210177
224196
224050
229851
223331
228789
229140
228409
227948
230056
223133
228793
223415
210479
227365
228316
228448
223244
227850
230161
229195
223805
210211
229986
222400
223247
210026
210120
230005
229642
228553
220719
228494
210285
220812
220243
229958
229117
222301
230320
230119
229432
210278
230287
227744
227337
227894
223534
224061
210333
229318
224328
229276
230293
224035
223585
210004
222022
220909
224331
223066
227346
228443
222451
220270
227338
222239
222534
222499
230174
222727
229600
224304
229184
223168
227520
228840
228077
229565
229378
221938
229391
223336
229518
222741
222237
227606
227674
227974
223624
220789
224161
210160
223319
228619
223538
210308
220573
224228
228357
220019
228179
223484
222342
220752
223565
223580
228508
228555
228196
222767
210068
228583
229338
228008
222485
229163
220182
228566
229635
223808
222002
230308
220764
210455
220977
229357
222062
223747
224174
210072
230297
221956
228175
228334
222644
222261
228390
224202
223765
220676
220191
223041
229634
223027
223992
229497
227785
223276
224401
210282
210175
220295
222298
222145
230025
227500
223842
229640
224257
227989
223563
230069
227727
222717
230084
227415
228087
220813
224095
228510
222818
220040
223620
223353
228056
228257
229880
228395
222624
229106
227301
224299
220814
228230
223226
224214
228749
230001
230115
222346
222924
228612
220561
230086
227276
230226
223399
230088
223127
228520
227689
220032
221978
224072
222726
229191
222080
222974
220868
223600
230305
230015
227654
228026
228479
224388
229461
224045
223980
230007
224038
228242
223100
222323
228710
223476
228034
229632
223656
229355
228781
230097
229433
223344
223291
230294
224351
224055
227670
224086
223306
223238
223231
220122
229893
224379
230245
220803
223911
224092
222021
224440
224014
220729
227885
230032
220973
229037
227880
229197
223285
220972
228952
220066
222579
224205
220095
228821
227803
222689
229683
222950
224268
224099
222928
223361
220746
227432
223773
222691
227485
228673
228307
210262
210028
227921
228984
220101
229317
230154
228678
223367
222104
229076
227358
223298
220598
210295
222308
228313
229716
222321
223410
229820
229306
228005
224311
227448
210110
223176
223280
230230
210296
223729
230071
220135
222959
227783
223836
223173
227708
229330
223388
222849
224261
224164
222826
223201
223885
220968
227684
228096
223780
228925
222958
222277
223834
222175
230132
210142
228701
220943
210428
223855
229672
223036
229233
230275
228908
223539
227816
230327
229736
227970
228291
227264
227386
230063
222927
224279
222965
228398
222352
210161
210084
229689
228846
228973
222757
210391
229370
220864
224368
229902
222409
210414
229889
223090
227525
220866
228119
210351
220983
229487
229865
227591
222557
227882
227692
223477
223222
224367
227277
222432
224267
228495
227379
210095
227522
228399
221974
228514
210270
229696
223510
210233
223259
223970
224123
229063
230006
230081
220802
224097
222468
220109
229438
229524
229336
222794
220670
222093
210036
228860
228226
229445
222850
228071
222807
210143
229582
222052
228813
230133
210250
230249
227784
222905
230037
223430
228839
223015
220718
224435
223868
210415
222312
222146
222831
210402
227503
230053
227518
230325
229385
228726
228181
222371
220150
228828
220671
229030
210481
220863
230329
222516
229998
210395
223349
222108
224400
220770
227340
210134
227709
227919
223073
220004
224103
222348
230179
222169
230073
220853
230227
228417
210259
220198
229410
223715
220285
220039
228288
227649
220167
228763
223750
210207
230051
230157
229278
230177
229694
210224
223632
228868
228720
223372
230292
229787
222863
229850
230290
220653
230159
221997
227710
223137
223880
220587
229033
223833
222426
222347
229443
220873
220603
229960
229486
223421
220762
228173
229372
227903
223030
220663
223566
230286
223281
227306
229262
222128
228046
228637
223154
228229
227953
222937
221996
224414
228645
230340
223467
223141
228997
229301
229835
222370
227267
227473
223267
228213
223699
229769
228006
223890
222846
230118
222455
222362
223134
222350
223518
227872
228041
228624
220075
229136
222240
228204
210144
222697
228032
220855
220554
227940
229296
222973
229952
230048
229959
220700
228515
220138
229579
229741
229678
220716
222463
222829
222975
229090
224322
228160
224294
222511
230344
229002
223856
223085
224033
220906
222232
229895
223797
229927
222527
220267
220179
220558
222113
228265
227892
222540
224337
222015
220667
210298
210087
222086
228247
227481
230114
223266
210348
229289
228309
230301
228688
224001
221998
222241
228472
220564
229311
224389
223407
228311
223076
220781
220058
224361
229853
210118
229464
224066
229099
228957
228434
227742
210209
224378
228023
223080
228638
230020
228905
229144
229733
230240
222488
224028
220162
229699
227380
224100
223687
229718
227968
222866
228632
227873
228454
228916
230011
222252
222333
222300
210238
227546
228593
220673
223452
222651
223763
229839
210310
224011
222453
227342
222281
227934
223564
224217
228895
220726
230255
222916
222166
229594
222248
229228
228920
230322
222132
220062
223637
227923
224116
228655
230195
222069
223162
222720
228363
229210
227294
222731
229123
224321
210324
224424
222902
229127
229430
220913
220935
223142
223295
223581
227263
229414
210150
222270
230225
224044
224089
229334
220106
227905
223567
223537
222881
228482
222517
229275
230334
222817
229933
222273
220310
227890
222097
227887
223236
228172
224319
222114
223389
210047
220725
222408
228829
228028
220776
210043
222123
228304
223310
227423
227364
224372
223492
222841
228380
229493
224263
229883
227511
223112
223029
223691
220621
223530
227875
224017
222530
222106
223424
227731
223770
229462
210133
210232
228450
222690
220588
223470
229018
229568
223946
224333
210459
210341
223582
228263
224154
220768
222236
223187
222808
222364
224436
229751
220171
223115
230167
229138
230333
222336
223900
228548
227505
223033
230324
230155
224309
229608
220021
224355
220234
227729
228430
228866
222247
210091
228010
223590
229353
222496
210197
227332
210210
229356
228063
222013
222482
223569
230100
222750
229842
222138
222331
210245
230191
227328
222968
224143
228643
229562
222839
227701
222214
222680
222259
224106
230113
228586
220089
220901
221960
223589
228903
228934
228368
230200
223964
228078
227917
220606
223966
223941
223152
222503
229216
210261
229966
224122
210114
229749
229514
220865
222805
228033
229320
210328
220213
210109
228432
228331
222251
229877
220748
223829
223153
228783
223219
223040
228467
230188
220148
224275
229219
224063
222661
223320
229800
228330
223712
222436
229623
210130
230186
220777
223072
228844
227954
227935
229974
220641
227751
222766
224131
227438
210487
230102
228418
228772
220144
228325
227949
223796
220645
229371
224190
228300
230233
224241
222838
223542
228633
223725
228462
229852
223026
227769
220553
223402
227869
220159
229015
223269
228991
228808
228296
223554
220881
210206
229509
220710
223117
228912
220659
229662
222101
220625
228792
229777
228926
223075
229421
223439
222344
222031
228427
220209
210472
229955
227754
229890
210272
230039
223384
228693
210173
220289
222699
227774
230253
222188
223251
220896
223061
228927
222951
230267
228389
229897
223381
224022
220654
223022
228987
228115
224140
222244
220291
228489
223739
228246
229783
229453
230282
222657
210368
229803
223646
210108
230065
228009
221971
229232
210476
229659
227470
222701
227883
224172
222096
230262
228602
222135
224046
223113
210495
210254
224296
210350
222549
227537
229287
223190
210097
230108
210231
223587
229667
220884
210148
228333
227777
224208
220268
230193
222561
227691
224020
210449
227765
220952
223822
229814
223350
223865
224139
220045
223110
229171
210300
210138
228739
223039
223717
210492
229590
228545
229070
229441
210012
228080
229281
227576
227836
222059
229128
229188
227898
220732
220638
229489
228124
229554
228143
223272
210387
228337
223294
230160
223605
224278
220870
222943
220730
224195
223570
227539
223341
229849
229303
210394
227390
222434
222465
222288
220686
229779
230080
222633
228136
227796
223494
220699
223010
227565
228767
230180
228240
222842
223322
222981
227831
222284
227581
220907
210438
220134
224130
223394
223103
229653
229207
220015
220717
229422
220647
220923
222044
223734
221005
228038
227588
210256
228804
222775
230313
227341
210023
221941
223114
228796
220950
229326
210040
223807
220703
222584
228250
228336
228273
222513
227748
222058
228014
223678
220104
220124
220888
228820
229891
227568
220321
223630
223101
210126
229836
224308
230050
229376
228470
229763
224209
223675
223193
222012
223432
229569
230228
227797
229892
228015
227587
222725
228237
224005
230215
229738
229295
224411
227964
220217
229392
227513
224329
227682
222871
222319
210314
230311
222376
223358
220016
224364
222444
210329
222167
210401
227983
228641
210421
230145
227806
228157
220684
223265
227666
228988
227904
224077
229079
229858
223777
228268
227425
222483
227730
220982
230068
230256
222638
210050
222428
223177
230135
227255
220183
220317
229983
228856
223815
220808
222227
228198
224383
223192
222230
222090
228414
222630
228595
228587
210107
230306
220708
227775
210432
220118
228445
210320
229473
227690
210027
223249
222170
229928
223145
229652
224313
227950
222437
223894
224235
227608
223325
227863
227307
227571
228577
220919
220688
228664
227702
228148
220192
227805
223848
227924
223866
229431
222956
229684
224008
210065
210088
222157
220546
220997
228162
222977
228070
222246
228295
220975
223105
220221
228248
223688
229397
229681
220689
230031
229797
228086
228144
222523
229543
230272
223205
210416
220072
220145
220644
210255
222190
223312
222490
228929
228898
228030
228634
228003
210284
220597
228913
223998
229643
228606
220849
229703
222205
222921
220798
220264
228950
222641
228235
228622
223682
224387
224173
230236
210275
228712
210257
220880
229570
229187
224160
223416
223803
229708
220301
223711
220885
210427
227908
220711
228305
221948
223928
227322
227734
230341
210154
222043
220742
220640
222140
229419
223799
224113
222249
210359
220578
220920
229901
228658
222713
227853
222649
223508
222873
228121
210092
227834
227891
230044
227623
220744
223884
220038
228321
229305
227874
223488
229151
223790
229152
230243
222084
210306
222421
221995
222900
222174
220609
222394
223373
227864
223305
227555
228596
223438
229592
223102
220838
229022
224193
227411
222733
222784
221982
220825
229900
224326
227451
228649
222075
229573
229804
222740
224059
221954
230058
229499
220697
229843
223225
229915
220599
222681
227879
229057
224289
220680
223456
229881
228011
222147
223167
229175
228611
222411
224082
223482
222309
222541
228654
229989
230120
210315
223245
229325
224147
228350
230283
223433
222397
229734
224148
227858
222860
228639
228834
223081
230251
229066
229907
230163
222072
220549
228867
223988
228613
227331
220664
220918
220258
220634
220233
220314
228631
210377
228140
229073
220894
227352
227517
229424
223919
223250
224393
228768
230264
210496
230003
229656
227632
228630
228385
222935
220859
229544
210360
224015
223757
220187
227388
227707
227918
222414
210263
228151
220322
227627
227339
223329
230266
223850
229957
223097
227697
228138
227471
222054
229580
222068
227963
228169
229403
229241
227475
228051
222103
222878
227982
227696
222051
223944
228238
228123
230028
227387
223769
223174
220136
220694
223599
223035
230117
227347
220589
223426
230045
223601
210149
223343
220908
224348
223871
223831
228968
224169
223962
222368
220685
227973
220035
223323
223453
222383
223292
220195
223766
224273
222403
222578
224186
223046
227287
229921
228780
222708
222907
229227
222640
224295
229826
224335
229810
220924
223921
228657
220715
223009
222837
229789
224343
229452
223293
220096
228342
227313
229226
230323
229808
228959
223505
223760
210344
227967
228805
224224
224431
230247
227859
210452
224021
228690
227557
227854
227737
222625
222070
222359
222551
222037
224377
210325
221983
229165
223425
220286
227772
222233
223290
228700
222569
223767
227575
229610
220810
210055
229467
229831
223640
228576
223165
229768
227812
227562
222314
222392
220769
230049
227526
222290
229293
229819
228806
227893
228642
210168
210293
224339
210371
223078
223164
227305
223956
220666
227499
227714
223123
220910
223289
228053
228093
210181
229948
210381
229256
227350
222847
224420
222714
223209
228532
229794
221935
223870
210405
229648
228275
223527
228415
228506
223837
229950
223591
228659
227474
229050
228801
228884
230201
223252
227292
222427
210493
228167
224419
229942
229408
229641
223084
228205
229427
222738
223811
220196
222028
222204
228685
230034
222076
224363
220691
223499
227556
229705
222225
220957
222997
220797
229720
223493
224362
228565
229327
227910
229869
223377
224098
210115
227336
228598
220125
227732
228037
227316
223414
223064
229740
222834
223736
227317
220612
210321
229485
227361
223194
227925
220308
222832
222712
228980
227960
220939
228962
223552
228874
228751
227756
228892
220600
221992
210066
228528
223549
222813
223253
210155
228114
220265
227687
223318
228236
222876
223501
220714
223768
224373
228996
210436
210280
210374
229224
222718
223198
228303
229953
222255
229089
228914
229193
228743
222245
229398
224305
220760
223814
223156
228060
222151
227811
222081
210410
227703
229809
223617
222923
229215
220259
228306
220067
223650
230099
223472
228039
227310
223461
224079
227421
227430
227941
223728
230107
222475
220893
223985
224107
220568
222546
228201
229660
210041
222662
229516
223485
228791
228276
220572
223714
227519
228366
210364
210442
227997
228604
220627
222910
229316
229039
222294
222405
222395
228830
229292
228795
221979
222391
223396
224399
227389
228379
220029
223623
229009
228725
222016
220557
223933
228697
229583
227846
222442
229739
224158
223975
210379
229245
222457
229261
227749
229029
229394
220824
220210
222380
223698
227401
229340
220947
228088
227468
222987
221953
224039
222073
210423
210443
220215
228407
224029
220856
229080
220990
224200
223382
227808
220576
223360
224252
228931
223915
210287
229805
223473
220003
229506
222967
227931
222505
229373
222358
210454
228475
228623
220642
229444
222648
220551
223909
229613
210349
228404
229302
224385
223902
222858
223695
222179
227809
229527
227815
220610
228486
221958
230070
223813
227566
210241
228286
222542
228882
230235
229572
229470
210187
220978
228986
223254
228200
220736
222110
210497
224234
227343
220942
227972
223705
222263
228274
223497
222687
222423
228652
229603
229932
222085
230257
229840
229154
230315
229931
228282
227335
229242
222219
229666
223199
210326
223143
210222
227406
220637
228552
224439
223879
229700
227622
221952
220315
223838
220178
222590
223732
227543
220166
222586
222477
220281
223761
222952
229299
228646
210146
220158
223155
223869
230181
229212
229437
229685
229534
222354
224318
223559
228740
228081
227788
229129
223652
223942
228550
230153
220778
210347
220172
227798
220257
224353
222748
223481
222707
227667
227962
222853
223214
220290
220858
223136
220296
230241
227907
210112
220751
228875
220063
224437
227583
210121
227620
228193
210307
223938
227957
210202
227506
223446
228683
222092
224350
230074
222049
228985
224324
223907
223665
220255
227835
229870
230298
222756
222304
222961
223356
223692
230150
230281
220245
223787
224074
220186
228187
224162
230229
230140
224104
230196
210467
221002
222706
223655
224280
230185
230136
210418
228516
229319
222369
210208
229243
220837
223521
229954
228095
229646
220615
227723
227309
229896
227593
220190
227280
220917
228689
228191
220577
229211
220018
222141
227979
227541
229095
223032
228509
224412
228243
223256
223707
227652
221944
229310
229013
229420
210480
223525
224359
229159
230096
228708
230194
228755
220132
227693
220649
224031
220994
228397
227584
230123
220128
229812
230168
222343
223109
223495
230014
222903
227630
220002
220785
228704
228358
229418
223606
224251
229614
223644
228171
220261
222180
222892
224269
229272
222506
222744
222566
223411
229143
222186
224165
210199
222163
228600
228681
228531
227441
229390
229199
210382
220117
223024
228859
223810
223401
220879
227514
227685
228857
227791
224425
210025
229031
224194
223972
210304
228746
229990
220731
229368
220220
220193
222946
229229
228786
222473
222276
228370
224229
223471
229455
222970
227493
224442
229731
224125
227699
222136
210183
224197
227712
210407
228976
220959
222162
210005
222773
227285
224232
223347
230244
227516
229113
220011
227417
224215
229898
220818
228849
228374
224183
223951
222698
229480
221934
223450
228728
228019
223268
222877
210403
229381
227256
229702
227436
229446
229204
210038
222420
220073
228064
224056
222822
229818
222532
229981
228618
227573
228227
210191
229490
223147
229778
223965
228128
223074
227504
222864
228519
228960
227646
223088
230027
223479
224227
223908
220948
223996
220720
220189
210081
223385
222857
227867
222351
227833
220987
229280
223300
222800
229807
224065
227616
223669
227300
229670
227600
220938
220766
229692
228906
228571
229168
229588
227762
210046
223221
223056
210184
222191
228027
230175
227915
220074
227728
222683
223288
222121
228182
229279
210071
229664
220055
220585
229274
229428
210248
220991
223806
222933
223218
230339
229407
230024
227542
229617
220057
229139
210011
228435
229596
223038
220288
229454
228716
223726
222201
228097
220120
228049
224138
220219
227664
229025
229606
210029
220240
223689
223555
227870
222944
228533
223721
224342
220616
229821
224407
222272
224083
223161
229253
210363
220882
228180
221963
210018
229024
224306
220105
222210
229069
222030
224091
229082
223437
222825
223395
222556
222655
227353
220570
224240
224081
227661
228314
229157
228526
227897
224192
227535
220256
221990
220079
220895
228378
229180
223740
227610
221991
222425
228648
222481
223719
223859
220053
229796
222143
222478
222789
228734
227446
223128
220293
227726
228113
227945
222297
223392
223533
230134
220996
222722
222962
230151
222306
227721
220208
224156
224135
228921
229946
223809
229109
220607
229185
229021
227395
227665
223952
223827
230173
220116
220932
228339
210268
223997
228869
230269
229729
223379
210380
210166
222047
220617
230211
222936
224007
227634
224060
220679
223443
220218
228079
220292
222762
228938
224207
229823
228923
223723
223308
228488
228864
222654
229246
228967
228161
223905
228444
228376
228969
229874
228223
224287
228206
222515
228779
228367
223378
228134
222285
220871
222385
228469
227819
210366
227326
230199
229343
210090
220986
223872
223821
224013
223111
223593
228963
229969
224390
224185
224303
223898
230213
222991
229916
229936
223730
227405
227355
220844
222480
230209
224317
227826
210145
230231
229855
220852
224288
223400
229119
221969
221959
229450
223050
220068
229457
210002
222317
227439
228729
228665
229767
224404
229447
222193
222947
210078
210039
223910
210500
223891
224047
221999
229072
223271
229118
229110
227270
223469
224093
220244
228807
224277
229360
222024
229173
227911
227580
230254
223722
228525
223405
228879
223404
229517
220594
220571
220126
222381
227827
228211
222678
227899
223302
228699
224118
230144
220974
223858
228460
210122
222158
229141
227936
222700
228871
222243
229561
222431
228939
227975
222809
224256
229673
222912
230093
210274
227477
228523
229205
224266
228355
227985
224255
220823
223354
222122
220817
222989
228287
229248
224325
224221
223063
223906
228609
230059
222357
227669
228085
229131
220727
222660
227574
222289
227636
229967
228942
210127
222780
228714
223023
210158
224369
220229
228870
228189
210404
223920
223058
222250
222112
228234
228364
222386
229172
229630
222439
229223
222398
229677
222537
222399
222764
223067
227959
210439
224416
224121
222693
222886
220142
228361
229730
228706
227462
222459
223435
228001
228507
222917
222194
223874
222377
222920
227621
224019
223724
222320
227856
229093
223237
230054
228129
220013
210471
223191
228592
220046
220030
229434
228281
229687
223861
220061
227655
223514
228446
210198
223301
223706
229179
229650
229764
222823
222007
228766
228202
229620
224248
227761
222412
228769
227832
230330
220998
229982
228106
229529
210217
222355
228320
220771
222972
223762
228511
223847
227450
229829
229707
227598
227452
227416
228118
222124
229926
223427
228702
223986
220992
223926
220272
220031
223423
223840
223748
222955
227818
224408
229762
210221
227694
222142
227755
220214
224330
210396
228228
210346
210474
224262
229539
220071
227487
223545
227878
224101
222925
222280
222779
210388
230187
227278
220312
223973
223034
220309
222547
222895
227604
223756
210015
221951
228872
230335
210195
227716
229791
222366
227351
227611
210269
223955
228947
210451
227461
223575
222581
230288
229712
222688
223653
224253
230130
220566
210054
220613
220052
222573
210468
229395
224152
229793
227782
227628
210385
222137
227460
224166
222833
223843
228742
221972
224327
228260
229937
228572
227419
222802
228982
223830
229811
227760
222639
222500
210165
227763
230105
227274
229379
228326
222632
223008
224341
222715
229047
224398
223794
223169
227683
227404
228436
222495
210489
222677
210162
229564
227590
228827
228154
210194
229389
228190
210475
227296
210063
224264
223886
223615
228797
227250
220706
222074
229472
223406
220639
220043
227344
210051
220024
229774
223223
222957
223126
228347
228405
229429
222279
228052
223754
223633
223357
220861
227479
222778
228165
229856
229593
222438
220153
228272
220662
222486
227445
210264
228059
222814
223649
222063
230203
228661
221968
222882
222949
227407
210213
222626
229857
220184
223130
230232
220967
230055
223613
228603
222115
229556
228757
223012
227549
229535
220721
227676
222844
229282
220661
224238
224220
228965
220796
229384
223532
230018
227578
227397
220927
227494
223690
220151
223594
222474
230019
228000
228461
222003
222328
229555
220017
222992
229178
227408
227548
227524
229531
222904
228220
224236
230038
228490
222345
223163
220155
222349
220591
229631
223260
210327
228549
229756
229732
223851
227495
222071
228153
224347
228554
229388
210007
227550
210258
228972
222747
228713
210009
210373
228359
229081
223140
222674
230300
222890
229553
228601
210159
227589
228442
229887
229523
228964
220222
222588
227876
222010
228215
222990
220069
223204
210498
222792
229071
220084
223882
222508
223286
210021
220740
220579
223735
220628
220860
223093
223135
228788
229775
221940
228761
227333
224226
223778
224366
229925
222293
220953
210431
227800
223943
223526
228388
229475
223547
223200
229425
220320
220698
210316
227324
223217
224204
223042
229905
224433
222077
223506
229046
228253
210163
220279
210429
223578
229644
220121
227658
220891
222253
223212
227704
227824
227631
210105
210242
229528
222066
220060
230248
227663
223616
229979
220750
222752
229746
229190
223183
228225
223146
228614
222692
223751
220678
220601
229004
229639
223571
220260
223021
220102
224124
228656
222036
228924
223119
223579
220094
228748
224025
223412
222999
220205
222109
228663
222401
229077
223311
228775
228254
230078
229041
227356
228048
227449
222198
230206
230087
222165
220682
223380
228245
222520
227529
222533
229153
220041
221001
222079
223031
223584
222046
230218
221984
227457
223261
222893
223786
230252
230026
223434
229352
228402
222161
228065
228674
223704
222548
221966
224291
230089
210106
229335
223149
220093
229884
224163
220749
224386
228762
221937
224293
223215
222006
223983
210330
229142
230350
230062
223634
222341
224090
230075
223334
223694
210010
230067
229837
224110
229456
223749
229621
228464
227644
228072
229477
229203
227937
222665
223369
222998
229601
223486
224012
220930
222901
228556
229023
228194
227705
228918
222238
227489
229992
220646
229359
222755
222820
223125
210291
230125
220263
222467
220250
210301
229612
210312
230017
230121
223317
227790
223696
227612
222719
222643
227713
228760
220311
220958
223708
222976
223374
222870
223186
222266
210045
223107
220235
223324
229304
222664
224167
222836
227927
229571
222620
220319
224254
221973
229944
227521
220177
223352
229500
224002
223077
228627
222797
223548
228188
229975
229771
230212
229032
223094
222749
222026
228386
220980
230291
223419
222652
210074
210030
229230
224168
210103
229221
210077
228219
229817
222555
223776
229459
223568
220575
229824
223596
223939
229713
228889
229026
223248
222788
210196
230197
220780
224270
223779
223789
224413
222356
227739
228770
230348
228794
223759
228340
222629
224191
223335
229587
230142
228686
229137
227373
210225
223504
223925
229313
223583
228239
224298
222479
210253
223672
228698
223138
228383
223429
229799
229405
228885
210243
228413
222945
223642
227528
223371
230004
230035
210246
222406
227265
220188
224370
228979
210362
210365
220683
228043
210397
227497
228319
229105
228983
230242
229508
220675
220834
227896
223365
223014
222173
227820
222061
228858
228109
230221
222065
223979
228369
227641
227444
223693
227399
220696
210422
228083
228651
228940
210271
229147
228356
224430
227794
220788
223676
222843
230092
220007
224119
228684
210398
228771
221957
223478
228951
224026
229244
228836
222552
220705
222164
220651
223844
228949
228993
222491
210311
229333
227257
220254
223608
230284
228323
222211
227817
222682
229913
230057
223737
222528
229757
229345
223151
228465
228279
227586
223914
220232
230164
228817
229604
220303
227454
227410
229213
220091
210386
228341
210289
210464
230268
222450
210182
220826
223995
229291
220550
220161
228626
228377
223648
229182
210136
229133
228826
210411
230204
223716
220108
229369
229980
229676
229218
222758
220253
228544
222941
222105
223984
210037
229742
227603
227295
229209
229399
227660
228569
222812
229426
224180
228270
220831
227741
227877
223314
228943
229347
224114
223104
220034
222172
222782
224004
223465
222212
220843
229000
228451
227496
222184
229841
222918
210140
229312
229065
229567
227930
223713
224315
220556
223781
222416
229005
220622
229380
223189
227745
222042
228774
229578
229102
227455
220911
228653
228819
227647
229125
220548
228671
210484
223959
220204
227747
210172
229498
229780
220993
220962
227302
210201
227944
228814
210462
220635
227463
210375
220674
220925
229220
228621
228998
229557
222704
224345
222856
222446
223059
228203
228534
222518
210044
220850
222220
228558
224381
230296
220722
220995
222739
224213
227698
220784
223459
228116
223663
227922
230182
210176
224285
224177
227480
228719
224219
228941
230259
228568
229997
229042
228117
222887
220228
227251
210372
222295
228915
222909
221980
222544
220758
220631
229934
228919
223824
222868
227943
227554
229669
229859
230047
220006
222793
229115
222969
223262
223670
229460
210117
227768
229552
223557
228617
227266
210342
228458
228752
229759
222867
223892
223321
229626
220747
228680
229502
230270
228851
228082
210339
228408
220110
227303
222484
220786
224292
228184
222529
228002
228842
220581
222095
229647
227825
227368
223543
227881
222675
229735
210223
222791
227440
222055
210104
228394
228909
222723
223241
224384
227279
220175
227418
227650
229655
230304
230101
220304
229111
210048
223457
223680
229723
222716
228074
222189
222931
227376
224067
223121
220632
223899
222100
228459
229838
228058
220867
227371
227329
223468
224336
229367
228217
222088
229012
220903
220886
230260
222117
220655
220828
223635
227282
222102
229423
210434
221961
222291
228076
222448
222622
227413
229479
228098
223612
228896
228535
228437
223079
223182
227626
227275
223284
223873
224094
227602
223386
229722
224242
228262
210013
222550
222470
229637
228543
229828
220083
210294
229758
223375
222139
227577
210399
220316
210354
210152
224340
227799
224247
228221
227314
227735
222017
223960
227700
220129
210485
227466
222014
224426
220704
220555
223522
230029
222694
228354
229963
210378
229563
229748
229806
210053
224246
220774
222979
222770
223626
221989
229170
228147
228094
227986
220119
230219
224391
220236
220921
228999
224375
224129
220050
227545
220989
222845
222373
222512
224144
229860
230342
220176
210227
227472
224070
210357
223181
222107
224151
230009
223444
222265
222666
220841
229097
227933
222229
228387
220890
223051
222851
210317
220713
230079
227672
224402
223654
228025
228492
227752
220160
227465
229994
229695
220022
223863
223368
228411
228629
228426
222089
223820
220168
220583
222984
223242
228878
229551
222891
227766
228299
222372
220842
229094
220297
228012
210205
229987
222292
223172
210102
229161
223784
223096
223889
228419
228579
227717
210447
228267
222045
220088
229008
228092
222196
223507
220687
223047
224382
223795
220899
220225
224111
227637
222009
220854
220926
222934
210384
220960
229126
210033
224009
227938
223668
220226
228343
228756
223483
224259
220241
222804
222531
222724
229711
227758
230237
222422
223974
227532
228676
222558
227447
210170
223196
224171
224087
227976
227645
230083
220695
228158
224115
227478
222384
230061
224365
220955
229520
229728
220170
227659
223540
223007
228301
223546
223720
220306
223003
222827
222571
228530
221945
222522
229085
228777
223304
229886
228233
229476
224354
223752
227357
229014
228474
222658
220085
210111
229196
222269
230021
222670
223342
230012
229522
229776
222493
224380
210277
229885
228100
222761
222854
222930
228588
228605
227293
228351
229112
228897
220745
228945
227965
229846
222922
210076
228141
227334
228139
228440
220231
222456
223062
230178
228090
210230
228137
210425
227955
220133
228381
224243
227844
223490
221985
230345
229124
227561
229177
220099
210441
227349
224260
223913
224084
220790
222821
229784
229717
228578
228695
229834
220100
222472
223629
228547
228505
223270
223947
220580
222729
220737
229962
230349
220643
229830
223500
222365
220795
223188
229929
228635
221965
223363
222634
220056
222736
228877
229505
220251
230310
222040
220212
220619
228847
228730
222668
223771
229007
227369
220299
220728
222008
227414
220690
224405
220165
227258
229624
223625
222801
230343
228310
223659
220900
220590
222149
223745
229011
229622
227254
229633
222855
224223
222795
229028
220648
210336
224406
224358
230274
222996
227884
223823
224137
210303
222659
210174
221977
227779
227433
227926
223273
210343
222545
227969
227987
229679
222502
229043
224120
228073
228810
229725
223657
224181
229010
229208
227605
229194
222746
220800
230152
222126
228948
229546
228384
227643
228917
222848
210153
228018
223279
227458
228880
223420
224276
222197
223124
228145
229288
220230
227617
223603
228142
229096
227842
220773
222526
221947
224102
229680
223628
227281
229691
228174
228021
220194
229440
229409
224053
228560
227829
228439
229365
223520
228400
228513
223246
228732
210247
227868
229442
223643
220915
223857
223839
227916
220005
227434
227253
228017
222322
227362
223852
230116
228135
223337
220763
222538
220586
223577
223990
220141
227330
228089
223782
223071
220287
228218
227298
223332
223896
223257
229174
220701
224149
228798
210260
229396
220023
222787
229541
228818
229752
223758
229158
220775
222621
223524
224041
223935
227619
220033
223157
229237
222419
230122
223340
222192
210075
230008
229465
210323
224376
223309
230064
229745
230158
229098
223969
227706
210412
222623
228855
222732
210052
228809
220139
228881
220756
223916
229941
227271
222035
222504
229965
228540
230046
227759
228765
230261
222702
229052
222433
229263
228365
229545
220274
223604
220999
220223
229091
229471
228055
222271
229061
223053
224245
228724
230217
229864
223961
228455
222168
229017
223118
224429
227929
