290047
250313
330712
230515
240204
250202
221397
230123
361727
300164
320512
210324
330693
240402
260361
320921
361506
360956
230483
321066
230413
330328
240177
230326
360850
210129
350086
361122
260002
320590
210394
360890
360034
270445
360048
210294
220510
230104
250186
290085
270123
221174
270509
230431
360161
361443
320407
361434
320517
250057
350015
320150
360393
220798
210454
290166
310170
220366
360258
270212
320543
240452
350441
210171
221398
300209
210262
300444
320190
220832
280218
310258
361628
221118
230146
250312
360220
310267
360176
270069
230020
330279
330643
310061
361524
320066
220360
360844
270129
360170
250023
361531
360758
300069
350154
360459
361245
300144
210166
220893
300015
270284
240246
350224
221316
250128
230410
210368
300047
220942
210268
230488
240411
361008
210316
230121
290107
270015
230224
300470
350194
260218
360199
300539
280066
361809
240059
360766
320209
361156
361079
230492
250095
360593
361819
270236
360377
270068
361735
220287
220141
230317
350352
240269
300500
220125
210275
210021
360752
361713
220717
240244
220250
300552
270188
300370
361910
280214
220228
240124
361406
320781
320500
220024
230396
290163
360638
350072
230026
360050
250082
360380
320131
330306
260346
310216
361613
290070
360456
221189
300148
221205
360222
300432
350164
360960
270041
350439
300381
321011
250026
350108
220821
350223
320025
220293
250345
221201
360211
360472
300411
330015
250081
280159
330740
320995
310253
360611
221135
350034
360500
350141
220765
380030
320544
361666
360019
300524
361503
310050
270372
220727
360853
210498
320905
310072
280103
330065
361907
310087
220871
240268
250064
280085
361392
321036
320839
280217
330086
320615
250374
330406
240018
330650
210328
330023
361403
320637
360601
350279
320016
230208
361924
310233
230015
360828
310174
260185
300303
361861
310223
360465
360314
360995
210337
361294
330340
361592
330529
240415
220498
210255
230503
280072
210464
330157
220159
350069
350041
361213
320667
260122
270019
240324
361768
290179
361948
360445
360246
210263
240080
300548
350132
350022
320650
270510
220329
330691
330321
361080
250048
221091
361362
361607
220682
320879
360598
270076
310164
250037
270381
320547
210257
320193
360653
361167
310212
330087
330032
220840
360007
290010
361212
310012
360508
300078
361756
250020
361903
230191
220104
250294
300233
330511
330093
210053
360721
330372
250131
360872
260300
300291
280176
221059
221167
220042
361333
230246
361086
230293
360128
360312
250254
380019
360094
360341
361657
221276
320823
320503
280014
320692
360613
361599
330233
270361
360390
250368
360122
361985
350448
221413
210156
360392
360530
320208
221138
220055
361614
320327
250009
361171
350150
300002
221422
350102
361296
330448
320989
230324
220680
300094
230166
240396
250169
310014
330590
330237
220949
310158
230311
300436
260191
320120
300021
360293
240036
270341
220945
300560
210258
220349
360308
250112
230227
220656
260356
320803
210211
330052
220926
360739
210117
240099
230319
361457
330470
210462
221361
250024
361071
320165
361302
300324
300569
330513
360379
280040
320010
240046
361551
320286
330336
300040
221094
220539
220129
320123
360355
260163
220273
361332
230533
230266
360897
270193
280039
360587
300249
230042
361835
320766
220212
300127
221373
350426
361034
220408
210387
360440
330299
230098
361036
260046
221196
240224
320724
260061
320053
221232
220481
360717
210114
360524
300367
240279
250159
210424
220801
361920
290139
210408
250408
210067
300473
321081
330413
320714
280233
270360
350048
270110
361048
350288
361336
350451
230394
320338
220236
280157
360408
280193
300535
360655
220270
250155
240172
320743
221012
360363
230144
270229
350331
220255
350075
270327
320166
360410
320125
320348
210202
310278
240122
320088
220818
260179
260079
361223
330651
360745
260087
350327
240306
250258
360557
330314
330580
361394
300169
330339
361216
330605
280132
320452
220089
230315
270230
330180
250111
230375
220640
270066
290016
220299
221267
220447
361146
320701
221043
361680
320135
260312
250407
380016
240220
320099
361189
210342
350364
210369
250354
361805
300044
220505
221251
300567
360646
250008
230136
320959
270132
210100
220198
320777
250194
210446
360359
220062
220997
350344
220672
310134
240322
210332
360075
361313
350026
300350
361915
320765
210249
240234
220275
350028
350268
361032
310189
250074
220066
380007
350135
330264
330040
220110
230489
280022
360744
250200
221156
290124
330629
240199
361412
210241
330405
320217
361238
220038
220136
210381
310001
320657
360986
350468
220964
230078
320992
361532
350315
360697
270042
360840
300362
230521
220193
360317
280058
320736
330142
240391
320866
320015
360751
221240
320807
240101
220704
300051
320907
210359
320697
350257
361640
300315
360951
360123
321044
361129
300241
350445
290007
270083
230514
230536
350273
320841
221226
220999
320686
330718
230196
230374
250332
360800
360383
210450
220699
220988
300103
250127
220702
220937
330315
320997
320320
230353
221412
361849
320706
230407
280226
300118
310177
330046
230007
270495
361383
300206
360213
320783
230023
220454
361621
360633
330154
330173
361449
240392
360423
360207
360776
280075
330230
250113
310273
330175
220668
270250
220378
360289
260085
320663
220679
350294
320138
360503
260350
330303
221275
321084
360957
320779
361415
300443
320483
361096
250369
320625
350214
330536
220103
320022
360360
240063
361337
361516
361987
360083
320304
320649
360694
360442
360328
280045
360311
230462
350152
361339
230081
260195
230449
360451
230381
330652
350495
360825
320242
220390
330519
280097
330106
300008
350319
330160
350036
320096
320328
360652
360345
260141
221022
230011
210254
221020
240440
320268
300455
290013
320520
360724
290076
310219
221183
320345
320787
320629
260023
320565
210162
320631
290069
350418
320417
290071
270302
320246
220925
350485
350171
350287
350354
240143
270077
290055
230018
270359
230460
210165
360953
220468
361281
361203
220054
300157
350376
221417
361831
320024
360966
210131
310262
350042
320045
230129
240446
361375
360808
321104
361456
361878
270347
350240
330620
320489
320149
360665
210375
240197
300012
320007
290093
220731
260055
361870
220521
260193
320711
240327
361297
350210
300273
230171
220071
361523
360224
350008
210398
221263
320160
330213
330425
260172
320747
361391
320791
250373
230029
210402
221089
361429
270161
221088
361894
360282
360845
361507
361181
220538
310016
360016
310036
310033
230092
361565
220072
240252
270365
240189
320594
361432
230310
320119
330334
230358
300592
361207
220218
230384
220221
361382
220060
221212
360629
240002
230354
360874
221408
330073
250366
260022
300332
310206
240045
221207
260207
330514
350160
210136
230128
330348
330344
330597
321000
300586
250196
330699
300349
270209
220529
220412
320470
300031
330056
350414
220455
221421
360759
300512
220693
360229
220475
230017
220554
330579
220973
360301
270401
320816
360912
300247
250078
250140
330696
220419
360295
221218
320281
330416
330061
260324
221126
210188
361005
300394
270353
210127
220790
220263
360805
210157
310235
260145
360904
280020
250098
210431
320440
240087
220340
221231
361984
310192
310312
330562
230461
230542
320516
361393
250308
240404
360934
240346
210168
360701
240026
210173
330033
230535
330407
360902
240280
300248
360984
270098
360811
250400
240191
360268
300252
321054
250316
220692
260204
360477
300364
270266
220443
320954
221393
260291
270487
360126
360644
290048
320916
220184
220823
210484
361455
221132
360648
210483
250013
220015
320184
361061
221348
361763
300057
230412
350377
360975
290151
350260
300388
360187
250123
260115
220388
350483
361848
361883
220920
361469
330329
320998
310188
320969
220127
330557
240111
360252
360192
260264
380001
361677
230184
210206
320237
380026
290014
221255
260082
330654
361141
360696
280188
300154
360193
320118
300519
210327
320749
230209
230288
260236
320559
361272
260084
360761
300024
330200
350237
360411
320296
320730
350131
220752
220637
361399
230068
360315
361284
350084
240174
330411
230474
280175
250356
361234
361741
221299
320725
220130
210197
360475
250088
321061
350461
361305
361426
320220
250150
310249
270088
230507
220998
270358
361117
330171
270447
220093
361804
310073
361365
220657
320163
360234
320346
210068
240266
310286
220946
221414
210029
361818
210234
360009
220805
361794
361646
320934
210036
310015
230395
360624
361852
230294
350337
300045
320069
210298
220453
240123
361724
230105
280152
300518
360120
220365
360815
360038
240385
300208
350024
280067
320402
220482
310280
350293
260238
300357
230240
230393
260098
330728
250102
361650
320673
361370
210047
330565
230124
350488
360950
360741
230120
220714
220297
361131
250241
270290
220839
210305
210028
220119
360104
280209
220847
280185
330220
300376
321097
330274
320270
240118
330008
310091
250286
360681
300578
330720
300189
361659
300543
220598
361761
321014
361688
260166
230167
230211
330245
300267
361315
240253
220282
360794
230086
260142
250061
290190
250199
361633
280223
240291
330671
320442
280038
361626
230359
361290
240017
360660
221295
220210
250001
320318
230398
300088
260073
230409
320668
270154
350394
270330
321070
270441
300108
361360
220756
320827
300095
280161
220576
230148
220289
330504
361148
330298
270324
361011
300243
220865
250091
220938
220031
300272
260306
270078
240423
300574
221396
321051
350317
220567
300282
240091
350196
350323
250034
320691
220940
300207
221260
361797
280163
360429
221176
220715
250072
360491
320224
221389
310298
330441
280111
360143
300170
260160
360080
300049
270192
210494
361125
220396
260250
330619
361642
320109
250398
220458
260295
220754
221093
250351
221248
330038
361405
310215
320297
290074
350425
220018
230141
300250
220952
290136
310187
230482
361902
310069
330208
270518
260054
330214
230228
250298
270216
210277
220216
210242
270047
230314
350249
260132
361617
220876
361840
310019
330577
300344
330382
321047
220568
310285
270276
310269
230524
360245
280092
360882
230194
250035
220980
280229
300142
361774
330676
361660
360271
210192
210175
360424
320983
310099
220856
360026
270354
360448
270023
220351
350137
210276
320021
320098
250247
240226
240035
270438
320072
320042
220915
361088
321090
300239
210243
310048
361158
220572
230321
210292
221019
320111
220615
250310
270009
210064
360970
321008
360481
210044
361116
330092
321056
250042
210432
210437
320353
361194
330600
360546
240120
361371
230229
360398
280042
300400
360855
300403
320232
210019
310060
230485
220323
320840
330403
310175
300314
221341
361388
320810
361363
240374
290121
210425
300510
270426
260128
230337
270369
330042
300582
220966
361175
300055
220826
260105
270444
220989
310074
210039
321006
310101
330049
230500
220111
360111
210380
240196
361169
330480
270491
320818
360415
260235
240330
260019
221368
230418
361520
360399
320795
270394
221401
221194
360708
270455
300321
240340
360354
230290
330104
220582
361268
220947
320310
270065
250105
360682
210404
310071
300172
320458
330101
361329
240079
221261
220560
230380
210334
240139
300158
220489
260257
210477
320755
240337
250154
361816
320784
220506
250397
210382
360310
210351
230303
250018
220116
320168
270481
361612
270243
270517
280174
220878
270089
300120
210111
330017
320622
350097
300481
320279
350244
361056
270502
210104
361862
350401
290011
361107
220978
300523
300299
321009
240109
260228
360029
360243
260215
220474
360658
270033
260360
350046
221311
361893
320388
330383
240405
360863
360419
330673
221036
360849
361662
220350
220092
210140
320836
360645
361241
330099
270082
230102
230360
360127
320906
221281
320733
221410
360826
361596
220863
240336
360389
270031
330179
270112
240071
290146
270350
320018
270468
361408
221254
220144
210128
361285
361353
310076
220575
360010
320630
280002
270437
321024
230297
330323
360628
320139
320588
300238
320645
361165
330655
330640
250121
220951
360361
270064
210261
221200
290059
221387
220629
330236
320511
290067
330254
250007
210051
361248
240108
220644
330122
270368
220284
220873
221305
230035
260043
210200
240399
220766
320869
221432
310303
210062
220452
330522
220222
310202
220182
220911
220518
360306
300366
360082
320299
360772
330755
321055
360973
220267
221238
260144
290104
210377
300308
280181
310259
240382
210310
230540
350456
310228
350351
350270
360619
320984
360003
310159
361877
360497
270342
260040
361170
361900
361982
330187
220400
330228
260266
221055
230414
330445
360077
350390
330263
360928
220778
360959
220480
300199
220117
300280
320633
221053
361510
221119
310138
240131
250153
350197
230421
320770
360005
240369
221211
230073
240187
320361
300516
290110
330005
350025
240376
270323
360670
260272
270081
350211
280208
300038
350204
300173
220047
230271
240429
320548
330162
320457
330163
230455
310160
320498
361767
320432
300428
360980
240377
210149
360235
360146
221009
210430
230130
210167
330587
330183
321085
300509
240319
220040
280140
260129
361569
240261
220424
240040
260120
360179
221170
240138
361687
221195
360698
221060
270499
221164
350477
260041
320101
270431
240033
260100
280182
220531
320507
220590
220385
310282
230349
320563
330618
360109
221082
360219
230072
300160
240200
350004
310104
360851
260024
320085
361168
360755
320368
220280
361463
230248
350040
280213
220027
361073
360974
250410
380017
361885
361842
320280
350423
240085
220112
330290
350228
361712
220088
230430
221065
221259
310051
250279
240233
220017
330450
300005
280016
350321
210320
230010
230118
300417
290025
250145
260089
320819
330201
260101
350252
320152
320957
210415
320883
260125
300397
260335
300067
330688
230281
330268
361316
240358
250402
360154
360516
360584
230089
320285
250003
210413
360707
290175
250144
330612
360519
330051
220837
361089
330136
360153
320090
270356
361674
300251
320177
300072
240451
361637
310029
230139
360040
350403
260039
300593
350292
230506
350206
230472
321040
270025
350494
350248
320776
320443
310271
240015
221315
350324
320009
330054
240044
220175
360893
361327
210367
320023
360347
360231
221237
300587
221035
221151
330491
220343
350010
221006
330439
310006
361310
300395
321101
330573
250395
290140
320337
240186
320214
360567
210335
221392
270413
210187
230335
320293
221247
260343
210330
221314
240056
280080
250191
361683
360351
360946
361606
221079
350105
250039
360623
321049
220046
360490
350333
240151
220339
320356
361891
300165
320917
320826
270187
250011
300570
290034
221168
330196
360006
361905
221336
221243
310088
220058
221214
300382
350346
210426
220499
220581
250004
330554
360316
250390
280187
361259
220706
300026
300083
230028
360296
220064
361841
270308
260252
320312
220300
360418
210442
361783
330447
360892
220292
260251
210179
300318
300486
350359
350114
270174
300534
230186
300175
320241
270439
270320
320315
361293
320478
220423
360051
250306
250273
361217
350251
210125
320897
210110
300112
360499
280046
350275
350250
221188
220914
320253
360101
270035
350431
300463
361708
320426
220799
220898
360441
220126
221100
361673
361343
240103
330625
220708
270380
360435
270375
221367
330653
330559
220138
361139
320688
320751
350343
320476
310021
220353
230427
361014
321005
360823
240137
270005
270314
320935
230272
361764
250094
300099
270166
240028
220747
220902
240389
221404
320530
330229
320529
230465
360218
280052
230473
260227
220484
221146
270053
240347
220977
361352
320481
221345
320210
280050
360232
361839
221229
230002
270144
320195
360990
290021
310129
320313
330617
361843
300378
350065
350016
310317
260062
300328
361645
250062
260174
320399
260270
360735
361276
220827
350387
360183
270326
350187
320960
350478
320050
270058
220444
330385
320048
350497
290073
220694
360378
330271
320479
300493
220456
361733
290155
350039
320574
220701
210399
270475
270470
330384
310100
220535
290130
330109
220691
220039
210491
310119
220589
220916
360548
210481
260135
330750
220361
250032
350088
280037
300554
361242
210163
361807
210460
250305
361090
210112
230532
361690
330224
300232
240104
300451
210037
230372
350276
221056
320773
320419
310296
320204
361119
350208
260328
300198
361855
270176
220537
220776
230277
361823
320026
350479
320558
360942
210218
320744
221279
320413
361739
220843
250070
290180
360362
320952
240052
220970
300422
220618
270321
270127
250301
240178
350303
270179
260294
240207
221355
280227
220816
220612
360881
330602
320347
250015
321003
330627
230044
250059
360186
361098
300491
210348
300064
270204
300259
300373
320949
260189
220153
220607
230464
270124
320437
220955
360045
210472
290091
330248
221175
230453
220918
220298
320798
360686
310066
220052
320254
321076
310247
220391
361084
320531
360437
360110
360510
220374
220243
220240
240228
270114
330394
320881
230173
350163
250229
240227
350419
270460
250320
361854
300492
210120
240325
220711
220578
260027
240031
210353
280119
230364
230239
230422
250248
230369
330137
210054
270109
330715
221069
320054
270055
260241
361627
260083
210018
221015
360350
310186
361021
220990
210378
330564
230076
300302
210436
220405
360911
280091
250240
230158
220806
320687
300270
230433
320212
350009
300131
210311
270285
240013
300416
310040
320051
330544
350381
220614
360729
221014
360955
250038
250107
260245
221063
320391
300505
240394
330630
361221
280062
240436
210031
350310
270137
270245
220171
330022
350225
250134
330216
230027
220757
240218
250168
240350
270392
210061
300027
221362
300146
360914
230382
240353
361942
320527
350199
361872
270050
220174
300218
361386
321102
330410
300464
320155
320533
310009
300454
320468
360831
220685
330555
270471
360702
320350
260281
320679
360513
230113
360573
320306
320451
221434
270115
300023
361548
270171
360710
350356
240326
250114
360651
250162
270328
250126
361572
330440
221376
220728
330219
350213
330547
300092
310110
320718
320357
310287
360158
250054
260301
320146
270143
350106
360843
361091
280031
260323
350233
220975
350029
230450
360119
270180
310236
360632
260047
221111
280118
310030
300277
220606
230090
250389
360286
320871
310199
290108
360165
230137
240320
361781
320893
220517
260102
300143
361609
250219
220195
361373
210146
230205
330273
361858
330324
300536
310058
270146
230265
361625
320011
310137
320199
270159
210251
230300
361722
220102
360257
330244
330158
350118
260280
240445
270037
230268
230182
360639
320275
250097
300557
300393
300429
250227
220901
361904
350396
221152
280073
260198
230365
320582
360160
330414
270403
220867
330041
220191
360536
330738
300058
330037
360756
280162
350261
250377
210160
300056
220905
270480
220203
300025
360575
360943
280141
230435
270338
260184
280011
300479
310131
361590
240384
320648
230527
361444
250353
221286
270210
360866
230313
360253
360839
320832
360430
260274
330674
230127
330107
230179
270457
250344
300071
320899
230508
300597
260273
330532
361742
210145
260112
360169
210150
320913
320455
300561
320551
361939
300297
360695
230379
360412
270257
360103
361556
230411
350463
300202
330723
230510
350070
360438
300212
360254
220561
360278
220295
320219
350480
240025
220707
300363
270224
360609
221070
220069
230157
270258
310315
320132
330707
250178
280160
230192
360227
350186
260352
330717
310221
270384
220449
220315
240166
321065
330412
260092
221301
361220
361367
361210
220792
350382
221077
220628
330331
250104
270196
330657
330722
361466
300245
300186
300224
230243
230456
230062
220743
361095
360938
210445
330493
330624
360366
320552
360971
220100
260057
360428
300033
230522
220741
330517
280093
270189
220410
361631
320825
330623
361504
290084
360948
330567
361340
360981
360397
240281
330516
240444
321083
220735
320712
290178
300583
290173
330355
250303
310007
250266
250066
300553
320466
360534
250262
361135
220494
260169
360352
260209
221008
240259
360558
240242
221139
360937
220688
221157
210486
250083
220355
361054
350284
250075
330388
220641
320948
330471
300141
220716
360427
320446
220652
270215
360861
310251
230150
320137
300413
270346
320834
360078
320523
240201
321108
320641
260359
320201
230340
260244
361317
320924
220448
330378
361979
270263
360264
240310
270462
361779
320213
361540
210102
300540
330746
220613
360385
360251
361513
330599
280143
300096
210271
280001
350236
361603
360118
270198
210001
300333
330181
250224
260331
210008
221233
210049
360566
360596
260133
310169
250173
220247
220124
320677
260156
240379
360470
361448
250288
361151
220128
260262
260307
230322
360868
361186
300459
330549
270312
310155
361422
220477
220393
260171
300405
361173
350384
220493
320102
300261
360353
220962
280220
230046
360792
240027
320474
350383
230140
290170
350110
360210
220065
361082
330593
320861
360421
220192
330721
350368
250163
220565
240009
360965
230050
240222
210493
310213
361670
270211
210267
210033
220163
230199
220033
221359
260265
290187
320800
350459
260077
221166
320225
361103
360244
220342
230169
310121
320900
240250
240110
250384
320586
230444
330609
320302
320124
250192
221423
350462
250006
230174
310094
250269
360817
360463
230477
260097
330096
230491
330139
220430
250156
310281
310225
230033
360494
360014
250324
260210
360929
220294
220737
330726
230119
320658
230236
250188
320441
361387
220411
210116
330523
210295
280055
360102
330427
221326
360168
270466
240348
270059
221085
260233
260256
230122
260153
360275
350062
230242
240437
360152
321042
310130
320716
210490
360197
220802
221250
350037
330700
361685
240216
250346
230231
320571
310059
320078
210105
250411
270479
210032
220202
220307
330576
320624
250193
220118
360917
361919
300448
360801
330539
361562
300374
240312
220995
250190
361020
360283
320044
300091
320927
290015
361729
240210
290118
361038
330594
320046
220152
330449
220496
330642
360556
360417
330498
210417
361172
230306
320662
220469
270283
210362
300469
270063
350309
210482
220779
320075
220274
300281
361954
320742
330727
361866
361499
220544
230108
320317
210448
270271
361108
230110
250321
230327
350238
220368
220855
350281
360190
330191
230162
220883
330247
361236
320329
270482
220508
210266
220921
270461
300544
300521
240313
220787
240195
230185
230116
250232
260034
320400
360446
310105
221344
290029
290081
220501
290186
220425
360518
260052
300115
290137
320243
220076
330703
350190
361759
220630
220431
210406
310314
250181
360329
250110
330202
220172
250264
220029
210201
361278
290116
360027
250342
280117
260242
300077
361395
361085
221002
210289
230534
300356
300075
220265
210078
320114
361202
361357
240406
320891
221265
221283
350400
240093
361368
230145
330423
210222
300387
360381
300107
270173
210121
220891
250222
360346
350149
300579
210350
360163
360923
270486
361751
360095
361214
221023
270488
330512
361070
221277
300466
361937
361604
330281
221323
260175
310313
330291
270133
210433
330203
240165
221284
260285
330401
361283
360204
250392
330719
320324
320247
280105
361049
210227
260170
350173
360044
220354
210212
330550
210401
250337
361042
270313
240295
360540
210181
240192
360857
250198
230342
270061
210030
320303
210244
270465
280084
210148
210076
320332
220051
350232
361846
320598
221280
320259
330424
220022
270116
270072
361655
330031
360829
220239
270307
260253
230401
361244
250206
220413
300210
260219
260036
240303
320067
360671
330189
310307
260007
361113
320126
220617
330307
240435
360736
300016
320319
250295
270272
240333
310057
250184
300386
230036
310261
360280
290161
360436
300263
361508
250277
330333
361800
360762
350089
320249
220437
310108
240231
320606
270213
330076
270507
310204
240016
360818
350311
320698
220290
220105
270217
360996
220504
270298
230351
240338
360737
361778
330140
240154
220048
310106
270428
210178
300034
250118
240380
260223
221107
320034
350465
330525
280008
310240
221360
360485
220090
361277
221033
230467
220260
361094
360290
330353
330733
350017
361349
280029
260208
221182
220462
220534
260017
350018
230400
300415
350438
220772
330648
210147
360626
221322
330483
250049
361699
260347
250361
360542
290176
210161
360927
260004
220669
330133
221031
240156
220003
350274
360527
250234
361163
361762
310234
310196
300439
320006
310238
320699
220371
361150
350487
220067
320675
240386
361101
220433
310205
300289
260298
320612
250028
330690
240004
361749
360501
350123
240455
361654
361309
361009
210014
260157
330431
350032
210478
330649
380002
320014
360036
350198
320925
230095
270515
350436
220836
350175
270208
221186
300229
280017
230233
270141
240074
361006
210315
221294
230497
250165
320003
361899
360017
330468
221269
230363
240090
220570
360869
360600
220605
350357
361205
360023
250318
360025
220246
220114
221116
330152
220586
360782
361104
270181
210077
300090
350373
360059
300348
230226
220140
361570
361757
320322
230526
360217
330207
280136
330195
250371
250214
230094
270090
300264
300236
310075
220666
210141
280021
300442
240431
240345
330368
300285
300392
220238
330713
221005
330607
230133
300290
220532
360889
361908
330312
260249
260202
221292
320485
360585
220943
330253
250363
330267
361298
361636
221319
250025
260161
310140
300431
330524
361334
250204
250365
260031
350474
220465
300468
260220
250381
250171
260035
240366
260010
310102
361810
220890
361771
361262
350308
290134
220409
230147
350234
220442
320676
220721
300525
361438
210281
330358
220850
320127
210091
360260
250300
320147
221298
330063
210035
320505
230347
300461
250203
360405
330341
360157
320655
321032
230276
220523
320187
361897
210395
320926
320377
310083
320170
310165
240378
320848
290105
330029
310078
360588
220730
270091
260278
300188
300295
330747
361003
330708
350125
361901
220782
330472
361237
320364
230005
330020
330387
320809
240039
320421
330367
361716
220773
350076
350340
270362
280158
300053
250237
320842
360106
320844
220895
250283
221051
221330
360422
360846
210193
360068
230428
240365
220434
221394
220099
330581
220439
250212
221436
310230
260224
221309
221374
330502
361865
290185
330338
270186
221403
330489
260113
350291
321069
350222
320425
350301
350449
361535
350078
270343
300359
350074
230494
250215
290119
240048
320167
360746
210177
220686
260069
320863
290017
210339
361871
221384
350031
310153
240092
270434
210469
210329
270301
361868
270104
350136
220502
361321
350444
270333
250233
280216
361425
320944
350085
210321
220624
221270
221034
360859
210285
220788
210115
361043
360309
280035
220403
220519
320722
230511
210288
320464
270099
330050
260313
320980
361260
320194
230189
300048
220021
361081
310023
320651
300278
270017
260289
221241
240162
310039
210308
321088
320829
330083
300447
310293
350107
210479
310246
210373
220169
350145
361826
220398
330628
210174
250055
350447
320880
270377
210272
240100
220230
350484
221369
240076
220662
320577
360081
360854
240229
240341
300572
220303
361255
240449
300226
220254
240311
300306
361811
220362
360144
360618
360370
300430
230408
320674
350047
221172
260095
220819
220859
361414
330509
270163
220334
210296
250103
270153
250261
361447
330366
350412
350367
320037
320395
210011
320988
220143
240112
210336
321026
320062
360256
350052
300305
220643
350429
350334
350493
361484
230545
290158
350289
310266
230388
360205
220524
361608
250176
260190
330070
330309
361752
221338
350053
310299
221327
300588
360406
350100
221424
350335
210025
280007
221160
361160
220485
361706
221224
221378
350391
330048
361709
360464
360539
330350
260005
350122
250225
360382
360819
360810
310316
361176
320422
220070
360569
300542
221084
361378
320946
221106
240128
320740
270318
320605
330349
361820
210333
320047
230003
230057
361547
220170
240078
220376
280156
210050
361958
290162
360920
310062
350297
321106
361936
310147
361204
250124
361594
360663
220622
330002
220892
230279
250210
300391
270046
330461
260074
221032
300595
300079
350143
300360
360591
320071
250087
330635
300541
220050
270131
361558
220487
221013
361895
270282
360409
350002
240297
270348
321071
350098
250223
270516
360184
320274
350126
321015
321064
220584
210279
221007
270505
280127
361682
360864
321021
210468
350300
361027
330085
360171
270169
330130
221217
240450
330702
220199
360865
290026
290127
280078
300122
330716
361419
361567
230021
361571
221192
240145
360778
220338
321067
260279
320385
221169
220633
360555
230420
220261
220634
240418
210325
230316
330379
250304
220467
240089
240370
220930
360237
321078
320236
220546
220332
270292
300129
230336
250246
330563
360748
240387
221213
220157
361016
220014
320540
360248
300217
350295
361889
230111
221163
220061
230312
330637
330725
350087
361114
270158
350129
221058
361040
361850
300163
240088
230525
240176
280147
260322
220673
360793
250208
270496
270311
320309
260137
221219
330752
300111
270443
260288
290038
320134
270424
300254
330464
221357
330484
260199
310097
270430
320416
300106
300522
220661
270416
280088
310226
330322
210097
320384
250285
270383
360884
270459
250051
270427
270103
300063
220463
350393
260065
221364
360325
361198
360743
360474
360032
360806
361731
220562
360578
270332
361968
280059
350469
360215
220814
220446
210108
360015
210158
221129
330644
320164
330003
330527
300358
361397
361218
250334
221234
320339
221038
360565
220646
310041
360061
240247
220525
221202
260221
360816
360414
320964
230216
320344
321018
210208
320719
350342
240349
350347
360469
220583
361704
360011
270339
210205
280044
221293
220804
361489
310003
350407
240251
320206
360114
361318
360559
220540
330190
210307
210374
250071
360263
220179
360236
270287
210122
360541
280077
220417
330409
360225
350096
220045
240070
300399
330176
330499
330391
361440
320685
310302
330072
320634
320561
250047
360037
330658
320105
230448
310291
350221
360903
330337
210210
320181
330466
220416
361575
320196
360699
230509
360108
280079
360886
360200
220789
290053
240130
320335
210089
250063
360294
290065
220364
320727
360239
320238
320488
320528
320745
361760
350243
221253
230164
320267
350060
320107
330351
360554
220373
260222
360731
361792
220155
221313
330646
220415
320028
321087
360334
310111
290153
221198
280200
220744
220611
210135
330371
210301
320266
330080
220317
361401
230091
280234
300086
330310
360292
361814
350458
260056
310252
220389
210497
360821
250175
260009
221134
360042
220796
360052
240073
220387
361884
270405
250197
210284
300372
250099
221050
290189
290090
210041
220594
320140
361568
270304
350283
270039
230064
260290
310309
330150
270508
260168
361755
220591
280101
360173
361201
360323
220086
321016
330199
280189
320867
250201
221066
220533
360467
221148
220486
280122
230445
240217
220655
280170
221133
250302
360141
260143
361620
320994
310173
360918
321092
330711
220761
310139
360133
270408
250166
360830
361320
240270
210151
290138
361715
220972
260013
280194
270395
290109
230126
240065
270036
360505
230528
221335
361497
260158
210326
360471
210004
260118
360834
320333
280180
360822
320607
230499
221278
270164
290168
240232
240309
210005
310010
320958
350140
210026
230402
260154
280215
361845
220645
221131
330276
230255
230083
330404
330432
360961
210370
270407
260021
310043
361087
361921
360223
220028
320093
220380
360650
361341
221179
310168
320804
330332
300138
360174
210366
280060
221203
221328
210388
300365
221122
220912
250281
210386
270092
230114
210429
280221
361159
240323
220201
361299
330396
360336
350051
350486
270451
260239
300325
310045
221208
310260
240287
330745
230275
240066
360262
270309
310201
210392
250413
220330
240225
240359
220019
220597
361574
330088
250161
270232
360249
220266
361430
230397
240209
360726
360331
350420
210086
250115
320153
360685
230454
210306
260080
310255
300327
221262
361200
230097
330538
360921
221391
270155
320292
240286
210314
221329
300354
260091
360583
361555
210126
320321
260354
320785
270452
320493
310053
320371
321068
260086
360279
361123
330235
210269
270373
350203
360988
300133
330147
320786
220745
210421
360779
220500
320601
330166
250043
270366
361509
210138
221024
210423
240441
360069
360680
310046
360030
361193
220010
361437
350230
250257
350269
220774
360622
210489
350209
300054
360595
250207
220451
320975
300368
320049
230480
330732
310098
320284
220043
320761
280005
330108
330584
320799
350296
330045
210245
270201
221333
310028
360924
220209
270511
310229
330250
330363
300039
350059
320173
330497
330030
220161
360480
330714
230252
350139
250403
260254
350457
270049
360531
350134
360167
290144
350320
360526
220979
220909
220555
350433
221290
320260
361785
361239
221113
320036
270303
330438
250393
220746
350259
300389
220085
350007
221349
300550
230152
310095
330016
360750
360576
250142
270253
240420
320759
220427
310096
360962
230004
360304
300237
330647
260261
210024
330318
360998
360672
210012
221096
210317
240144
220729
240361
270152
330302
320230
320200
360201
360039
380032
330386
350306
280164
221418
270458
300105
330510
260320
360054
350350
360522
221143
320986
220154
270056
220976
330393
350428
361265
361311
361326
220908
350304
260159
210400
220253
360549
360637
360202
230115
320095
361413
230331
220219
270264
210095
360012
350395
330148
240316
230270
320918
361464
360057
300375
310243
290086
361179
221046
350101
210452
320406
320855
310300
320690
220700
320939
350241
230151
360367
310055
330603
360877
260088
320183
310304
360784
250322
300145
310031
330013
220648
220675
240290
320434
210356
330079
280094
220600
260173
270022
321072
240398
221178
300503
320261
350172
361301
280098
320070
361488
320908
220587
220512
360303
320857
280146
250265
361471
321080
360899
330541
300474
330135
220870
290080
210500
230330
361832
220313
320708
260032
360568
360875
360196
270503
280224
290125
360586
320694
260255
360139
360148
250218
220139
321057
360667
221353
330454
361328
300017
310256
250157
210343
270157
210107
360582
320768
310085
321034
361528
360992
360649
280201
360947
280087
230051
350020
361564
320480
320305
280184
240288
330492
330398
220073
260187
220795
230082
220874
361157
220514
221222
330144
380014
320148
270288
230538
210191
320255
230107
330742
280199
250016
250271
360096
360041
210020
360657
361940
220866
240459
300589
221102
361780
320374
270423
330515
320870
361060
310156
221307
250146
350378
300006
320578
360182
280177
230039
320521
350329
220479
361860
240307
360552
361483
330462
320647
310195
270002
361486
320764
361972
270028
220087
230009
300286
320197
360814
270051
260258
361694
330354
220013
330078
220733
330149
360452
220151
300257
360896
350183
361770
330206
270135
360297
330433
270299
330408
250152
361869
220148
230079
220927
320738
350103
220957
220145
320965
330111
230440
350442
360520
210376
270225
320017
260342
221187
360189
320171
240116
330735
220158
360004
310172
230172
360785
350226
220035
361149
361476
230071
321031
220241
250367
360356
350077
250405
220450
280013
260271
361064
220681
240171
330734
300231
330044
300061
320557
360753
320754
260340
220002
320963
250221
220626
250045
240352
360887
220563
220775
330477
240075
220593
360330
361719
330553
361325
300128
300244
350406
320058
330428
230178
320027
320340
300265
350044
220311
230201
210338
320955
330588
320412
320379
360371
250056
220248
230030
220180
360560
230373
361100
361656
221350
240278
220971
360858
230117
330255
220207
210214
310220
240041
360571
320928
310090
300571
220868
270247
320850
250014
361490
361529
320851
220420
290135
210270
360551
280195
360461
361219
360954
320087
221419
230245
270506
300331
380006
330534
310227
320290
210096
330012
361880
221001
330295
310047
350332
280003
320790
360396
330710
360994
320497
330210
221415
310141
310176
361411
220049
210002
330265
320593
310150
350195
310024
360226
270097
330616
270279
361707
280095
290089
330400
330748
320289
320608
230001
330269
360288
360804
220768
361788
361120
320089
330435
220225
360486
361964
270393
330490
270195
360300
361702
360625
250076
270006
260053
330261
290113
210467
320700
290018
230346
220740
310305
321079
210176
280028
220751
310135
260349
320878
360615
210309
361663
300499
280231
300580
320029
220907
310149
220296
260334
290174
361136
361787
300036
210022
361482
290001
220372
250256
240069
330283
330485
361825
220322
320233
320133
210009
330259
220113
270316
220830
260296
320473
220235
300576
361424
320728
361686
270483
300508
321025
360852
361067
360837
360547
220392
300060
321077
210238
360400
250119
230176
320775
360483
210273
360757
310070
330739
300555
360466
240219
250017
361331
220889
360130
360991
320052
240271
250360
220724
350392
350413
220200
220245
220886
360895
361377
280124
360734
220797
300256
360084
220659
240102
210287
361253
210379
220750
300293
210248
360742
320996
250242
361619
300425
220928
361402
350432
350167
360337
221206
220860
361250
320599
330578
300577
330639
210357
330543
270007
361838
230493
240332
320573
221437
360332
330592
210265
360813
290157
260072
210331
250299
360703
210363
220888
220108
320545
361675
361459
361789
361164
350272
320703
260299
210196
280142
221407
361227
300495
220689
240190
361057
300274
300408
320911
230215
350109
350355
320849
350142
260314
250347
360972
210349
350200
350014
300029
330301
320572
300336
320057
220897
270261
220608
320678
220429
300458
250274
330011
270183
330500
220095
240447
321002
230502
221180
320192
320234
220961
350159
330526
210422
210340
210027
300438
320536
290041
210453
360020
361058
270448
250029
280063
320341
240258
330402
310148
290051
230517
220333
330451
320929
230541
360532
320244
360100
280024
260267
280069
230323
221427
221045
220939
360824
320614
220516
221431
230202
361822
300028
361018
300434
330118
360209
361279
240007
270322
360939
361593
360431
270012
320174
230230
320801
320323
361518
320894
240296
270297
220426
270175
361468
221380
360449
361515
220370
270270
360688
350417
320758
361304
321050
350019
260339
270160
321013
330145
240107
320873
361851
230259
280041
310276
210473
360860
221185
330097
320938
210322
320872
250330
230273
240152
361450
250069
361773
330359
350348
250359
360687
300182
360719
361906
220507
350035
290101
330270
330185
210132
220596
360797
300406
220919
361740
280222
230305
240275
310167
310151
330370
320962
330503
270203
360709
360401
320603
221406
250280
360774
360420
300355
240163
320205
221271
220748
240067
221297
300419
220660
350360
360627
310005
240293
240425
240032
361215
350091
270194
300435
260333
350388
361389
320396
350080
210458
250287
230060
270493
270200
320418
250141
330508
310017
330596
320569
240188
221331
310162
320585
350178
360725
210347
250290
220602
240354
240167
320672
230063
290036
360607
350045
250096
320756
221351
220326
270251
260186
260269
330278
360125
280183
221017
310210
300151
320771
350023
250031
221386
360001
240263
250041
220382
330067
250327
221342
220414
361323
360364
320039
270134
230155
260099
361766
300471
270504
320463
361896
310054
250238
320774
361705
310128
330737
210190
230436
290165
350262
230424
350093
220967
221268
320459
220432
210094
361452
280019
310034
230253
360498
300427
210063
220695
220705
290181
220224
320491
361264
300132
350361
220571
221346
321089
360233
270432
221274
250372
220176
361102
330697
320156
270262
350454
270239
310294
360374
320922
320760
270168
360978
220217
240194
361209
270485
260181
250137
220097
270315
361051
230047
260234
221343
280027
330610
210169
330240
220559
360277
330452
330369
300043
361543
361380
220318
240126
361266
320609
360636
250309
221199
320977
210361
360285
270126
221004
220984
361472
360550
320613
310166
320499
270074
361417
300228
330362
350307
210449
360922
361597
330327
330114
361346
320433
230389
350033
250040
210066
310008
330105
320020
330751
300490
320462
270472
240328
320387
220906
320240
321045
300098
320115
320342
350021
250260
220421
240203
220653
260155
270325
270296
360941
270319
280108
350330
240133
361988
240173
280121
300097
210323
210203
221123
240134
361676
240019
250085
361611
221320
330009
240298
320410
320940
350302
270029
360322
361537
210106
300192
221242
320229
220625
300185
260018
320273
221285
320811
320283
361692
300150
320726
240083
360521
210034
330178
270244
250350
250236
300412
330239
220401
270249
210385
300440
320258
240206
361342
360544
320966
360842
240215
210184
210144
380027
320611
210451
240375
360908
360979
230505
300426
361615
221030
360240
230235
360987
361050
220983
300073
360177
240184
320549
320211
230406
220106
321038
260149
220325
360131
360372
260336
360261
260196
360796
360274
221370
220369
230415
220812
360871
350380
270446
220094
260214
360426
280054
221334
210384
330112
220397
360386
360733
230495
250291
300568
320444
350427
250164
260003
220857
210139
220185
320231
310107
350366
361813
220548
270331
230066
310025
320746
361127
360035
360621
361002
330305
310203
210045
320031
350267
210226
270349
320349
360259
290056
240121
220849
230405
230012
230287
230219
361099
360977
260268
230425
300581
290177
221366
330251
330475
310179
361478
210119
330095
210250
360333
300559
230022
320445
320269
360985
230024
221120
270121
300475
290004
240115
360809
361076
361128
330397
220825
210083
230181
361307
360136
300190
300316
280135
250211
220025
220509
220936
260081
270167
210217
321074
221125
350247
320635
260042
280145
361251
240179
220075
270128
350027
270329
360489
250370
321063
361199
360720
300477
320710
330418
220781
220992
221057
221128
360055
350092
210075
221371
320112
320376
221264
220783
210228
361007
280018
330560
361145
320185
330004
300279
310136
300338
320619
360164
221021
330193
260119
240321
260232
290092
240168
221339
361185
360935
210207
320632
220650
360915
221078
220636
320546
321098
210480
360764
230258
320570
221429
270177
330277
330064
220739
320628
290188
270397
230135
270054
230345
300100
290050
361178
360433
230168
221244
250268
220723
330467
360594
360643
230546
350201
361525
270178
300082
330374
300187
300013
220115
240318
240153
230261
350165
360790
221204
350328
361465
230087
210220
280169
230165
330221
240051
220407
250139
220337
210071
260303
330481
361077
221003
361888
350424
330127
280071
310211
361505
350253
210360
320859
310283
290133
361063
250267
361966
230041
361971
230463
230513
250278
240175
320064
320454
270190
220969
270400
330345
220858
300114
221087
230332
300549
330395
321001
330389
230214
330636
330192
350082
320847
310185
260308
210237
330675
350363
310183
220956
220718
360930
321099
270038
320002
260243
320942
290052
290154
240277
270305
240205
360453
320910
310264
360878
330246
290032
290020
350063
210109
360434
320311
300485
220078
310052
320951
330055
210418
330741
330586
260319
221245
360905
221127
361273
361557
240403
240011
260106
220259
310306
221158
220309
250125
220344
270149
360635
221114
360730
310049
270388
360375
260363
350280
361115
350405
320806
360093
221332
230307
220459
310244
270497
361069
220279
350119
320012
320794
320973
230159
250093
220649
360683
361045
360674
300511
250382
320360
220422
230132
240185
300456
320117
330014
290099
240417
260311
260282
300301
230006
361335
280196
360833
210225
260093
360495
220316
360076
361140
361154
260182
230077
220162
240301
220621
210252
330243
280034
220160
361230
320587
330058
270237
210090
210056
240257
360692
350158
220473
361427
320538
380004
361270
320982
350205
220511
300076
361533
300176
220887
270235
361956
361137
310064
361981
361641
280065
321073
210397
360894
360335
230325
310301
330151
230544
290156
221011
221409
360579
230190
360053
210304
220306
310067
240182
360046
360194
300074
360608
360049
230471
321095
361428
300018
300011
360073
330706
361577
320222
360718
230206
210411
290075
270140
221108
230070
220784
300268
360066
260246
330608
330077
350499
210419
221220
361580
361873
360487
220358
260038
300556
240213
310250
320610
270382
330252
361824
330256
210297
220030
360320
210463
330685
290049
260028
380011
221083
360528
360492
361162
240360
240419
210352
320670
350464
250158
320993
361396
300353
320331
360958
250052
360091
210291
280173
220436
240117
270024
321059
210093
210060
361066
330156
310182
240241
330169
310145
361643
330028
310084
270093
320032
330542
300102
210247
330469
361689
361911
361421
320392
230134
250275
221435
330548
310157
240372
290120
361224
321019
210256
300110
270449
230284
220121
321100
230390
300564
221439
240292
330275
260329
220177
220272
270464
260126
321103
380029
300065
220491
220220
361182
250319
360496
330006
260066
360113
230451
210485
320506
220032
361952
250046
221249
360321
270100
330537
361252
230217
300222
361303
361714
300528
330583
220308
230531
220131
361667
221372
350500
230038
250174
280049
330694
361875
221028
361017
220603
360780
221105
350421
320449
350168
221324
230045
300453
361267
230280
360909
361097
250148
320757
310289
260048
220190
320778
361254
320362
221282
221140
220736
210099
310194
230084
210465
361134
361717
230213
350290
360368
220341
280171
330131
320436
310237
361126
320288
360679
330568
320401
300584
300179
360214
270286
361664
221310
360284
230429
310197
240086
320620
350217
220552
290112
360982
330262
230131
270269
220759
260330
320884
350116
320390
220654
220402
230361
260107
300420
290122
360704
230014
240236
360604
361691
230286
361581
320991
260029
280139
360789
330143
270095
330473
220991
290063
350067
360447
210286
361033
230222
361600
320889
360631
240142
360018
250315
290152
220211
361563
270352
320370
260237
220742
361324
360395
221115
330606
210403
320864
260124
360802
250249
221048
361044
300113
361588
270125
220233
230198
360387
361803
270085
360949
210164
260148
220710
280006
210185
320860
330168
280033
250326
280015
361545
360307
361821
360525
360112
210488
330589
360553
330392
221438
330687
330288
220081
220291
320239
310295
320976
321086
360641
270391
310077
270378
310011
210079
360976
230225
380008
210040
320591
270118
221272
361698
210101
330170
260075
320919
220178
330141
330681
240061
270498
221026
300214
220904
230031
360689
270280
330561
220879
260247
360676
280102
221381
310254
210073
210231
240344
350371
210299
220399
280207
240314
210153
350095
270421
360605
360357
320218
260012
320169
361616
210475
250399
350094
240049
361521
240008
300380
290054
360298
221155
361112
330465
360507
360203
240315
240302
210143
240164
230371
330113
210495
350111
320121
300197
300284
361271
350285
260326
260275
320393
210396
250182
361191
300489
361595
220001
320838
330068
220954
220381
361274
360599
220968
260150
360760
250375
360212
280100
330217
330695
310113
230348
330138
220698
310270
210023
270474
320055
250401
320643
260337
360589
320251
361711
310209
361330
220336
330434
210017
230274
280206
330753
260044
310284
361983
220842
350193
361879
320895
350005
330090
280070
260351
210440
210007
321004
250030
250343
300591
321017
300085
220379
220703
240381
220278
250406
310207
360634
220763
361947
361867
220037
220011
330375
300121
360241
361358
250341
330075
360512
300101
280205
360085
350375
230067
320291
240364
360614
320956
250090
330521
350422
360450
300020
250349
270079
220828
260151
230220
320904
221230
310079
270084
310290
270020
320404
320358
220135
320589
270197
240029
361030
221411
330479
361110
220168
360919
300398
360443
320157
330231
310222
330444
280179
310086
221072
330731
361730
280191
330638
321043
210434
320828
220406
360577
230096
320597
361623
210461
361364
210282
270136
220588
300341
360407
320179
240001
290022
350415
260341
361075
210057
220638
230383
210444
230352
220471
300235
240106
320696
220023
250358
270010
330215
310310
210264
330528
220894
250335
280138
360340
350402
320575
360602
270199
361174
361863
360777
320248
220734
360117
220196
240180
330124
361864
240030
360339
360812
220985
210274
361586
300042
220900
280151
210318
310013
270477
210246
250010
270227
220677
250108
300296
330292
270008
230298
220256
220384
350278
300147
330436
240243
320767
210412
220960
300465
240430
210283
360803
220807
270182
290131
361519
230267
240453
220166
250284
361512
210223
360827
220301
270291
320221
210280
361166
320142
360132
361978
320484
361748
330146
350482
350322
360916
270398
240363
320990
300140
230109
300184
361138
250328
221402
220769
361416
361927
350104
220725
361622
330701
330360
360455
220917
260348
300329
360064
300135
360142
330601
320104
360250
320769
290058
320308
360783
230378
210240
230539
360907
221379
320865
230501
250205
361013
300377
361796
250101
320885
300009
221215
310126
310068
361553
361560
230052
360402
320477
320568
361473
270011
360376
330756
321053
220345
250167
361474
290100
221252
220057
240264
320555
210058
240211
360028
221405
320509
360769
361747
220579
260063
360791
250135
220786
250022
250317
240105
221365
230238
361566
210038
360365
230329
221086
360273
220809
300563
361289
220664
260008
330704
320428
220226
330238
361446
320191
360727
310063
220164
361258
210059
250044
330621
320665
300139
210260
361720
230318
300084
320207
320901
240339
210055
350050
330132
330419
330115
360269
350227
350389
330709
220536
380015
221141
270048
220205
360287
350166
220922
320326
230061
220080
361400
360047
350202
361517
310277
330053
240094
300347
270294
210215
310232
270113
221385
360936
300369
361744
361836
250385
210154
361243
330294
230350
300352
361208
360836
220933
210239
290184
221312
221112
320262
270414
320704
361074
270453
360597
210048
210172
361584
360129
361837
210213
330211
221121
300335
361684
290145
350012
221304
270202
260358
210354
330591
220881
361155
361830
361354
230080
360781
330125
330218
350491
361065
230200
361177
260318
230357
320272
320415
260283
220036
360509
360326
230055
361546
360135
361542
330442
320496
361856
330119
220923
360562
240081
210345
260194
360543
320539
260286
221246
360712
320508
360612
230446
260357
240014
320584
350146
270396
380012
320581
221000
230025
330422
250080
350341
360770
360545
220982
320604
320271
320979
330018
320602
330320
360403
300298
220732
361745
300168
210441
350128
290159
270256
280113
361247
361024
270519
361093
360162
240454
361790
210365
361514
320106
320363
220899
330558
300596
210052
220026
361784
330582
300410
360121
230034
350443
350115
320130
320158
320915
320447
320780
320684
221073
310022
270371
230443
260293
320846
240064
350316
361579
270246
270120
230355
321033
361721
300385
250270
300124
380031
260338
330121
230058
290128
330103
230387
240443
221099
310032
280115
240125
210229
220845
330194
220599
220595
280023
330186
240273
320797
220550
330486
300162
210499
360944
300401
300326
350455
310089
300497
360592
321037
350121
270139
270206
360086
320808
210232
250089
210409
270410
380025
380018
220697
210233
240265
230049
330272
321082
230486
240221
230426
260276
300196
360413
300152
320298
230212
240237
360799
221239
290060
330249
361458
220987
300533
330352
360394
290030
210407
360945
260110
361536
300319
361039
250329
320680
230479
360358
300215
221149
330632
220304
330164
361195
330326
260134
221137
320852
270003
210006
220440
300109
220687
320186
270467
250276
230343
250396
320892
230187
260216
260067
220328
320535
220848
250033
240260
360384
270052
240368
361844
300520
300507
360058
310112
361828
330289
250172
361874
330257
360677
310124
220288
360820
360299
361541
230075
221061
320937
260310
270027
270107
320154
320566
220813
220478
220877
330641
220941
230013
250117
220676
350314
330572
350061
221325
270422
210088
240034
220520
260201
221029
240294
360898
280168
361350
320788
300200
260229
360870
280219
310092
240158
320772
270032
320583
240202
320073
361059
270512
320282
260071
250404
220852
350011
221181
350148
220285
220386
330062
221382
310190
210016
230160
240409
250383
350336
361308
330117
360515
240060
320492
330611
220107
220862
330678
280116
220074
320541
320431
300517
361152
280128
320715
350043
300223
320518
210476
330177
260177
250058
300258
361130
220712
220269
320653
250250
210081
230112
220034
240434
250230
221197
260030
320875
270404
220472
300183
330698
220083
300384
220063
250272
350452
250079
361192
230292
270267
320383
360933
321020
330381
230099
330357
230250
320661
230264
300390
290182
320843
220994
300476
360732
250213
330633
300457
361041
250143
330074
240183
220096
240141
220785
361379
221104
250019
220719
210456
260362
360765
360771
240334
320596
250170
220183
290114
330027
361055
310181
300566
220232
300396
250180
220053
361847
240317
361746
260240
320040
260121
270030
360901
220791
300460
220204
310263
361453
361153
260070
361853
260147
310191
321023
310123
230487
300501
361467
220958
260164
360669
350410
320354
270044
310208
300450
330128
300010
240407
361912
320005
360206
361436
320888
250296
360432
360185
290098
270289
361561
290062
361485
220844
221300
220213
361187
361142
221266
230269
240003
320978
240136
250252
330296
221236
330069
230032
360458
320941
230043
361407
320933
221289
270016
280198
360563
220321
270344
220262
220008
330446
361000
300484
220335
260226
360348
310292
220557
361876
300502
360468
220231
320113
240408
290117
320835
260304
320682
360247
250183
360967
320175
230175
230048
300204
260263
360891
330155
220229
320796
300227
210344
320707
250012
270367
270454
230447
360151
320352
361634
320720
360462
330415
350313
330313
210447
320876
320265
220109
320365
230163
320734
220929
300059
360087
320874
270412
350006
361550
320815
320660
350349
220642
350362
230234
360572
380023
210496
310027
320945
320336
250053
230434
361431
300180
320542
361477
300050
220252
350490
360533
210439
240170
361539
240023
220639
330518
210123
300575
250092
320403
360913
361462
270105
220556
361718
270252
361232
330659
260225
300361
290072
240442
210358
300287
300193
290046
240457
380003
260231
360124
350180
361934
260315
361287
330730
320083
230328
221047
360155
361511
240395
361909
260060
361736
310178
360906
220880
350064
350264
260178
350430
350156
220841
361678
320080
350219
250050
300317
320640
320435
300068
350013
220793
240077
361257
310288
350130
220616
330209
320576
360156
330047
221153
210015
260117
220817
320161
230218
360910
330506
230459
240426
360786
361951
280172
280225
330570
260325
360344
260109
220944
350498
300213
360072
210069
260183
320141
210259
220690
320886
221109
240342
220347
350408
270147
320762
270295
250386
361480
220020
360107
260033
330059
270018
270101
320182
360867
321012
330530
240397
221375
330182
221076
290082
350345
300155
260026
350117
330120
240410
330165
320616
221039
350353
260015
300288
310308
221161
330456
361753
240383
300153
230053
320038
320564
230143
350325
250138
260011
330682
290148
220314
210180
360807
270419
221184
320626
250251
210341
320162
330188
220181
320600
210084
250100
210082
240068
300339
220495
290028
320438
290031
320741
260317
330159
290023
330129
270067
280068
330460
290126
270145
221433
260116
260059
360369
320813
320372
270429
321046
361445
361793
250362
230291
361527
221067
230037
320059
320763
240249
330316
230470
220829
360021
330672
361701
330094
360198
320136
230156
210134
220965
310242
300030
210199
330686
250129
220056
320805
360172
360537
270150
280104
320814
220815
330026
320737
240254
350001
310146
270242
350079
330443
361649
250217
280166
361776
210130
360856
321058
361292
320920
220383
270337
330684
321010
361798
270489
320366
220082
250122
240390
250348
270494
280153
250133
330749
320276
250412
320709
240448
320618
280192
330024
350083
360754
310275
330645
250282
360092
270073
220346
210443
230362
250179
240135
240458
330102
221395
230237
210319
361015
360013
330284
360511
360149
230282
360630
350030
360925
300441
320257
270370
360606
360238
330071
220592
361180
360230
300346
361161
360166
220963
361433
220277
220777
361857
270233
270119
330311
310248
321052
260213
361602
360150
220854
330204
220808
230520
220861
350151
221426
360580
330683
290043
360281
240119
230244
360900
360482
320143
221062
300253
320408
361498
250307
221273
220098
330286
361801
250073
260230
360798
320013
330317
240351
361454
361078
300529
360159
300312
270138
290078
360425
300498
270086
361366
350398
270191
220738
330184
240006
320646
330241
230367
240276
361955
361470
290129
361881
230543
330736
250231
361544
310037
360535
260316
361980
260123
220726
290079
360090
290183
270043
320513
290039
221049
210371
290044
300225
220084
350470
210098
320091
230177
360989
220077
320636
320065
320735
360024
310200
320172
210293
361799
320423
361481
330356
361618
220147
361750
230101
300433
240223
361369
320223
230088
330098
220885
350453
260058
350124
220981
320812
260188
350216
250259
360416
260064
290160
270130
220515
290033
361286
270402
330110
321091
361817
350437
210070
210074
320128
320514
270219
361658
270355
361047
250364
300271
320854
360116
210103
230529
270300
221177
320382
221064
220835
320235
290143
310272
360700
260001
320550
250352
310093
300594
320427
230103
350399
221390
361398
320981
350312
230468
280204
290147
240357
360617
240198
361808
320097
310115
360180
220377
250244
360574
300573
360610
270469
240248
361630
300309
360065
330266
330634
220551
280082
360318
320683
260078
260049
360862
320084
260211
220375
320702
330495
300445
350481
361679
210355
221074
221383
230299
230285
330390
210466
350411
260260
320004
320971
330535
360997
330729
220545
220258
361233
360642
360931
360788
210087
220884
360138
320853
250323
290037
361573
270450
220770
320386
361589
220268
220149
260165
220476
350318
210198
230065
361669
361374
220580
220803
300343
361802
221347
240299
220913
230197
220357
250292
240400
360270
220574
360570
360062
250065
310118
360484
240362
320821
220924
220223
221044
321030
360221
220041
290003
330399
290169
230260
320145
260287
300240
270357
330172
361502
220264
350185
230161
360175
240283
300130
250060
360506
360675
361004
290106
220492
350386
310020
320721
240084
350177
350450
221025
260292
350212
350305
210420
220283
320116
330380
230404
361022
270004
320061
221027
350277
230263
280106
320378
210182
240127
270268
230370
320019
361083
220658
300022
220811
350471
280048
230437
210113
330743
350298
361109
270060
220549
310161
260127
250021
361246
360071
320375
300201
250245
361632
230251
310184
210389
361361
270310
361376
320890
230256
330604
310163
240097
270478
210300
360835
230289
360722
330330
270265
360147
221090
360476
210195
210003
240285
220684
270111
310193
350068
330615
230368
361624
210209
260037
361639
280051
260302
250177
230518
230054
320420
221425
320063
321060
350057
361053
220542
350369
210137
221040
320789
360137
220585
210133
360089
310142
221117
210152
300483
361404
320525
250253
360439
320469
361795
220271
230241
360457
220320
350435
320802
320180
221420
320389
220564
240047
360768
240161
220142
230223
300032
250027
320504
220122
361829
270363
280032
260020
230320
221190
240421
330689
361591
220156
320330
320465
360031
221235
320448
320178
220872
220404
361225
230423
300514
361815
330343
361812
320930
360999
270484
360388
230056
270184
221054
220490
230203
270317
300423
250228
320953
230419
300313
361758
330081
250289
250185
230302
210364
250147
300304
250187
221130
230403
361143
230478
260332
361347
361410
360773
350066
350071
320961
220137
350055
360099
310180
361322
260167
361249
210219
330692
350385
240053
330571
320862
350113
260014
320228
310144
221016
240428
220764
250378
290095
280086
361263
221363
210313
310198
360140
330161
320671
361782
221318
220935
270151
320081
221256
360690
330123
221018
361351
320060
361019
270238
350073
230295
260197
240438
220394
260355
290077
260297
300402
270406
360848
330474
240245
350056
330174
210393
220257
350242
240037
260094
220869
361827
270386
321007
360740
320659
320460
221165
350286
250189
230296
220497
230385
270122
360266
230069
350161
360656
360841
361235
220007
230476
361231
220206
320968
210235
210186
300565
320381
220367
350157
220438
270070
330335
221097
220460
300480
240393
300205
240255
320723
270473
220631
320592
210470
230040
250355
221037
361105
230469
320094
361859
270156
221173
361012
221098
361442
270207
230153
230304
330376
220513
360043
240335
240082
361772
230309
360716
360272
250243
380010
220522
360134
230341
361282
270255
220464
240416
210471
220331
270334
310257
210435
321027
270231
320033
320830
240433
360705
210183
360404
320429
360327
300496
230154
221171
280129
360664
290088
361355
320263
290123
361583
360098
320902
330417
260140
310002
320430
280167
260050
250109
361648
320216
230170
330060
300421
230484
220932
361188
361728
350174
350365
310133
300216
230138
310038
290094
320950
280120
300532
280125
280150
230125
220428
220123
270185
320245
360661
240343
240355
320693
350475
330459
320833
210142
230262
270275
350409
330134
320519
280230
280083
320475
360188
221081
240289
321094
300342
310171
360932
320898
330019
250209
360888
320108
300035
230523
220934
220632
330342
210474
360208
230257
361775
360022
361211
240055
330308
330205
320295
240146
330034
350492
360529
230432
360538
350181
350339
361222
350229
360115
360191
270411
350299
360832
210290
220146
350235
310274
221068
310217
210072
350058
310224
361111
250255
260016
210278
280165
210487
320424
260176
220348
240181
220249
300320
330347
360324
290083
361530
360952
210118
260259
250394
361384
280232
210455
320068
230441
330660
360775
270425
220004
320522
220215
260006
360983
300156
260146
350476
250293
230498
361791
260045
250339
240212
320987
361653
220749
320717
321075
320595
321039
240300
320351
361754
320343
270142
360454
300482
280110
260096
230442
300478
330116
290096
210372
300526
361356
350179
250314
230334
360517
320043
280212
300041
300446
350090
220059
361132
300276
320644
350133
360074
350263
310239
320553
260131
320689
210459
300334
380021
240043
361344
290097
361554
240072
361734
310143
220635
361423
360662
210414
290005
290171
330426
320532
320129
361644
330198
361028
320394
361312
330463
210224
220445
220134
210155
360763
270172
270205
300066
250220
361035
320782
230074
220696
250331
220167
361068
270254
240193
310026
310268
260108
240021
230438
250357
330595
230356
280089
350188
230016
320411
220948
330043
360885
350182
220771
220577
350054
220470
220720
320845
320936
361147
240267
350049
270220
310056
361887
220286
220526
361052
320277
361046
220620
360342
220418
270306
300219
320695
330197
300404
260248
320627
321096
361348
280149
250120
270435
260162
330437
350434
350081
290102
280203
210312
320912
230188
230142
330501
250336
361892
270026
310127
221075
220651
320035
350256
220101
221388
361549
330622
210194
360079
220305
210216
230512
210410
221095
280057
320681
320056
360373
300167
270034
310241
220762
320856
240038
310245
210221
360940
310297
221352
250263
350255
310214
220647
240329
321093
360033
330546
290115
320373
360523
250195
361526
361319
290150
310082
230366
350397
260076
210124
230204
350326
220604
270513
220760
320972
240367
220227
360561
230504
360969
230278
221136
361737
300052
320092
350358
361638
300383
230149
300337
220569
320882
290141
350258
290019
360178
210092
240058
360616
320355
220079
300255
320656
210346
230247
260068
290008
270080
360564
250068
330656
220541
361295
220441
320256
330280
230339
220810
330754
270062
361578
210457
361601
361552
361418
350473
240113
250388
250151
280131
320103
220780
240401
330225
230093
220091
320077
220875
360319
300246
260104
330293
210204
330552
320567
230100
361652
260212
220996
320203
321035
220986
221154
230059
250077
330377
361738
320359
360767
350370
221124
320824
230519
350218
330551
350245
361306
280190
320621
230338
220312
280030
250387
361534
360276
380013
280154
220197
240114
220758
270117
361338
220068
350191
270463
360504
330227
300407
250376
361697
361723
280178
240012
210013
290167
300014
330126
361538
361475
361420
210390
250311
350176
210170
360883
270108
360343
300149
360488
230377
361280
320110
220623
320837
240456
360478
330025
310122
230221
360097
360313
300081
360181
270071
221110
360195
321022
220670
230452
360302
320307
240388
320868
360795
361037
361439
321048
360267
220363
360502
260344
230475
320729
360693
360873
221340
221216
300300
310103
300527
220910
360590
330084
230376
270273
300340
320487
300322
320903
320325
320817
361765
300166
350404
240159
330677
210253
320316
310218
320534
310152
240371
360847
230439
361635
220709
220189
300242
220609
220882
210189
320887
270364
221296
361487
320713
250067
221193
360291
320414
320914
361501
220820
290149
380020
221101
350215
240230
360603
320159
360747
361072
320264
250226
330533
210042
210085
230417
320739
220610
230333
360876
360640
361144
360620
300178
320215
360493
310279
361559
361026
250160
240305
300260
210438
360647
220208
280096
360738
260284
250036
350189
280036
350372
250239
230283
260309
360255
220974
361359
300161
330476
220896
320999
280074
220667
270226
240373
350207
290111
220165
350184
360063
361206
361695
230399
320082
250409
210383
361786
250325
361479
220931
330300
300590
300379
220324
300221
280107
350138
220547
361922
260114
361256
210046
330680
360067
250333
220903
360926
320008
310125
260180
250414
210043
350472
221103
220120
330496
360444
361672
361898
330287
360460
361668
330705
361118
260203
220194
210236
320226
330585
230466
360654
300307
361240
220310
270514
290132
220838
220133
230254
221317
240096
250338
350162
210065
361133
350338
240024
220627
330429
221080
220006
330631
300062
310265
210391
250235
360338
240020
221308
320380
361726
330167
360749
350153
210230
210405
220831
300562
221092
220016
270248
360678
230195
320877
360659
361777
230085
260136
300159
220713
260200
321028
221354
320294
361647
221071
360668
361732
320793
240005
361743
330373
220755
330598
330319
250379
240098
320367
320100
250340
210302
361725
221042
300177
300531
361409
350265
330260
220953
300345
240262
330626
361769
360056
240256
310042
361710
310154
260277
310080
280197
221400
361585
210010
320405
230207
320752
320250
220461
210492
321107
221041
210303
270345
360581
361228
250132
330421
221428
220359
320526
361288
360479
220678
260130
270057
320831
361023
320151
230537
330505
210427
360473
220457
310132
320537
330021
220186
250149
220005
260051
220150
