231764
231898
231468
224414
231503
222177
222349
220585
222583
220713
227280
232446
231034
230984
223733
231497
231818
223581
224427
220944
223326
228895
227483
231887
223641
231422
232726
223536
227674
231739
2320752
2320432
210104
230214
221997
231000
222802
220893
210305
229949
223144
222502
2320022
231410
222328
227419
233273
229218
228508
231496
210079
210103
220052
232757
222030
224360
232468
230003
220063
220672
228840
2319752
223500
220624
230743
210484
224054
230499
230566
210248
230070
232948
223576
220773
220744
230822
223611
229180
230331
222275
220715
223186
229918
223391
223985
223868
232882
224431
224267
227591
228989
224092
230747
228030
231386
232801
230559
232307
223403
220738
228667
231427
232240
220238
220087
232083
232605
228230
231693
232810
231766
233310
224084
223940
228486
223763
229237
223935
223092
228402
222825
231406
210455
232305
210447
220929
228740
229824
223832
228695
228018
222843
230097
227785
229815
223869
231919
223328
230991
230999
222758
233099
222947
233092
232430
220174
227620
233140
222578
2320652
231129
224225
227628
227843
223787
231653
232229
233069
230955
230841
223587
228387
220643
229958
230824
222191
230994
231683
231326
232265
229965
232975
221953
223465
222910
223386
231098
230713
223356
2320931
223483
2320241
231108
230907
222047
223556
232994
227433
222112
210286
231122
229308
232751
231421
220757
229818
210198
220084
223681
229739
229085
228204
2320532
222210
232421
223220
210270
223002
233006
224147
228333
228722
228174
229428
232928
229354
220312
223248
233214
232739
229562
229651
222983
232481
210299
232772
233104
210298
221940
220545
222455
231048
231269
229294
210352
228413
222992
230712
231310
223198
230598
224238
223031
227963
222130
232372
222477
231125
230622
229421
230462
220600
230018
227784
230870
222487
228746
230151
224113
230965
210231
220750
229744
223264
210483
231773
228011
232551
231251
229424
227746
223991
224247
223361
222208
220835
231684
227351
228000
229881
227557
222584
232512
232676
229539
222324
224143
220123
223244
220589
231957
229187
222809
230075
232971
231489
224071
233252
229595
223309
232866
230039
231524
228201
228035
228278
220314
223785
232138
230706
230200
229243
210023
220829
227833
220320
223997
224376
227962
222651
230274
220984
231101
227444
223792
232289
233302
223886
232760
230103
229175
227257
222412
232974
229969
220019
227489
231675
224252
222450
223187
222889
223983
227682
230892
223635
223664
229470
229732
232252
210362
231824
231551
210080
224250
232654
228835
232584
223071
230785
2320572
230085
210257
227788
222093
220011
223646
232938
230689
227256
222300
224241
230645
210343
222754
224320
223602
222696
220802
232665
233296
231587
231721
232943
229966
233191
229311
230026
228604
228935
210067
220615
2320521
232279
229105
227579
230683
223116
224335
231480
231961
223923
231206
230836
233056
210036
229205
228673
230247
231837
220263
230428
223737
232454
229396
223029
222197
220191
223712
222513
224141
233105
230344
229813
232065
220047
233057
222715
228451
228555
222236
232556
231230
230992
230881
230971
220586
210361
228791
210308
228927
229708
210148
220584
220311
230896
222645
228004
232624
222765
220812
220216
229216
222830
232706
229197
220658
228629
222530
2319852
222500
223327
224064
223121
220998
230767
231284
231389
222829
224300
223692
210048
229347
222787
223542
223501
220296
230852
229230
229238
227813
222687
227285
230319
222285
231791
227638
231533
220621
228525
232779
227899
228458
230029
2320802
231283
222951
222722
229273
230798
232909
229596
232977
228871
210272
210341
223362
233042
230550
231761
231567
2320841
229681
230314
223898
227470
222729
229763
220053
233269
231029
228097
222762
220958
2320472
220799
224389
220301
229316
233340
210492
2320701
222563
224217
228326
232477
229079
230150
220186
223793
231648
210232
231820
222538
224221
210416
231435
232752
229826
230060
232178
220823
231670
228019
229643
223376
220149
222124
222027
232669
229674
223045
222145
231668
222999
232628
230449
222960
227593
222034
230731
224283
222065
230043
222939
228827
230702
210485
228396
222313
229761
224101
223162
222069
220655
223041
233131
231033
229983
230724
222856
228506
232388
2320092
232361
229871
229601
229568
224056
232270
229727
231893
210394
231585
224311
231906
223363
231384
231642
223967
229687
231841
233022
222486
229600
223524
230175
231601
232781
210388
232260
223182
232172
232712
233265
228939
227908
231959
220255
229793
233182
229751
232629
231088
231789
227848
232524
227607
227288
232107
223738
220794
223752
231304
220885
210032
231528
230332
230774
230456
223672
230818
223839
223109
230431
222033
210105
232860
229861
232734
233330
229426
222798
228448
232848
232380
222627
210410
223065
229207
232588
210269
222172
227973
228691
231113
222994
222689
230310
233126
210113
222498
233029
231599
232360
228747
224393
221942
222748
222663
227352
231535
232529
229288
230349
223604
228366
221950
222799
232386
223183
210096
223064
232804
230095
222773
230294
222201
223172
231705
222953
210081
223436
220310
230825
224370
220897
223647
221955
224261
232777
228755
2319891
229933
230182
230177
229222
232610
223039
2320781
210494
227988
228541
228674
228071
228796
231325
210321
223826
223994
228880
232167
210141
220805
224270
230545
222046
228891
231507
229911
223765
210399
220567
227372
227667
222465
2319802
231102
224313
232102
230704
222452
222238
230166
233205
231515
232759
232232
231901
230815
229310
228591
229684
223547
227671
230216
222482
228790
232872
220306
232679
228905
2320362
230629
230718
231359
222767
220764
229142
223660
231340
222211
230937
228298
210247
220720
230199
233248
227886
220708
228372
232534
210356
229448
229350
227731
220687
227560
220999
230845
224436
229060
222326
228139
222925
221990
223789
228783
228403
229560
223656
220285
229607
224282
229816
222396
230872
231747
231832
2320032
210498
220857
224153
232072
231415
222551
222643
232489
231910
227791
230950
231657
223592
228426
229329
230692
222945
230517
228741
224162
228758
222937
230780
222391
222054
222691
222018
222436
223529
229232
210252
210254
220733
224002
220036
2320851
222831
210236
222806
227804
210181
227474
220593
2320642
220845
222139
231891
228031
223846
231461
222940
232746
231050
220913
229954
229967
220249
228594
224017
220619
223702
230146
222435
230106
223589
220642
222863
230635
223262
231291
220682
232525
210395
210358
231361
220676
230309
227359
229711
232207
220611
232684
2319772
230145
223268
230451
231292
222913
223028
229215
230686
2319762
227798
229458
232922
222491
229235
222438
224438
223199
230118
222258
222228
230000
2319822
223387
231297
222588
2320192
221957
222926
222986
232592
227664
230011
230584
227633
230737
222792
223192
232675
230688
222975
229973
232852
227367
227832
229046
223788
223212
230059
228787
230336
230529
220246
224432
222231
227606
210191
210328
222782
223739
223089
227595
231620
223234
224333
233320
232617
224091
224160
232528
229295
223514
220903
210151
224167
227866
232941
228680
223048
232442
231513
227673
230814
229533
230270
233299
231774
224298
222770
220591
229941
227864
230637
228586
229115
223330
223123
229758
228041
228712
222051
227747
227389
232355
224394
2320232
231534
223590
2319741
210003
220207
222136
228872
227952
223634
228692
210208
231353
228654
222178
227639
232707
229343
222523
220904
231895
2320342
210076
232502
223766
224258
222516
229737
222132
220595
2320151
210229
223609
229882
230615
232516
229928
210115
229935
230046
223133
230707
220572
231572
222683
230594
231481
231360
2319821
228608
231512
223922
233277
2320531
223468
230700
233225
228155
222040
224207
220878
223393
228433
233349
224329
232341
220753
222272
210125
221956
230916
228558
230027
227824
230312
227551
223344
228431
224148
232319
223324
220776
230975
231736
229879
224426
230711
231346
233350
230143
231932
229733
231331
230124
222543
230986
223777
229541
230427
221973
223493
231856
224302
222205
228805
232169
223425
222853
231382
228476
223981
222636
229545
231742
228727
231776
229276
222343
231597
227734
228848
231554
222619
229510
229283
232564
222180
231327
233133
2320041
233038
230002
231257
223976
232659
228094
220151
227642
221941
232479
223122
2320261
229828
223508
222083
222760
220988
230676
231751
220555
220082
220015
229718
223110
229198
222956
222217
230548
223566
222318
223693
231210
220179
221985
221998
220241
227631
222936
220739
2320301
229371
220864
222265
230795
230160
231904
223318
232242
220252
2319922
227917
224353
230076
232059
220880
233174
228463
230829
223791
227687
232338
223575
222698
231180
227416
223669
220287
228801
228432
227695
232450
230613
228110
222847
223208
220072
230514
229672
2320102
228922
231737
220211
220877
232652
232646
233336
231868
210213
231695
230122
210224
210241
230170
229369
222417
229986
227800
220724
223400
231730
230004
230651
230736
220842
223780
229378
228657
232303
227873
224373
223639
228744
229051
227392
228700
223402
231735
220165
232142
232743
210302
228684
222316
220150
220824
228491
220180
232651
230327
231562
229584
224139
231526
227451
229409
231858
231926
210120
223725
227577
233308
227548
229224
229876
227263
230974
231347
222411
222764
228631
227436
229619
227898
2320031
228730
220646
232521
231953
223630
220132
230448
227322
228329
231746
231947
232714
2319982
228982
231321
223929
222632
232346
233132
232491
220609
232472
232888
220832
227827
223282
231020
232293
230140
223850
222360
222675
231188
227765
210419
222850
227936
233107
223623
231793
223434
222415
220709
230925
222545
232926
229384
232333
229800
232908
230596
229561
228293
210017
223760
230958
230489
228189
220734
229536
222961
210375
223296
220822
232587
222314
222390
227586
223245
231349
227955
223343
232194
231027
222950
232272
232961
223181
231345
231649
232488
231305
231851
227554
222860
220721
230779
222266
232933
223280
227366
210059
224404
230486
227805
230632
227954
232763
232897
222096
231218
222714
227266
231759
210155
220570
210487
231726
224384
232916
220275
232326
227722
230666
223722
224021
2319882
222872
232254
230280
228826
223389
230107
227880
230901
220978
231301
231763
232195
210121
227739
230192
232171
231363
229263
224118
210030
223961
227948
227953
223070
223053
229934
227767
223397
230539
220889
210100
220930
228807
228222
224337
220849
220056
220652
210177
223175
229724
229565
223544
231874
231316
223115
229249
224036
230952
2320412
230570
222664
232212
227888
220949
2320691
231028
230438
232157
228419
232509
222785
224215
229336
230866
231106
220599
228121
231254
220269
223883
2319812
230211
230452
232696
210445
210227
221987
222468
231434
210174
222723
222841
222742
233315
231055
228193
223847
230465
223727
230899
223659
228441
223209
223819
224082
230934
224041
222334
232936
231089
210295
222294
228017
220023
220839
228904
230820
232197
227663
222042
223973
220181
222017
229431
220626
230560
220281
220955
227787
224108
228937
229752
223957
224336
231195
230905
228480
229402
223674
223207
231178
224145
222861
227884
224307
224025
227399
223686
231133
228044
222878
223315
222453
224173
210332
222372
224356
227561
231767
228456
220959
222727
233001
232993
230874
228474
229990
232745
227290
222826
228275
231026
223293
231191
227277
220710
222370
229377
232636
223492
2320812
230621
231261
223055
223417
223794
228314
220632
228752
224201
223067
230895
222259
210160
2320562
223479
220971
228819
228582
220915
231439
232660
220810
228462
232879
231015
229351
231238
230282
222315
220236
223889
229759
230299
227381
227871
222488
230284
220176
230959
220634
221939
210021
230927
233324
231124
222965
224439
231934
2319761
223384
229582
228251
231391
231570
220062
224150
222479
231606
230197
229478
228776
222303
232631
223215
223316
223597
2320811
222978
233102
223872
231699
220583
222307
229696
222475
228238
228676
220732
232109
233090
227969
223339
227828
230614
223167
230911
227900
220206
232661
230498
210074
222274
222380
231275
222194
2320012
230732
210290
232626
223710
230653
222206
222393
227879
229340
220305
227297
222371
223091
228953
230921
231041
222942
2322492
220240
233023
233294
2320422
233303
220081
223726
231330
230245
230719
231205
228244
220244
222061
232735
229749
223231
231204
231086
223476
222248
228297
232533
223773
222518
220731
227654
223772
221001
220689
220747
228721
228045
222548
223927
227486
222959
228619
2320512
228210
231804
229362
223405
232282
232896
223271
222247
224430
229719
229414
232377
210369
232969
231432
210031
230248
220066
231720
227867
228568
222351
231879
232495
222401
2320221
210400
224347
223719
210451
220746
220141
228760
220617
222379
232586
222630
223797
232644
223810
222662
223217
224090
220610
229908
232458
228650
210070
227645
228818
224260
230202
223478
220146
220899
232594
210264
223263
230105
224218
223452
228123
2320101
222443
231875
229894
232589
222694
231539
220214
229385
222473
210294
2320431
210318
210390
227706
224199
222749
2320161
229907
222469
230546
210087
230627
222840
232992
222644
2320402
210024
229932
232577
229147
223485
232188
220579
232101
222101
220057
223512
231058
210457
223086
231700
232616
230521
230655
220017
222162
230929
228635
231696
222485
210138
229609
230867
232368
232911
224345
222741
230139
230164
229067
224010
229280
232535
229753
231809
230835
232316
223551
231600
210225
231686
229963
231469
232565
222892
210035
224067
229937
232615
223481
230454
210348
228172
222006
223153
231911
231213
230617
230196
231404
230859
210314
233031
223036
228350
233301
228734
2320391
229322
230303
223459
232671
233101
222924
233011
232547
231110
231315
210029
220040
222011
220921
229275
222078
231343
228461
229930
232797
223820
229675
2320702
229951
220981
210444
230561
210317
230684
232655
227267
220772
231136
229183
230048
220035
230506
230944
220152
233267
231426
231631
222092
231595
230436
210324
230976
223019
228059
224040
222081
229764
228710
228268
231115
210055
230115
228001
229226
220039
223046
231865
228180
223094
223075
231037
222699
210261
220127
223532
229985
223943
227681
230251
230178
230781
210045
210428
223698
210220
230885
224185
231966
220102
223616
233039
227250
228028
228960
210303
232115
221959
229099
230624
222254
223487
230926
232962
232170
230595
227487
220871
227755
224398
222521
229640
229872
223112
232498
220250
229729
231118
231921
228437
227301
228443
228266
232291
233055
223523
223989
230261
220749
231357
230466
231250
220242
232773
223390
210405
232235
228822
223978
220055
223003
222478
220059
210490
220587
232602
229016
231008
2322111
232573
224078
228153
220685
232558
224390
231308
222345
229032
231429
222660
230914
229058
228865
229695
230694
230111
229508
231002
224245
229666
222219
228613
227676
231530
220213
227378
232736
2320081
222470
232549
229829
230021
232348
210382
228849
220278
220604
227881
220590
228914
228219
222976
223708
222090
232546
233086
222044
222215
229931
224128
2320541
222213
232203
223240
223375
230728
231379
223000
228033
223214
232685
220203
227440
233085
222702
222062
232325
222512
224066
220038
228464
232912
222973
230834
229799
231753
229750
227491
228370
2319691
220026
223311
223838
223565
232569
210167
229625
232261
222007
210412
228166
222845
224348
222980
223863
222234
227862
227780
220918
223040
231864
221991
222429
230020
228052
232459
227336
231725
210454
229139
228646
232522
231628
223612
222544
229867
210106
223445
230504
232859
232998
231017
231815
228797
223986
210430
229200
231559
230501
222309
228070
230123
224211
231035
222719
227319
210403
230860
222890
229670
231731
228896
222290
230643
220270
223822
228399
232877
223498
222964
222250
230966
228909
233076
2320051
230646
228690
229485
210331
233143
223471
232227
229557
230709
220967
230844
231883
231964
232130
222286
230038
230750
227409
223171
210350
233049
231573
222107
220251
222680
229577
222425
228160
232248
210077
230551
220169
224204
231057
227721
2320441
220106
210051
223505
231709
228168
222879
220212
223876
229282
222797
224385
231052
231255
230044
222445
224235
220602
220318
232918
231794
232466
220598
228901
233295
210422
223457
230634
2320761
223154
231492
231537
228237
231796
222146
227860
224289
228187
232526
231632
223802
231342
2320262
222439
231828
222752
224362
210193
210164
224026
231634
231788
233218
222359
233215
228810
210166
231698
229527
222888
220712
222185
232603
224016
229898
227617
227271
223447
229450
221965
223854
229734
224094
2320511
210097
230603
230978
228345
222665
210378
230439
230693
230602
228837
223598
228282
229915
227581
229694
229535
227869
230476
230791
224115
232160
230220
230988
230638
223706
220675
231877
210441
231341
224103
227982
224421
232216
222753
222490
2320042
229063
210110
220159
222682
231873
223585
223134
229991
220253
223332
223901
231714
222895
229792
227910
227711
220837
227391
220223
229863
223438
230549
222255
2320272
231850
233285
220801
231252
230897
220133
230045
223429
222618
224308
228310
227640
223699
220627
228817
233142
231072
220704
220677
222629
222626
230558
222279
230244
224117
210018
233212
223731
223559
224165
231440
231525
230481
223998
232461
229794
223615
230931
222186
232687
231755
228623
228610
231456
231795
222649
222268
229155
231679
232318
220153
228574
232694
222736
231225
229838
222444
232287
222193
231860
220136
230956
230174
228323
231407
230701
231416
230616
228890
228941
210274
233255
228919
227729
230494
230532
227675
230673
233162
220662
223813
222319
222060
228250
228116
2319991
228661
229944
231827
229984
210237
232187
227842
223707
222493
232863
224170
223870
232487
229633
223140
220592
220322
224352
223256
210279
228156
224053
228438
227818
223563
222423
232638
227821
222833
231131
230705
228731
2319801
2320381
230778
222158
232931
223748
228938
223964
233009
230034
230671
232800
223156
210381
233098
229380
232576
223335
231486
231019
230121
222348
222673
224030
230468
229287
229148
232747
222361
222707
229083
232285
220608
229095
221994
220723
229765
224275
232619
229843
223736
231333
232678
229832
2320861
210011
228859
223905
229403
223017
229943
220588
231425
220827
232356
227291
223769
231927
210206
233172
222459
232094
233096
227387
228795
228720
233196
231074
230923
229483
230101
221981
222909
232925
223904
228651
224172
228821
228545
232146
232563
220946
231576
210357
220566
220742
232795
227327
233013
232309
2320222
232317
223658
227343
223798
228368
223249
210086
223859
224441
232541
232250
230720
229195
220290
232590
228867
224164
230630
223666
222874
232704
229374
232500
220266
229425
223427
233088
233093
210424
223174
232957
220282
230221
232829
229835
227415
228236
229821
224198
228104
228636
228482
2320551
210099
232180
221989
223226
231277
227255
232424
224232
232723
231863
229787
233040
223474
230276
220108
228283
210182
230242
233154
228583
222421
223730
223503
229817
222496
210439
220745
230017
232253
220041
227693
230823
224007
223451
232580
222419
227940
2320172
220923
227931
227485
229693
229723
210300
220785
224099
220260
232813
222766
233129
230112
222113
233130
231309
220660
230450
233164
232096
222654
233108
232112
223366
231602
228015
224237
231482
231107
233240
223562
229334
230933
220852
231689
228672
231374
220114
230644
231808
229964
229387
233226
228668
224413
224114
227308
232196
232283
223911
228047
230894
231756
223482
220996
227781
233220
230324
2320392
229430
224259
210291
223470
229524
232475
233198
230601
222287
231710
222536
2319832
210183
231378
220276
232830
222009
228885
232152
224132
229717
229925
228138
210346
223462
227858
232814
232215
228406
227282
220690
231376
230996
222434
222245
223088
229870
232740
231430
221000
223420
222409
232815
223312
228077
210275
230479
233034
232622
231119
220674
224140
227407
232715
231581
231744
220562
222537
210372
210154
222919
232898
231701
227655
228124
227252
222039
229554
230460
231802
222127
232462
220765
228046
232727
220760
227403
220014
230740
223632
210071
210163
232737
228829
231262
230337
223534
223915
227714
233110
223567
223972
227260
210459
222293
229248
223626
230024
223128
229407
232124
228308
228687
223975
221970
232702
223962
227249
228670
228114
224355
231001
230604
231127
223146
210480
223096
231834
220168
232405
230069
224035
230567
229822
230757
222738
231783
210435
222508
232251
227913
233010
223349
229379
230120
223304
227296
223117
229575
231433
220644
222564
230491
228716
222024
227853
231886
230969
222768
228736
231348
222539
233186
227562
2319871
224119
232255
210363
232614
223103
222456
231890
231816
220125
233275
223653
222198
231962
227735
210050
231211
231831
210145
230821
222204
230057
224316
230663
231462
231897
229629
222905
220104
232480
232750
228920
220569
224368
222835
228544
231085
232135
222414
2322682
231664
229998
227756
223130
232561
231952
222670
232875
220156
223648
220920
227726
232389
2320191
231781
232812
210122
210376
229523
223035
230889
223014
223294
223564
229820
223995
232310
220235
230318
220995
220648
228616
231047
224037
229628
227590
232966
222655
231614
227694
224079
2320071
228899
228940
230703
228638
223939
229747
222029
229622
228274
223049
220154
220769
224069
230873
222424
222902
229319
232641
231936
229655
227358
223132
222416
223138
229432
224386
227740
210311
231266
223305
227874
227744
229856
232562
221999
2320282
224357
223881
222519
223443
230172
231889
232835
221937
232234
231060
228877
224366
228665
222426
224156
210095
230320
223745
227575
224428
223079
229706
224075
232956
227720
228043
220231
230946
223903
228844
229716
222001
223236
222111
222747
223310
227922
231532
231419
210339
222779
210304
223143
231132
222526
222449
220083
228603
224344
231660
222357
229204
232133
223431
230055
232793
230006
227658
224009
2319672
224193
231087
222704
230430
231135
229849
229544
230862
230273
232247
230132
222362
220763
230114
227388
222159
232453
220219
228842
223185
2320491
2319751
224272
232673
220265
2320131
210060
230286
222413
232419
230087
231253
224292
229929
231905
220966
223735
231582
220697
230234
220961
230217
232705
230647
230826
210092
230708
231075
220947
222190
228183
224175
223649
227978
230426
231527
231797
222298
231540
228739
224138
223037
220620
220111
231417
223418
230640
220076
210344
224291
232718
230423
220178
223740
231451
232791
223662
231680
231619
210195
222966
230928
224169
2319952
232506
229041
230224
210313
232116
220722
222669
222903
222164
232237
228301
230540
230308
230265
223522
220755
227705
222887
229574
233064
222386
210456
224334
222447
2319722
224277
223430
229721
228597
222123
222355
223265
233227
222306
227806
233337
224284
230487
220173
233206
230982
223232
227834
229030
210025
222635
210315
220922
232645
222087
229946
232607
220726
2319851
223805
227912
232732
233087
231733
223382
227265
232280
232336
220671
231366
210431
229121
228770
210336
210088
230754
222153
228669
228714
232274
222057
222463
224197
232840
224018
2320662
229910
229151
228957
233326
232110
231805
231536
222149
232880
222243
227979
222851
232281
220803
229678
230480
231224
223407
222963
229807
228888
2320112
231388
231842
210179
222967
223477
224086
230945
228164
228846
222241
230564
229169
223620
223063
232767
231586
230805
231062
231226
229447
229229
231622
227618
230804
222703
210014
231740
233047
231715
232920
228148
210033
230219
223651
227347
224246
222494
227861
229704
228910
231478
231549
232807
228704
210123
230861
233017
232695
233190
222746
228319
227933
233217
232264
233125
222690
228317
228206
229382
222529
224229
223747
222633
232143
223368
230321
220622
231021
229615
220927
221954
230568
232437
230816
220962
223313
220613
2319721
223980
231502
230611
231765
223657
223206
222617
232221
233289
232836
210453
223580
230679
227641
223774
223283
231079
230259
222128
228534
210368
232460
231840
232359
224184
220807
222634
224020
223076
231006
222301
229992
232756
224236
229156
220202
224251
231137
210108
228225
210472
227904
230442
227398
232127
222299
228718
231488
222899
220811
233272
228847
232455
232662
224262
210176
231184
222541
222308
228524
210432
227325
222935
223428
2320542
231713
233012
223322
232921
228553
230738
229212
220013
2320132
232591
223614
230341
223105
220121
230784
224364
228626
223594
223878
233072
231928
229591
227385
230744
229975
230652
222672
222776
222944
229589
231377
233184
232693
228224
224256
227672
223553
220781
224248
223083
232621
229634
222184
223548
222898
233141
229468
229993
223600
231317
228946
231845
222002
229114
231786
230203
227768
222023
230275
224216
224126
222079
229902
227253
210015
223610
227307
230997
223873
232511
220077
232217
231263
223439
232120
228952
220227
223728
232427
227678
231913
223663
210406
222226
231256
2320552
231870
222697
227760
231223
224319
210389
222587
224098
232189
220612
229327
232493
223119
224219
228887
229210
224107
231538
231558
233181
223303
228590
229398
229968
223072
231147
229234
230001
224187
228257
222871
231672
231078
228217
220288
233065
230542
231264
232226
232949
229312
231542
228267
231390
232903
230880
230047
231161
228408
223023
230664
223845
229740
221945
228444
230094
223628
230891
222982
229045
222483
228706
228774
220881
224000
230960
220932
222716
223458
228466
224420
230904
232365
229418
228753
232725
220074
220976
229566
2320632
224023
223410
228679
232353
227635
220291
223435
223913
224435
230530
228653
2319862
224144
231105
228300
224123
222115
227703
232140
222441
232945
231437
210137
220094
230223
223996
223768
220817
229279
232176
220908
229442
232284
231449
232164
231323
229989
231588
232484
220099
230268
220131
233171
228897
231878
231923
220886
227666
222209
223744
229084
220668
229682
227905
232990
232332
222086
232486
220989
232837
230710
232297
228100
229089
232230
220124
223874
224415
229988
223284
227836
232343
228737
228600
233016
220902
232839
222720
231209
227272
2320762
232060
223495
232276
229855
210002
2319811
222839
231903
232738
232670
228994
222296
227365
223254
232301
230158
231798
220215
233313
232213
228296
220860
227281
221966
220068
230833
228542
229053
232986
223642
228093
227889
222554
224022
232218
230977
223224
223409
223918
228318
210124
210188
229328
230610
230136
230488
228392
223399
223157
227698
231954
231319
227268
229671
232191
210440
227500
220091
231615
230898
224055
222917
230765
227450
210461
228129
231607
229272
220098
224186
232465
220875
222076
231314
222288
224233
220294
230749
223291
229570
220693
230879
231907
224188
231192
228788
229960
222755
223338
227286
232374
229784
229676
222590
223586
229149
222708
232932
232895
231529
230882
233213
232412
228475
229240
229982
227275
227441
230171
223466
232650
232532
222028
231613
230735
230304
230606
232906
223228
210016
232864
210230
228833
223800
222979
227556
222527
210268
232175
223025
231103
220164
223778
223688
231181
232074
229132
231466
224183
227902
2319931
231278
210111
233341
227984
232514
231940
227621
224387
223062
223077
223486
232244
222221
230201
229530
222297
228197
228869
232151
223687
220935
210202
220762
223888
222481
228446
220865
221004
230113
222400
231857
224111
229614
220140
227778
230508
231770
220991
223605
224109
220268
231045
227689
229875
228647
224015
231583
210136
222269
233121
229150
210117
223833
227459
223504
223355
231617
231493
221975
2320251
232520
230187
227916
230838
224327
231465
210360
222227
229889
222616
222134
229766
230680
228708
2320582
228455
224429
220573
223129
224396
223568
232508
228405
230098
229642
224130
231093
228694
232467
232570
222140
229847
233145
227790
232862
223100
230910
231647
222336
228756
232550
231929
232387
210153
220192
223360
210043
2320481
231186
230970
223671
228598
220571
229883
227453
222016
230176
220895
224011
232097
230589
222685
224363
231268
231694
223758
222394
2320612
224274
232177
231665
222981
229253
228335
223336
232755
210434
223535
224046
228768
222710
233152
224401
223052
2320742
233348
231603
228117
232711
227961
222546
228493
233280
227759
229683
230110
224417
233051
232156
233091
223675
229494
227878
222032
223925
231854
228771
228397
223276
231290
227439
230608
222734
220793
227259
220316
220226
224110
2319782
230525
232612
231470
210396
223700
231545
228800
2319921
223202
229657
232296
220606
232618
231484
231546
223652
223750
229331
220882
229397
230665
220706
227429
231472
228881
222848
227686
223030
222457
210243
227680
228709
224214
210379
2320061
227262
232775
232190
210169
230297
223908
224423
220175
223670
223809
223027
231669
227857
231946
227349
224354
223979
231173
223622
220926
223155
223142
232357
228178
227935
232554
233095
230511
231605
227968
220754
230471
230429
223013
231249
224323
232604
224306
231300
220896
231452
220691
222511
210114
223999
222169
228546
223988
224305
232854
227692
230924
223603
229714
220177
228338
223936
232831
229844
222407
232384
2320461
231064
220001
222471
220953
232340
230654
230137
224433
224287
222525
210408
227847
2320892
229648
233024
222036
228765
222012
232263
231499
222048
230803
232690
230902
231475
221967
231862
232165
231442
232816
230948
220963
210190
210413
222638
223475
223684
222882
232241
230470
228751
210479
222565
223526
223993
222252
228245
231848
220651
220018
230790
227696
229769
220727
232613
233204
231933
223347
230787
2319671
227769
2320592
231190
230741
227304
223300
227616
210478
230938
229242
228780
229464
228748
220637
232129
227653
232513
220666
220650
228494
228675
223619
222161
210277
222397
210380
230528
210471
229572
224226
230040
228167
224131
223323
224346
230722
232257
230794
220907
230961
231830
223005
230433
231690
210112
2320672
228633
228870
220752
231233
222661
210199
223969
227991
228504
231667
228202
222793
210495
222504
230555
231146
222218
228898
231070
222353
2320322
2319831
220079
223917
227585
222004
232519
231293
232805
224019
230837
232224
223756
223419
220129
231697
231939
210460
228778
222692
228798
2320011
221005
222278
222119
230492
233257
210259
229376
222071
210398
2319731
231754
222555
232668
221969
220233
222261
229605
227328
231394
222214
230772
231849
231042
231111
231013
227589
220257
229741
230967
231193
230715
224085
220605
231659
223085
224224
229417
230884
220553
231168
232183
210065
221972
220891
210401
230195
232822
230231
222458
220771
2320271
210297
210210
230883
227345
230194
232304
220582
227932
222331
210312
232885
2319962
222560
223900
222988
232728
230063
231711
232344
223912
232125
227855
222735
232185
232539
233053
222142
223729
229834
232989
220229
229367
227736
228242
227615
222540
232071
230577
222507
232464
2320341
223880
228014
223572
223193
230169
224326
229303
228735
229617
222807
232131
231838
2319842
233282
231065
222323
222955
222352
231454
228686
231372
231646
227413
230117
227637
220115
223223
220692
228416
231692
232123
231912
230434
229507
229805
231022
224296
233113
222432
224062
231635
210072
232515
230089
230023
229525
228447
210085
210320
232964
233175
228010
220700
231637
231380
223058
232347
233291
2319972
233061
222320
222492
220982
229780
230305
232965
223836
232288
232290
223751
231298
223210
232917
224059
227553
210488
230262
228423
222906
210280
220190
228836
222497
227314
228022
222993
233263
229370
222474
2319861
227493
227850
230144
229972
223097
222532
230769
223288
224013
230832
228016
230764
232731
223749
224286
224038
220601
230936
233074
232653
231666
210397
230886
228330
2319912
224372
210342
228831
231004
228965
210429
210102
230457
223024
230672
220729
232639
230800
227578
223423
220256
230348
229262
220217
222571
228039
221983
224050
222383
222305
231908
220719
229950
228550
223517
220292
222363
229660
231412
223685
229356
228931
229996
232245
220973
231288
224116
222089
222399
210420
224410
229192
227677
222817
220705
222557
231564
233112
222739
231852
2320142
210470
229917
220208
229050
233058
220703
230915
222237
223759
231177
210365
232210
230035
229865
232379
228738
233128
210364
220070
220574
227482
223944
229791
230920
232649
231313
233247
231281
224182
220987
231338
230080
224031
210041
224416
222528
231320
227844
224358
228472
232186
233233
233161
233144
230222
232350
220795
222827
232383
222422
223251
223472
222968
228950
231328
227797
210192
223201
227293
229081
227350
228622
222775
229833
210374
223965
2320352
220888
232593
230878
228707
224375
229936
224178
231843
232753
229429
223947
231604
229349
229236
231083
232664
232623
224249
210256
220678
223377
230723
220813
232627
227360
227377
222631
222049
223489
231630
2319702
230096
222251
227611
227274
220702
221934
229075
228945
229940
222737
210474
231460
231153
223197
210293
222666
220218
223449
220224
229298
231822
2320692
222876
227303
232574
232733
228054
230951
232523
227724
223665
233243
229836
227757
232478
223584
231123
228658
2320792
229233
223213
228239
222055
223166
230215
229802
222884
229909
223804
232292
2320571
230300
230236
227822
228828
230756
232354
229650
233298
220770
210289
228725
210468
228876
231385
2320442
228231
232635
230230
228666
227323
231758
229878
223370
231235
231881
224365
227604
210288
230485
221993
228689
231894
231623
231505
220185
229480
230311
222103
222053
231231
230288
223931
230183
231477
228086
227613
230424
224012
210027
230503
228287
230235
233041
231049
231457
230149
231724
231381
222744
223582
224136
220303
223550
221982
222402
228021
230771
229987
224288
231362
231246
227699
231935
223717
228302
227885
210084
232103
223484
223677
227337
233004
229957
229953
232214
223716
210377
228782
221980
223250
230228
220775
210170
232375
223902
230154
227294
222535
232832
220021
232470
232363
231866
231302
228830
232798
222066
223691
230590
229516
210083
220854
223786
227750
229702
227802
228347
224257
230072
220790
232327
231189
233232
222894
229117
229797
220289
223543
224034
228418
2320212
231222
231590
232537
223960
220767
222984
223433
231501
210090
227793
228340
220239
231311
223696
223966
210245
222462
228593
222010
230985
231892
223899
229715
231413
232233
210423
2320891
230249
228126
231162
222347
232433
222368
231574
223545
228698
220130
222427
229158
232345
223528
227627
230607
223977
222885
232620
210019
233210
224177
220653
233194
231354
229866
227814
224200
231569
231943
220856
231958
230981
222531
231436
227361
222676
228109
220836
227382
231276
230847
229223
229679
227504
210116
224202
210184
222138
222771
220861
210135
232366
233283
227497
222369
232708
231428
229703
222464
220623
220565
231768
221960
233035
232364
220969
232657
230998
223351
230579
228125
228625
228324
220116
231900
229788
228473
227630
232904
220597
229947
231671
223588
223259
222623
232786
223516
229573
222834
231836
228820
233127
232331
232298
223026
220850
230519
222446
233156
222556
224171
231772
220148
228221
231063
223828
223188
222938
230571
227742
230515
228454
222972
228120
230717
229948
232136
233261
233036
228170
232978
230890
232113
232996
222561
229890
228763
220554
210467
233236
232946
227472
233352
224255
229665
227292
228605
222102
233343
222276
229353
230729
232851
223139
228823
232689
220867
230338
230162
210383
223775
231171
230315
222271
232935
223267
232826
222389
227402
227896
230225
223821
223078
210340
228294
227901
223200
210189
228779
232476
210063
231509
223195
227506
220002
233309
228147
227728
231517
2320152
224014
231673
222883
224281
230628
222989
233163
230580
224089
228663
223383
230264
221943
230755
227987
222684
231318
220628
231734
231641
227492
228693
227845
222484
210094
232850
227357
231046
231148
227670
230256
210260
220101
222731
222648
229942
229919
220928
231143
2319692
231069
222043
222105
229827
229221
210491
232748
2320732
223577
222109
220743
231307
227431
232118
221988
228414
222045
2319771
210438
232208
230461
233228
227748
231594
220917
232869
222897
223762
222174
232597
224369
220901
230056
228652
232899
233193
224279
223806
223378
223059
220847
230229
229654
229141
232474
229579
220274
223219
222387
222677
210327
222196
223546
233153
228601
227727
222166
229692
220974
210345
222375
232697
228425
231627
228107
222941
222249
2320242
232634
232448
2320111
220280
232833
210203
230954
222031
222990
224028
230811
222117
232846
228144
232267
231012
220061
232144
220170
222392
229422
232672
223369
222757
223724
210325
227559
232312
233134
227794
232335
223178
223111
232991
231234
227792
228612
210149
210309
223269
232507
229859
220037
224227
230477
232117
220580
231885
229069
210091
223043
229296
210404
224077
224209
223743
222203
229630
231801
230037
232382
222440
231955
222014
220900
229245
224402
233103
229093
228620
231722
227661
233166
2320622
230473
223057
220073
231097
223552
222573
231443
230912
228552
227849
227764
229884
229292
231387
210242
230083
228159
220004
224379
220248
230788
228579
222728
232219
232855
230009
229252
224093
230333
222367
231322
231580
231464
220997
232262
232640
222810
224264
210337
231337
230484
222267
222075
228769
227960
220894
220295
224299
220157
231826
222977
230328
232145
231915
210263
233266
224080
232106
232499
230830
233003
232510
228440
223767
223945
230682
231145
223892
220751
228484
227568
220863
222094
223690
229170
210250
220557
228767
223919
210129
231712
228276
233188
222877
228161
232600
231369
230509
224341
230343
220145
228337
2320782
220868
224240
230283
232867
222751
210278
223277
223667
220777
224266
229025
2320921
230469
228659
230939
231185
232239
229971
232435
220069
227251
230180
223525
223829
231682
222740
224321
233268
230775
230167
231215
230858
232168
230721
231678
223365
227410
221949
231044
227571
229375
230269
230762
231420
222377
210159
222772
222864
2320911
228556
223842
231610
231544
223455
229427
232431
210493
220199
231779
228220
230639
233025
220043
232857
2320621
229823
210069
229970
228724
233230
228777
232422
228265
227859
223858
221958
222365
232330
223113
224350
230267
231521
227494
222791
228008
231221
230619
223511
231752
228719
229521
223924
227865
231373
224271
229783
224434
232173
224213
230317
229994
232158
223394
223583
222020
220158
231471
229770
232827
220956
210013
222795
223106
223442
230028
220630
222705
224437
231441
229904
227418
228427
230298
222406
227799
224234
231350
233208
230541
230840
223190
228632
210144
224381
233306
222621
231541
230661
224243
222958
231334
231638
230763
210171
231956
231589
222291
229981
210012
230243
229669
231810
224424
227712
233115
222794
231370
227648
228521
229552
222176
227576
229297
232730
229707
228804
223864
222154
222200
233083
230846
210196
210249
231036
227816
222948
220298
230495
224223
230908
231575
227795
232873
223695
210058
223680
230054
210465
230092
231506
228980
220937
224340
231339
228468
230128
232560
233077
229662
231743
222509
220639
222064
220815
229663
231750
233231
224242
227567
230753
228759
230591
232769
210158
220979
228434
210228
222224
232349
230188
227355
223910
228422
222131
232784
229901
220718
227730
229580
223173
222063
220614
230198
230295
229373
210038
222970
232820
228452
223837
227278
230697
233259
228057
228398
222997
229126
222384
228557
229076
230922
2320421
229487
220138
228158
2320052
229140
230271
227404
220826
220552
229538
223709
229583
229092
222589
229959
232543
220197
230773
222812
231531
232538
232392
228089
227774
222067
220846
220267
223561
227704
231116
233304
223196
220977
222122
223668
221992
230714
231584
220254
231920
210078
220681
223159
210497
224314
231232
230941
231299
222569
210281
220205
230657
210449
223879
231141
224192
210266
232200
220578
222304
231296
232271
228292
222187
228227
230250
230642
220277
229277
229419
232492
224155
233018
210168
223569
232905
223302
231485
227691
232352
222037
222576
222774
228415
233165
231418
229939
228705
222235
230543
231723
230459
224408
228286
223290
230949
230531
210285
222788
220109
223921
222428
210476
222244
220065
220938
224105
223494
229103
210057
220189
233151
220688
227887
222572
220078
228481
222225
229637
229344
229571
230281
230030
224135
229710
223032
227462
230500
2320822
2320471
228005
220258
223480
227819
230014
232249
233173
223956
232407
222819
222264
233276
231431
229358
223650
229039
223848
230478
220884
228459
227995
229612
229880
228794
228713
229768
223776
228547
230527
228809
223723
233239
227614
231054
227829
232681
228845
222732
230422
231208
220120
228235
232870
222820
233292
223148
232973
228878
231643
227442
228532
222253
223617
232901
227499
230698
230093
224309
223862
230909
223306
227715
220924
222796
220188
222574
231025
210218
2320932
224253
223341
231704
222681
2319941
233271
223241
223894
223757
224405
228325
210127
228449
228628
231909
233117
223340
222667
227994
228119
227384
220656
2320771
230930
2320482
220667
229551
222356
210253
230179
210139
228145
222553
231780
222858
223066
210251
220045
2320321
220166
233062
230876
232599
232828
227276
222077
229691
227856
231924
229088
224325
222828
223230
229891
223273
229416
232153
232927
232758
224412
229250
231242
231703
210068
228588
220841
232783
2320791
220210
229395
231762
229260
228085
229320
222183
228213
231835
222195
222832
221952
2319742
222114
223319
223645
223618
232376
220304
232329
224063
227287
227928
223954
228176
220694
230022
220883
230578
224301
224168
220058
228549
224151
230289
222637
227688
232817
233244
231077
210307
229070
230524
222641
222789
2320731
230932
223689
222233
228900
220618
228572
233307
228328
210417
229980
228824
230067
228173
232876
231112
222317
228248
228618
228607
223222
232299
223416
231367
210322
2320361
232967
223890
229754
230770
230206
220665
220972
220200
232321
223661
210119
227786
227723
227605
228029
227572
233346
230323
227374
220093
220088
220549
223286
229767
230556
223513
232105
230050
222171
210131
229281
231847
227463
222769
222398
222082
222242
223453
231243
230126
224328
229062
230678
230232
228575
227574
231918
231217
223272
220126
231401
224179
233067
230205
232149
232585
231038
231172
220954
228926
224382
231398
227738
228492
210037
222522
231134
228450
227632
228911
210367
220887
220100
232482
223281
230005
231548
210004
222337
231508
228013
231014
229338
224029
229897
227373
223621
222059
223464
233007
232774
229177
221944
231090
223539
223558
223233
223131
229112
220321
230831
228589
232542
222996
233262
227992
2320382
220563
227510
222160
223937
210437
210292
230437
222262
230758
232555
227612
233119
229885
223770
230263
233338
222385
221971
224399
2319902
230979
232121
210007
210466
231677
2320351
230726
222003
231931
228815
230086
222281
220097
227511
231510
232342
223527
231258
220547
228933
223367
210200
2319911
223081
222476
220575
232517
233059
232729
223456
220319
223334
232497
231265
231925
222821
222073
224293
224315
227684
220800
2320182
229434
230155
228073
230475
222070
222232
231880
222893
233333
230064
220797
222098
228962
230662
231081
230210
2320462
220645
210393
229184
220568
228445
210209
223530
230875
228596
233335
224419
223261
228306
220740
222310
231557
230277
230792
224008
227428
222181
220768
229661
220232
222052
210133
228055
228128
222862
222625
220931
232150
220782
228483
210486
224039
220564
220171
232104
231009
220194
232871
222650
223866
228343
232579
232980
231914
231479
222568
231216
230605
223396
230742
228255
231800
220661
232710
210276
228671
229635
220139
223047
230079
231817
223044
228471
232765
233221
220559
223734
222322
220798
210204
229194
232985
223855
230573
210187
233167
233253
229846
223124
228551
222822
229290
222711
230968
222256
220833
232987
232119
222212
223412
229116
220960
227926
223450
222374
224206
2319981
223038
229726
220302
223437
224195
232744
220784
223469
223711
229803
220649
231899
223608
223247
228131
227659
223510
229315
210414
227452
223946
222381
232220
233270
232531
220635
222035
229700
230796
223732
223982
232682
2320501
229809
229999
230989
232174
220766
223851
228157
224142
233176
223591
231578
223460
232819
222188
232680
224285
223184
220046
232647
233008
232391
222084
230839
222501
233159
220936
228253
230547
230152
210172
233033
229467
227762
222580
232609
231656
222639
232884
232314
230947
228814
227583
228277
229668
228681
229038
228207
229853
222091
2320561
231303
222991
229995
223968
222129
228099
223348
232373
223860
227258
222974
220272
228773
230727
230340
230667
228102
222891
220049
229335
222433
223235
233122
220299
231520
228177
223333
222558
222335
224176
210062
228811
228344
230660
210130
222695
232457
222489
223705
220022
227619
224061
230010
229540
228175
231165
227753
231279
210101
223191
223938
229745
223916
2320202
228132
220862
230588
231948
221002
231151
222854
228152
220951
227751
223020
223720
231930
2319881
227891
231212
231306
220870
229756
233073
223867
228477
223812
230444
223221
227927
223001
232206
229830
210347
231871
220640
222517
228764
233135
222156
228808
223537
222837
232889
220909
224058
233014
220550
232552
230699
232947
210415
233216
224205
224003
227831
229735
220095
230751
232633
228723
223054
222080
231289
231550
222534
220122
223861
232311
222041
230520
229873
223844
231227
231214
223373
223914
231728
220006
230612
230233
228554
223007
227895
230142
2320091
229122
210180
230208
228118
230535
210233
229357
223595
231681
231556
210052
231031
233347
222182
231282
230809
224377
222700
220262
230600
229346
210433
220980
2319951
223817
228140
222135
210173
210421
230733
223380
2320021
229922
222929
232924
224322
221003
230942
210026
228569
220561
222946
232761
210175
223297
224380
222346
220147
223118
233094
232792
231498
222410
232501
229598
228964
222712
223825
232439
227475
227273
227395
233111
222780
227763
229301
210450
227872
230161
231068
231117
230184
228701
220313
220633
232308
230502
222050
228339
222524
223461
228355
223388
227584
220834
231183
227876
220196
222620
229330
230104
228688
230131
228285
222743
230783
223948
228009
220890
220952
222857
232686
2320451
231164
230025
231821
230518
232667
224332
223509
232907
224374
229698
229318
230848
230156
232295
232443
223636
232886
223406
223364
223299
227754
233136
231167
230782
232163
230041
230019
232339
224425
224349
228886
222900
220183
220629
227362
210391
222985
222155
224440
232789
210282
222515
223160
232471
210089
224191
232243
222072
222724
228902
223285
227269
230626
230553
227796
228816
232790
223422
210427
233120
224189
220317
232937
230633
232572
222480
224190
230088
233284
232929
228146
231965
232843
210265
210482
210162
223292
230346
231455
230292
222908
230049
220243
232441
228949
230963
233149
223795
223958
223533
231005
233278
231812
231579
224312
231024
210500
233015
230716
231511
2319942
232972
222125
222652
220020
227477
223444
223950
228320
229777
227594
223408
230808
227713
231846
223554
223287
223203
228903
230877
230734
232159
231198
230631
229444
233116
223074
231241
228614
229479
210386
222376
222239
231787
224407
220787
227732
230213
223295
232780
210046
227679
223930
220029
223120
223216
231080
220714
220925
230636
220825
2320122
232632
2319792
228959
228702
230240
224004
231351
220680
232394
220906
222282
228925
231399
228165
222015
223329
220774
220683
232362
2319711
230533
231945
231453
230302
210061
220950
231312
227770
231563
227758
222657
2320611
210226
229979
232910
222656
222659
232209
210255
222148
228234
229415
220134
230135
224222
224244
230212
231855
223108
222430
2322382
231514
222579
224006
223243
2320211
230307
231916
210371
231458
229546
220741
232575
230455
210425
229652
222870
224027
232582
232692
230865
230091
229404
228163
231156
220086
222763
230109
220245
220113
2321842
224342
222344
229547
231271
223270
229256
227772
220128
228578
230347
222321
228346
230497
220234
223764
231104
232887
229888
230463
222499
2319971
231861
232683
210082
222229
229231
2320002
231039
227356
220577
231612
220182
223761
221986
231487
220581
233242
220172
223325
222781
224133
232202
233312
232315
220625
233179
229771
222549
227707
223033
231568
232505
228749
230650
224290
232960
230036
231099
229955
229179
228208
228921
223865
228108
222056
222175
230972
230008
223414
223082
232663
230851
231247
220161
228341
223633
231806
224104
229606
2320302
227783
223253
229913
231491
230464
227974
230919
232566
227309
222038
223177
230973
227516
228743
231616
227363
231662
221968
232128
230856
230246
230252
232559
229748
223321
223606
220993
229408
230253
224317
223176
2320181
230204
230691
222216
227710
229689
222116
210234
224166
230572
232724
229776
210452
232277
228096
230290
220105
227892
210009
230557
230776
232504
231287
228169
222823
230125
228677
220701
231685
220879
228211
220717
232847
232445
223951
229241
228428
222816
222943
220034
222971
231402
222577
232111
230575
223560
228907
210442
220669
232161
223137
222550
222520
224196
229493
223703
232853
223893
220948
222207
223782
222713
227701
222118
210458
229019
231109
227603
231199
2320281
224158
227537
231240
224129
229489
222514
229801
222836
220816
210022
233148
230490
223426
231823
232483
230467
228838
227305
232608
230165
228162
232390
228645
231408
222866
232452
233199
232141
210064
230854
223676
232713
228171
223266
220965
233169
222717
220968
227817
228678
229961
224388
210005
230296
223255
231543
222340
222143
2320082
228135
220788
222624
227502
231032
231729
229712
223949
229176
227649
231059
223099
231438
231445
224208
230147
231859
230458
220293
230474
224280
230207
222855
231043
227830
2319781
227652
210143
230173
228103
229225
227956
220843
231400
2320671
210039
229685
229789
231244
220024
233223
210334
232429
227741
233146
224400
229786
223359
223135
223518
210370
222366
231941
231553
232637
224304
224060
210215
230842
223042
229656
2321841
210473
227660
229790
2320722
230526
231561
224134
220031
210152
228007
221995
231708
222332
232256
210118
220759
220010
222026
222338
231448
223068
210373
210147
228615
231775
223180
223354
228606
227310
222167
222121
231368
231405
231611
231219
232463
228803
222998
223101
230690
220725
231803
2320901
232449
231053
229874
228793
232796
231397
220934
220818
210316
231344
223006
228327
229108
220786
232955
210387
220167
230218
227967
230260
2322112
223308
229345
220806
231018
220848
228149
233328
220603
230893
220297
232838
224049
228581
229977
220279
230306
231011
223834
2320452
228729
228496
233071
229042
2319701
233344
231423
223385
223352
222918
232440
230330
228032
222074
222104
220874
220756
232700
2320862
222019
224033
220594
232983
227752
231565
220225
232754
230888
229976
229366
223713
210499
232337
230153
222805
232100
230675
223401
230659
231066
232378
229064
231819
230534
223314
227906
231944
224076
223877
229677
228843
224174
220027
233254
232963
223246
220659
222170
221978
223624
222725
227903
230687
223060
232893
220716
227480
228923
232545
230903
223009
229697
231552
223638
231203
222358
220089
232154
223080
228775
229068
227513
229869
222120
228781
221974
233192
231598
232865
230329
228728
223818
232721
232490
230512
231095
230291
232940
223152
230316
230443
227490
222339
222838
227870
228585
231248
230812
223252
233068
229537
230052
230585
233089
231504
210093
231869
220737
210287
229576
210323
232778
224048
210326
220711
224409
223971
222405
230674
222350
220067
222333
224043
232894
232182
220560
228478
229686
210126
210140
228214
223104
232334
210238
230648
230730
229647
233293
229886
232395
220096
230563
224338
231409
227312
220919
210273
230752
228868
230031
228786
232179
220957
220137
229056
220943
230326
231144
210244
231163
210020
233032
233054
230597
231942
223655
232630
222880
231749
223093
227911
2320522
223678
232122
228784
232193
231777
224146
220663
232811
224263
223753
223371
233050
222354
220945
222289
2320141
229914
223342
231771
230446
223807
228655
229553
221946
231629
229251
228685
223963
223856
231155
222454
229036
230855
210359
232578
210134
228179
232544
210044
227915
220804
222246
223016
227386
229128
222152
228435
223570
227761
222085
230322
232568
222640
220736
223697
223857
231799
229393
220707
231228
229323
231560
230241
232126
223824
223150
222373
229781
229244
222628
223421
232557
224318
223411
227473
2320121
231202
230817
230552
228866
220051
229624
231463
230953
222813
232098
223169
220119
229317
227469
220028
222808
223644
220933
2319892
232892
228733
231201
231792
228875
232371
228832
2320291
232944
222928
232674
220048
232294
222849
228834
222671
229136
222962
231169
232658
220983
230441
220080
231938
210109
232313
232764
222679
2320881
223953
233234
232598
233155
231280
232473
229585
220300
220008
220695
233224
222329
232199
223350
232553
2320772
230592
222126
223852
227771
231950
221948
231661
223631
232451
220761
220985
220830
227370
230677
232198
222750
220050
223165
231447
233138
229049
228813
222784
229293
222327
231396
228270
231555
220090
228639
230440
231220
224097
227643
2322681
227923
222277
230090
231158
233157
232824
210402
232762
230073
228683
220264
210349
230739
233322
223896
221935
223225
229457
232259
228762
228331
222693
227647
222505
222566
210075
232845
220986
230777
229193
222927
227397
222173
231716
231882
232322
233178
210053
224228
223783
230536
229261
223126
220941
220638
220283
230587
223204
231951
229307
230257
220641
232527
227598
233137
227298
227371
223538
221979
230077
229720
229690
222378
227334
223779
2319712
231853
223741
227408
224137
224068
232401
222222
228479
232722
233246
223519
223531
231237
223194
223278
222220
230193
222803
227646
229400
220144
232148
228839
223372
222647
230900
210354
232099
220940
231888
231640
223274
222302
223136
232625
232930
2320162
228269
229446
223654
231624
230339
221963
230066
228742
233238
229945
228101
224052
223161
210477
232771
222896
231516
2320852
210448
220117
231691
231329
220820
231609
228599
210329
223374
232666
223704
229410
223808
229974
231383
231718
228288
228182
222886
228424
222559
224220
231411
220222
233207
231336
233305
227597
223008
220307
229309
231902
229785
231618
222846
231652
227875
223683
223906
231571
227573
227341
230238
227623
223331
220730
231365
220005
232717
223090
230012
224392
222922
231355
210098
228792
231459
231592
222503
231518
233084
223673
222022
228067
231522
228457
228543
229927
223346
223151
228522
232139
223454
232494
223803
231294
233329
232201
230141
224152
228595
228972
231960
232691
230538
223992
233002
231272
222403
228442
222581
232844
222189
2320821
221951
228806
222790
228697
230351
229066
230472
210355
227458
222230
222106
227854
222542
222881
223379
229899
222025
232979
233274
231495
228750
223718
222342
224276
223816
233317
229057
210335
227882
232776
227318
222873
229892
232393
2320631
210107
223887
229837
232222
228648
233345
2320872
222110
223189
229512
229364
232108
231356
229406
233123
230696
233080
210222
224121
230759
223010
231071
223114
223301
227863
227975
230163
233334
227733
222969
232703
230272
227644
222865
229532
220911
231633
223107
231176
210161
224297
223952
222933
231100
223755
232166
229798
231782
229401
223432
222420
232988
222442
233109
231608
231807
223467
227958
230623
232370
2319791
227665
230537
229905
223885
233323
230906
223069
228715
230857
229127
230695
220859
231706
224112
231229
229392
222688
227478
231473
229159
227803
229603
220198
224403
223601
229360
231663
220030
224024
224154
231160
230995
231051
231023
220071
224367
222730
230964
210426
231007
229144
232878
228936
229291
231867
229499
224371
227815
222168
231295
229862
220898
223446
230943
230129
220631
227914
230493
222467
224057
231790
227315
232677
210001
222460
230565
227851
229389
232741
232444
222466
210353
231566
230609
232567
223073
224194
210240
223448
229841
229664
232806
229731
231096
230957
227657
227587
220261
232642
232803
223987
222915
224087
232147
2320922
220673
231778
222868
228361
223882
223260
228812
230586
229304
2319682
231500
224351
220838
227601
227261
230725
231577
231424
210056
223823
232900
230980
224395
223875
222431
228856
233222
2320331
231157
230581
210443
210047
2319901
210296
232266
232114
229495
228761
210207
220910
231259
224361
228577
220142
223095
230293
220309
223237
230510
222165
231010
230258
232223
224383
210073
230133
222382
220007
224378
229845
230074
224088
224122
222658
231655
2320581
222586
222408
223061
227495
222157
223742
210489
232856
232246
223275
231621
232228
224051
231829
227820
232970
228215
227700
210042
232225
222150
224406
220184
223897
232503
232821
228188
223790
230670
228027
229313
228682
220237
210197
222311
222240
229548
230819
224343
222133
223920
232571
220855
232548
227600
229181
220779
230828
231371
220872
220118
223506
230051
210214
210481
210409
232881
2320401
222867
231707
229743
230496
222013
222005
228098
210157
223926
230015
232447
231687
2320252
2320231
227811
222088
230793
223149
228660
220220
223607
223012
223599
223814
229555
210178
2319992
232601
210146
220162
230186
210392
224239
222147
220975
223549
229921
227779
221964
222923
232328
223933
232358
220844
224310
233251
223257
232984
222842
227812
231593
210066
210436
230068
229211
223102
231335
223502
231702
210211
220670
210446
227375
227284
229061
231490
233258
220033
233114
228357
231839
224230
227775
231884
230850
227907
228662
229673
232823
228703
223051
223307
228407
228084
220143
222263
220853
233052
210128
233150
231175
232275
233245
2320912
228090
228499
231636
222461
228955
222270
227582
229864
223849
222949
230482
229952
229688
230760
228192
2320681
223815
228191
227789
223694
228664
229391
220840
224391
228218
232324
229368
220780
232205
232982
231358
220686
210150
231688
229597
229456
232095
223934
227776
230445
220869
222718
220942
224295
228656
227488
223799
222097
233256
232701
210194
222706
231963
228587
223488
228311
223497
230983
222163
230209
210258
231392
231494
227897
227745
229522
233000
223596
233079
232890
224331
233168
223909
228893
2320372
223541
220042
210201
223884
222745
223801
220259
227937
232162
232995
227306
210283
229372
231523
220556
222585
220873
233044
222567
224442
228151
222674
227471
232749
227580
232868
210028
230746
230058
231745
228421
227766
229299
224254
222506
223721
229496
210262
2320312
229563
222095
223928
231719
231483
232699
224359
224265
228249
224120
223415
222987
227868
230868
222814
210407
224081
229247
233028
222778
231324
232192
222709
2320682
221976
222312
222931
233319
220892
223714
223637
210156
223004
223358
223520
227626
231364
220286
230505
231076
227454
221947
223555
232456
227330
222914
220970
228020
220821
224339
222869
232426
223574
231741
232709
220964
231676
228087
231625
232934
230032
220814
228295
220657
231896
232273
230987
223015
222325
223098
229659
229638
227295
221938
222223
230239
228559
222756
232320
231067
222283
220990
230917
231092
222395
230913
224411
229526
223784
223627
231444
2319841
230345
223227
228754
233160
232231
220858
224294
232413
232874
210333
222008
229146
222852
227346
220851
222995
231833
222733
229559
230801
231654
233235
230523
222686
220831
2322381
222418
222759
232648
230562
230313
231056
229962
2320641
223034
233288
223353
227563
222901
232841
222875
223239
232942
229196
220315
223298
223771
229895
230786
230130
220110
222495
221977
227743
223990
220273
229808
210246
222437
230071
229254
223021
229736
222141
230843
232883
222575
223781
223211
222804
222954
229503
231922
210216
229433
223490
220664
210010
222646
224095
220112
231200
223357
210217
224042
227622
220230
222701
227894
210338
220819
222202
230148
210219
222934
229604
222570
232583
222932
230453
229804
232606
223853
231785
220247
210049
220791
222192
231917
232204
230745
220195
230185
229956
2320502
228772
223440
223242
229333
229912
220735
231166
230082
222904
232581
232954
223496
229610
231285
223827
223398
231121
223573
220103
231149
220135
232768
230864
232742
223145
228799
233316
232923
233281
220748
221961
222800
223205
220064
223168
223050
227890
2320062
222388
232719
223164
224125
220193
231395
223084
228548
224073
228562
223955
228766
229762
232258
223715
229186
210464
231784
222199
228232
230483
224001
231760
232688
232302
224045
232794
232766
229491
228699
222777
220548
233030
220308
231267
220187
229887
223625
228254
220679
223515
222911
210223
210351
230806
230810
230993
223932
227394
233020
232438
232066
221936
229680
229437
231403
223701
233037
222058
233286
223811
224278
220916
232428
227435
224159
229854
227434
231170
220060
232132
230668
230599
227810
230681
228757
222179
228584
229278
227400
223629
2320371
229026
222108
220085
220546
223289
227329
231260
228141
228349
2320311
230119
222472
231239
231476
230658
2319961
210418
230797
223521
221962
220636
220092
232469
220596
230863
220698
223578
223413
228429
230748
220905
227737
229445
210040
222783
210142
227669
222260
232849
220994
231030
222859
230226
230447
220647
222921
228841
223942
228154
220201
229840
223337
224397
230685
210301
210462
233124
230191
223796
232137
233325
223056
231446
228264
227716
210366
223125
224070
229699
232540
2320001
227570
229893
232496
224418
231738
222582
228825
227596
223540
231937
210267
223571
228732
222844
228281
232611
227690
223258
222257
233158
232536
233026
231814
232485
231626
229621
210185
222144
224005
210469
228378
227634
220160
231450
222668
224212
231286
231748
222280
223907
230669
227455
231591
210306
223345
231274
220778
230190
228717
231949
228789
223984
220699
227425
220607
2320751
231040
220032
222330
227846
232381
223011
232367
210235
220939
228785
210319
220551
231375
222099
222341
229593
223840
232720
210212
227311
224032
229760
210310
232518
223746
227505
232858
229906
228649
2319681
220792
227650
231474
231658
232595
2319872
221996
232530
222801
231639
230649
230656
232300
223179
2320882
220758
231825
230287
228883
222622
220016
210463
232716
2320332
223238
228711
220075
220789
233189
223463
224149
229520
232698
222533
228894
2320871
229738
222292
233314
232434
232351
230827
220866
230554
232643
230100
227569
223682
231393
228198
220728
230593
231876
223643
220558
231352
230576
231332
224102
223891
210271
223424
229812
227685
227668
222642
232808
232782
223158
223473
223441
228412
224096
220054
233321
220107
222100
229352
232809
230962
222552
224074
210475
230641
222364
231872
222824
222273
223320
223022
222295
227852
228958
2320292
230168
224180
227709
232656
230432
222653
229709
232406
231245
222000
230325
220912
232155
220616
231236
223507
222151
231674
232369
210239
224330
220221
222916
230887
220228
223679
223087
223895
229757
227624
232802
223395
222957
231769
2320492
231757
229774
224203
223593
233118
210496
230935
229324
231650
229514
224210
230016
232269
231727
231645
232385
229087
223613
224044
229300
220025
227270
223381
233250
231732
224324
220809
223754
231547
230574
220796
210221
2320832
231414
2320801
222761
231519
230425
222510
2319732
220876
230116
220684
230157
224106
224124
228012
230301
223317
227719
228617
2320201
228602
210411
222818
2320171
228726
223974
223640
221984
229926
228190
232306
232436
228223
231207
2320411
230761
224273
220696
222451
220271
233045
230102
233219
229359
222920
230869
223830
210330
230625
227629
222021
224181
228696
228929
222678
220808
230871
229289
222952
231717
210008
228592
232236
232432
228873
222811
222068
233195
224269
229705
220209
227683
229172
223147
220576
223170
222815
220163
210385
210132
229825
223218
224100
230620
230918
222448
222404
233279
222721
223557
223279
222726
227331
223141
230042
227921
229390
220654
233354
229620
231651
229365
220284
233070
230768
223579
222786
227411
232278
223941
220204
220783
223127
229314
233185
227939
230789
224127
210165
233260
233063
227481
223392
229497
222137
220155
231273
222562
210186
232181
2320902
223499
229558
229779
230849
228802
222547
231644
210054
233327
232134
224268
230278
229713
231084
230990
230127
231003
228064
220992
233318
223491
231016
220914
224047
227423
210284
230507
220828
230799
223229
222284
2319932
224231
210205
228381
224083
223404
229858
