1001687
1002355
1005312
1012290
1011006
1000403
1011405
1010220
1011656
1002239
1006260
1003164
1005118
1002023
1009788
1006693
1000954
1006875
1003450
1011285
1005224
1003188
1012176
1007873
1007614
1003028
1007066
1005109
1010520
1010813
1011777
1004884
1010144
1002648
1007650
1009939
1002148
1005879
1010711
1005747
1006785
1011410
1007223
1006238
1012504
1003142
1009985
1012779
1011925
1002508
1003219
1010212
1001501
1012569
1011429
1000305
1010409
1000996
1009111
1004584
1005343
1000803
1005967
1012968
1006623
1002807
1002124
1001441
1005334
1007699
1003551
1005708
1009364
1001569
1006630
1001733
1010345
1012003
1009954
1012409
1007417
1007206
1009894
1004935
1003804
1000994
1006356
1000086
1012575
1010486
1000834
1010033
1002649
1010556
1004263
1003147
1008814
1012979
1009175
1002284
1009073
1012211
1011325
1003688
1010598
1001748
1010988
1003961
1009430
1010367
1003204
1002288
1009775
1001339
1004937
1007501
1009065
1006754
1006114
1003833
1012051
1011369
1001895
1000953
1004490
1007183
1005063
1009727
1001779
1011002
1001579
1012799
1012455
1004515
1003866
1000738
1000156
1003334
1010056
1003320
1009970
1004428
1001496
1009940
1009302
1002609
1005898
1005446
1007019
1004470
1009076
1009174
1004270
1012503
1004202
1005298
1009610
1005036
1000729
1011481
1005660
1010945
1004460
1005007
1011271
1003888
1012520
1010969
1007406
1010714
1003648
1003896
1009972
1010149
1004901
1006174
1003935
1000423
1003488
1001211
1012011
1000485
1010004
1000273
1007342
1007536
1007253
1005527
1003707
1005365
1012064
1005520
1012794
1008839
1007645
1009138
1005768
1001718
1006058
1000346
1005822
1011526
1005011
1006231
1012892
1002812
1012223
1010371
1000091
1005735
1003497
1010473
1008825
1002006
1012890
1001971
1006546
1000785
1000417
1010392
1002195
1003902
1002871
1005974
1004923
1005796
1004199
1003743
1004787
1011646
1002585
1006960
1007476
1012743
1001998
1004413
1000436
1001524
1006124
1012008
1011227
1000614
1010917
1006901
1006757
1005327
1000734
1004462
1009912
1000210
1001616
1002375
1011621
1004828
1010306
1009975
1010224
1001054
1005608
1007758
1002118
1003193
1006939
1012498
1003137
1006302
1000394
1004122
1012556
1012817
1006825
1012768
1011813
1000363
1012640
1001469
1004345
1007789
1001001
1012541
1007613
1010676
1003925
1001937
1009247
1001137
1002185
1006973
1005605
1010691
1001502
1005509
1011886
1011834
1001691
1008826
1007059
1012957
1002590
1004873
1005078
1004652
1010445
1011163
1010125
1006381
1001310
1003048
1003714
1006905
1001602
1011092
1001028
1005816
1002594
1010694
1006856
1002404
1001098
1010436
1003002
1002962
1003216
1004727
1002304
1005787
1012118
1012436
1006324
1009866
1010838
1001278
1010717
1012815
1000999
1010756
1004904
1012542
1011009
1002612
1005123
1010517
1000538
1007654
1005250
1000878
1001849
1003617
1009072
1004144
1002750
1011631
1011655
1000965
1006363
1003566
1000686
1000664
1006698
1009614
1009677
1005996
1011319
1001047
1005958
1007296
1006838
1010946
1002530
1000810
1006389
1005243
1001581
1006047
1008895
1001291
1002492
1001716
1000508
1012898
1007061
1002358
1003297
1001018
1005442
1001585
1006709
1003734
1011337
1012961
1004513
1005964
1011245
1004798
1004494
1012843
1001132
1011520
1010129
1002459
1005776
1009986
1002932
1000003
1009142
1006383
1004516
1010157
1001692
1000355
1002985
1000222
1008927
1011303
1002652
1001436
1002525
1012839
1009941
1005800
1006798
1009367
1003123
1008983
1008857
1010724
1011648
1004891
1001902
1006211
1012661
1000333
1002813
1000208
1005724
1006862
1012033
1000767
1008884
1011380
1006730
1007729
1011677
1009549
1010024
1009885
1010822
1007689
1005860
1005874
1002650
1001834
1006578
1009710
1006021
1002214
1001989
1007589
1002102
1003544
1002333
1007041
1006965
1001774
1007674
1006232
1011805
1012563
1003368
1001623
1003793
1012764
1001903
1010574
1010256
1012284
1000790
1001213
1004928
1012534
1010468
1012312
1006596
1010927
1003260
1003651
1009078
1006826
1003758
1012985
1010076
1009571
1011933
1009391
1011815
1010696
1007006
1000629
1006301
1003899
1011492
1008816
1002751
1005159
1000726
1011906
1010816
1001636
1005402
1004293
1007104
1009692
1011997
1006690
1011071
1001637
1011654
1009046
1010386
1006290
1005921
1006253
1005769
1001437
1011221
1006820
1009493
1001846
1007363
1009097
1003669
1002141
1001255
1003842
1005885
1004343
1009502
1006648
1010374
1003348
1004172
1010037
1012321
1008962
1006005
1003988
1001083
1000763
1012232
1010555
1001634
1006331
1007092
1002780
1001102
1003742
1005610
1010666
1005676
1009381
1009403
1006286
1010262
1009650
1012418
1012832
1000176
1001667
1004931
1010521
1005397
1012139
1005221
1006762
1000515
1010365
1001355
1010700
1004507
1003846
1002833
1002331
1000562
1001833
1005566
1007818
1006413
1007170
1006406
1011418
1006377
1002021
1002588
1002291
1009639
1006810
1000693
1002391
1011651
1004723
1005300
1010815
1011598
1011129
1010238
1003031
1009109
1000465
1007817
1006971
1006543
1001586
1002517
1006219
1006499
1001650
1012279
1012044
1004497
1012300
1009732
1000348
1004091
1007230
1012459
1000309
1003887
1004853
1011135
1003160
1002260
1002855
1002873
1012932
1005297
1005198
1012594
1010560
1009813
1000617
1002247
1003726
1006699
1006581
1005186
1007249
1009496
1012103
1012929
1007825
1012636
1000669
1004037
1011937
1009734
1008810
1003637
1010632
1002337
1002514
1001752
1005783
1010156
1006209
1006677
1010703
1001946
1004326
1005247
1004657
1001203
1010581
1000160
1007443
1011035
1000828
1004842
1011752
1010348
1005951
1004127
1003349
1004100
1002984
1005737
1006326
1005284
1002016
1010910
1007147
1011907
1004137
1005913
1009049
1012388
1002959
1011153
1005242
1001536
1006795
1010818
1012573
1007467
1003004
1011294
1009937
1011574
1007358
1003296
1004715
1008995
1007145
1004447
1011207
1000308
1005811
1012059
1003572
1011792
1006252
1007675
1007343
1001306
1009745
1006800
1010579
1012446
1004258
1004419
1009547
1012606
1010313
1010589
1000943
1012837
1005070
1002264
1005725
1011494
1010765
1001230
1010997
1007086
1006115
1005103
1009750
1009416
1003350
1006932
1008957
1008913
1000271
1007090
1012489
1000479
1003362
1006600
1004116
1012134
1009332
1009934
1000173
1001346
1006806
1012268
1002156
1006297
1000699
1010725
1004534
1002286
1003641
1012595
1009864
1004482
1009883
1000482
1006089
1004378
1007792
1012065
1009760
1002364
1005125
1004708
1005565
1006808
1001930
1006344
1011816
1002603
1004484
1008809
1012004
1011398
1012980
1011423
1009190
1004956
1001782
1002300
1001825
1002700
1012292
1006812
1000982
1001811
1000855
1004396
1011622
1004073
1003214
1012260
1006479
1001741
1003602
1006178
1006863
1003624
1012903
1009410
1004896
1000863
1005718
1009529
1007021
1002661
1006852
1011602
1002846
1001982
1012626
1012608
1001810
1009558
1012607
1002441
1001556
1008955
1005353
1010582
1009599
1002759
1011620
1012078
1001481
1012441
1006963
1005020
1001988
1012870
1000396
1001521
1012664
1010193
1012494
1009463
1001762
1009648
1002396
1007053
1009836
1007427
1000546
1006354
1005758
1003469
1001957
1002542
1002721
1005235
1001603
1007004
1005155
1006235
1008994
1002941
1004897
1010088
1002053
1006162
1004230
1009849
1011658
1008907
1004431
1007509
1007030
1004110
1005478
1010623
1009478
1004566
1001164
1000930
1002159
1000793
1005185
1008935
1007797
1001802
1004096
1001598
1005350
1007396
1003816
1012923
1012456
1005010
1011286
1001030
1001163
1006429
1006352
1011024
1006755
1006739
1009035
1010478
1010470
1003040
1004381
1009497
1006384
1011532
1011849
1005870
1005012
1012341
1011573
1002597
1005241
1010396
1006501
1004824
1001824
1001459
1010810
1004655
1007774
1007569
1010067
1000121
1005053
1009914
1003947
1012285
1003771
1001328
1001151
1002505
1009385
1011100
1003720
1001302
1012714
1003303
1000328
1006367
1003521
1001165
1009786
1009306
1006462
1010451
1011063
1004075
1007462
1006925
1004489
1000873
1001320
1012362
1009055
1005423
1002556
1006728
1001013
1002593
1011455
1011081
1003809
1002945
1004743
1006415
1003920
1011157
1000627
1009336
1004785
1010414
1010597
1012071
1009056
1009189
1000233
1009432
1000085
1010726
1002024
1005987
1000544
1000256
1006766
1011749
1001672
1011692
1003580
1000331
1012371
1009691
1009623
1001906
1012319
1007276
1003724
1009331
1011567
1011970
1006665
1011174
1007314
1000118
1003822
1009584
1007764
1002443
1004589
1002967
1011614
1002062
1010674
1003795
1000909
1002850
1005704
1011101
1005909
1004450
1002055
1002368
1007083
1000409
1000616
1004790
1004736
1007740
1009668
1011899
1005748
1003185
1011892
1004974
1003009
1007357
1010842
1011119
1001886
1012100
1007470
1010136
1001126
1005076
1004759
1008939
1000421
1005466
1002207
1007072
1005590
1010074
1000480
1011873
1010963
1001660
1011451
1007788
1009157
1010791
1003079
1012872
1003870
1009543
1000908
1012368
1012993
1002177
1000332
1007612
1012206
1010722
1000698
1004109
1005403
1010161
1011417
1002020
1012405
1006953
1010483
1012978
1001493
1007297
1010230
1001864
1006448
1010644
1002775
1012670
1009034
1005294
1007575
1011306
1008965
1003557
1001869
1006156
1003276
1004712
1001281
1003589
1009637
1008883
1006242
1009728
1006688
1000602
1003287
1010814
1012790
1012576
1012847
1004268
1008963
1012841
1010040
1004541
1010344
1003556
1003346
1011521
1011249
1002312
1011580
1007841
1004737
1004131
1012807
1010263
1009945
1011916
1009415
1012709
1006746
1003747
1007272
1010979
1006261
1009460
1005798
1000841
1006910
1005285
1010210
1007840
1009583
1000405
1005228
1010903
1010940
1005949
1006573
1005149
1012928
1011732
1004108
1001206
1010516
1006982
1009297
1005295
1012623
1011518
1012804
1002707
1001313
1007115
1010228
1005677
1009998
1004806
1001257
1002181
1003561
1003440
1004445
1010296
1003689
1000203
1002738
1000111
1000543
1001055
1006466
1009555
1010072
1007588
1004387
1005335
1010054
1009513
1002543
1011496
1012040
1010368
1000230
1000337
1010871
1005219
1011078
1012696
1001124
1006920
1003757
1011679
1008998
1011005
1003774
1001507
1009562
1012998
1012659
1001390
1001727
1006741
1005687
1012167
1004246
1010628
1002917
1011963
1012685
1004980
1007808
1012703
1003062
1010669
1000885
1001870
1012381
1005116
1005355
1011301
1005595
1000004
1012738
1012869
1009104
1005433
1012210
1005454
1009032
1004101
1003432
1009232
1007868
1001747
1009712
1009316
1011696
1007241
1005288
1001840
1009357
1011987
1009837
1002677
1002212
1000805
1006607
1006387
1011264
1005147
1002481
1000542
1003690
1005394
1009201
1012334
1011811
1000076
1004590
1007060
1005448
1010400
1005979
1003917
1011475
1005064
1011173
1011385
1011641
1006894
1011600
1000833
1004204
1004007
1009368
1010523
1002883
1012433
1001452
1004570
1011629
1006465
1000441
1001451
1005065
1003498
1005194
1012673
1007532
1007172
1008960
1001238
1002977
1009947
1001893
1003126
1011557
1007649
1012584
1004705
1006275
1004485
1012410
1009291
1003729
1011228
1012814
1004031
1007855
1009915
1002551
1000621
1010028
1007693
1009777
1012080
1004113
1012024
1005766
1011344
1002496
1005163
1000049
1004648
1012123
1011786
1009133
1009949
1011722
1000532
1007281
1002031
1011251
1002341
1012114
1011056
1003286
1007283
1011735
1000415
1000956
1004187
1012374
1005085
1007340
1001780
1003357
1001785
1006408
1012777
1012417
1001297
1011189
1005965
1009382
1006657
1012639
1011276
1012376
1001304
1008855
1002315
1012649
1009425
1001913
1000110
1012818
1001116
1007853
1011994
1011483
1011358
1010889
1012966
1000552
1004810
1012915
1008870
1009206
1004838
1001980
1007390
1009962
1001533
1011506
1007737
1010992
1004940
1009643
1009589
1004510
1011599
1007110
1000886
1012820
1012248
1003692
1003201
1004731
1009089
1011365
1000914
1002890
1010093
1009797
1002343
1012209
1010900
1012604
1010187
1006017
1010452
1003861
1003585
1012970
1006007
1000292
1000596
1012557
1000770
1000654
1010681
1011471
1003119
1000050
1011552
1007571
1009145
1002456
1007755
1002256
1002919
1005614
1001658
1010012
1001534
1010293
1006555
1007806
1005140
1000260
1012909
1006689
1001798
1010277
1002249
1009791
1005818
1006610
1007354
1002461
1010399
1000139
1005337
1003177
1006186
1011389
1012695
1000645
1006056
1007628
1000199
1006672
1009887
1002672
1003607
1012161
1000924
1000136
1003770
1012716
1006472
1011012
1007518
1010503
1005508
1003763
1003327
1002324
1001608
1000535
1001287
1004626
1009048
1012707
1004316
1010289
1007119
1005447
1011123
1002266
1012782
1011038
1001883
1006428
1012902
1003455
1012318
1006855
1005482
1010967
1007330
1002394
1004220
1010489
1006816
1002169
1009492
1009120
1006284
1006193
1001708
1011180
1007751
1006828
1012305
1000514
1009010
1001582
1000911
1005195
1011104
1000519
1001375
1005280
1012119
1010039
1004764
1006444
1007294
1012255
1001431
1006443
1001418
1005525
1003375
1005389
1003623
1001284
1005564
1001079
1000320
1001908
1003466
1007676
1000813
1001248
1001282
1004544
1012026
1001578
1005305
1010458
1004964
1009755
1007619
1011260
1002436
1000760
1009326
1007016
1006126
1003555
1010770
1003454
1006592
1012671
1006652
1003924
1004808
1011740
1007698
1007234
1001474
1002007
1007159
1005696
1003611
1006720
1010431
1000234
1009223
1000065
1002663
1011846
1004585
1010276
1000165
1002326
1012911
1012952
1000084
1011414
1010494
1012525
1007184
1005096
1007622
1012708
1012115
1000540
1006763
1002617
1008835
1002321
1010923
1005056
1007494
1010192
1004596
1008859
1000647
1009554
1012566
1005634
1001426
1009542
1002090
1000506
1004354
1009783
1001949
1006938
1012975
1010246
1007265
1004336
1001395
1011102
1010141
1005890
1001995
1005352
1004194
1010083
1011146
1002319
1009800
1010402
1001219
1000639
1003568
1003448
1003856
1001370
1008875
1001364
1007637
1012930
1000248
1012772
1003430
1006532
1001336
1002708
1012899
1003018
1002771
1007005
1011871
1000504
1011893
1011241
1002701
1000255
1007852
1002218
1010488
1006998
1009559
1006379
1002582
1002110
1011869
1002190
1002634
1003352
1012295
1009267
1004651
1008804
1009327
1011912
1004729
1009798
1009193
1007582
1002359
1004318
1001112
1001933
1004398
1006498
1001312
1011117
1007577
1003805
1001955
1002878
1007487
1003104
1006445
1003502
1010179
1001662
1012023
1010620
1012316
1006642
1005499
1004930
1010207
1002899
1000108
1005332
1001022
1010045
1000706
1002861
1003787
1007866
1005673
1009118
1006651
1012878
1011148
1000164
1010751
1006033
1006022
1002524
1001553
1007794
1006878
1007418
1007428
1003909
1001240
1009105
1006694
1012340
1001498
1011075
1012400
1000481
1010432
1005088
1005959
1002748
1011659
1011664
1002061
1002766
1002788
1004412
1004922
1005629
1002928
1012297
1011237
1001705
1004725
1002785
1011502
1011783
1006390
1010440
1004794
1003614
1006594
1010411
1012644
1003250
1002466
1011411
1000940
1003918
1003007
1009144
1007799
1002282
1010332
1005034
1009828
1009233
1003351
1005477
1009737
1009345
1011839
1004111
1012983
1012035
1007700
1009066
1005713
1006287
1000787
1009171
1011048
1010034
1004671
1007121
1007562
1002782
1006437
1007198
1009164
1012835
1003516
1012963
1004310
1001445
1010933
1006177
1005086
1012357
1003446
1005060
1010956
1009582
1004994
1009420
1007214
1011975
1012111
1006802
1005452
1010287
1005581
1002930
1010204
1005799
1010637
1006182
1002754
1012859
1001062
1001484
1007293
1007508
1003203
1003255
1004382
1003752
1009213
1009754
1006560
1007460
1007217
1001979
1012796
1011712
1007084
1005055
1005852
1005617
1001756
1010364
1012453
1008978
1010354
1009273
1003649
1005935
1002856
1003006
1010096
1002740
1000265
1005729
1002797
1011499
1010707
1005706
1009070
1004469
1009238
1010153
1011522
1011345
1003749
1006003
1004083
1009487
1005022
1004435
1006483
1011366
1009792
1012089
1011394
1009222
1005043
1002295
1005494
1000155
1004909
1011186
1006861
1012203
1003721
1003698
1007542
1002921
1002356
1012628
1005108
1007028
1007432
1011168
1003117
1001221
1001916
1010378
1011770
1006431
1010484
1002792
1007795
1007202
1009334
1012010
1011440
1000939
1003875
1007463
1002066
1005944
1011721
1011668
1004849
1007692
1004850
1003064
1011830
1009785
1000503
1004176
1012691
1000358
1006804
1009197
1010779
1009281
1007403
1010377
1011548
1008872
1001805
1011179
1007766
1011197
1011503
1006172
1012132
1010891
1000340
1004913
1006323
1006417
1009183
1004681
1011856
1011478
1001120
1004361
1004254
1005406
1011020
1010950
1011011
1002947
1010962
1003987
1009398
1002536
1011766
1006400
1003099
1012202
1012593
1012363
1005048
1009766
1006929
1011034
1002774
1012748
1012766
1004748
1001271
1009026
1006585
1005792
1010886
1004756
1010961
1004217
1012509
1011214
1007419
1011051
1012987
1010731
1001563
1010914
1011748
1001477
1011920
1000820
1004030
1005733
1004017
1007117
1001184
1005806
1010334
1005591
1011949
1006948
1007734
1005460
1001303
1001381
1012710
1002764
1000380
1002757
1002034
1001983
1002022
1005719
1009615
1000126
1005971
1006412
1009620
1000172
1001661
1004088
1010491
1007118
1006426
1010223
1006645
1007585
1011569
1009863
1004934
1002227
1006525
1009965
1010425
1002779
1006992
1005413
1006957
1011514
1009600
1002923
1011884
1006216
1005346
1000280
1010633
1006612
1010877
1005598
1006787
1004745
1011357
1009895
1012840
1009969
1001817
1004010
1004714
1011800
1006865
1004874
1000081
1006484
1007472
1010270
1006163
1007671
1004886
1005248
1002250
1009231
1003993
1001389
1009752
1007850
1005604
1005375
1002373
1011751
1011045
1002416
1000575
1009162
1003305
1009830
1010904
1009546
1010649
1005042
1006743
1006729
1000124
1012783
1012637
1011164
1000750
1004999
1001540
1003178
1012182
1000185
1003731
1007584
1004793
1009424
1008879
1007540
1005878
1002944
1009893
1012310
1004493
1005192
1007351
1010328
1001295
1006994
1011941
1010111
1004089
1011728
1002866
1005075
1012394
1010350
1007212
1010337
1005039
1002232
1003523
1010572
1000474
1000458
1005276
1011136
1006904
1003840
1001237
1001877
1009645
1011782
1004024
1007695
1001921
1003082
1007186
1005049
1000701
1010105
1010346
1005736
1002647
1004499
1006038
1006489
1009626
1003278
1009911
1000522
1005037
1009265
1010612
1009388
1000469
1005412
1009942
1004618
1002287
1007713
1009932
1007673
1004910
1000608
1002621
1010578
1005339
1005567
1010020
1003405
1003927
1011477
1009445
1006107
1005854
1009380
1007065
1001928
1004699
1005309
1006013
1001819
1007207
1011108
1006997
1007411
1009274
1010881
1004402
1010069
1002699
1009906
1003191
1009931
1006675
1004028
1002631
1010048
1000736
1009649
1011530
1009005
1004682
1010108
1000166
1011977
1010611
1000630
1011210
1005533
1010047
1002994
1002596
1003470
1001110
1011400
1005320
1003411
1005081
1010527
1010480
1006145
1009323
1012533
1007522
1009805
1003678
1010195
1005997
1002684
1009835
1009761
1010532
1012095
1001875
1012518
1009168
1000691
1006883
1006060
1003246
1010253
1006471
1012391
1009900
1004195
1007780
1012293
1003919
1003208
1004136
1012158
1001200
1010124
1006683
1003304
1004170
1012660
1003869
1000238
1002452
1001345
1000420
1011346
1012918
1009831
1011789
1005599
1002847
1009501
1001517
1010766
1001349
1001678
1004921
1011281
1004939
1008933
1003627
1003442
1001787
1001783
1011021
1004165
1009278
1004938
1000916
1001626
1004291
1004953
1006847
1007600
1005359
1005554
1004313
1012144
1009204
1004597
1005326
1005463
1003740
1006571
1009307
1009200
1000113
1000913
1000672
1009624
1011888
1011760
1008838
1002363
1003773
1005316
1010783
1012916
1008867
1002943
1011840
1011754
1006358
1005052
1007280
1001555
1011642
1012431
1004157
1005445
1006141
1012325
1011870
1012574
1000779
1010857
1007290
1007077
1005246
1002635
1008901
1004022
1012102
1004023
1004765
1001266
1010417
1009747
1004219
1006635
1004282
1000891
1002828
1001347
1006342
1005876
1011348
1006322
1000142
1004132
1004583
1004995
1003898
1003140
1009647
1012702
1001633
1012364
1009466
1001897
1012629
1002867
1009080
1005277
1006402
1011533
1004071
1004360
1002626
1003015
1004991
1003682
1012773
1006836
1003058
1006517
1002425
1012552
1006970
1004466
1001535
1010654
1002689
1009293
1011759
1012084
1006355
1012240
1006218
1002204
1006102
1004950
1012990
1012440
1004173
1010849
1001614
1010576
1011645
1003618
1008980
1001178
1005560
1003344
1012646
1007167
1006427
1001027
1001570
1005727
1002824
1006410
1003236
1011167
1001259
1012263
1006419
1004367
1003913
1004008
1004124
1010070
1009602
1001315
1002114
1001105
1001035
1001963
1000949
1001422
1007485
1005550
1000934
1001557
1009359
1009112
1009292
1004754
1002924
1012187
1010160
1010497
1009700
1002405
1000517
1001244
1004780
1001443
1009155
1010803
1011028
1002071
1003741
1002667
1006135
1001400
1003940
1007474
1011529
1009485
1006823
1010952
1003590
1009740
1012921
1007498
1010068
1002052
1005131
1011311
1012946
1002673
1002172
1001855
1007711
1000748
1007770
1004683
1005814
1012577
1004722
1010029
1000771
1003697
1007399
1011140
1007134
1004449
1002494
1000859
1000804
1003937
1004090
1009739
1002835
1001806
1012343
1000688
1007126
1007475
1006818
1009960
1008906
1009881
1002703
1003819
1003364
1007315
1010032
1005009
1005449
1003528
1012092
1005152
1002909
1003837
1007318
1000390
1011422
1005530
1010075
1000163
1003242
1006099
1005252
1009748
1000528
1011843
1007762
1012514
1002371
1001159
1012893
1010564
1010320
1005640
1008992
1006803
1005869
1000663
1002726
1012622
1002010
1010905
1005691
1001734
1010618
1011159
1009480
1011402
1002346
1004097
1003233
1001089
1000613
1004085
1005584
1002389
1001432
1009983
1011723
1012483
1003480
1006508
1002539
1009043
1006858
1003186
1009515
1009038
1011814
1010300
1001301
1004104
1005570
1004346
1005190
1001424
1001749
1012653
1012347
1005609
1005528
1009446
1012315
1009211
1007592
1005383
1003583
1004825
1001675
1004894
1010781
1007537
1007578
1007839
1000353
1004504
1002506
1001467
1006622
1007046
1011666
1009997
1011202
1010171
1001713
1000553
1005035
1008858
1012358
1006101
1009337
1010712
1010342
1003942
1010767
1012049
1005405
1001539
1002229
1006373
1009393
1003531
1003231
1012323
1006039
1003605
1001216
1009436
1006050
1007423
1002489
1001172
1003893
1004509
1010887
1010178
1011584
1011612
1000746
1012901
1009130
1004048
1006305
1006570
1007215
1009447
1012390
1009363
1006644
1012034
1011674
1002702
1002827
1011113
1002784
1001076
1009898
1007127
1009758
1010312
1003213
1005592
1002529
1003621
1001218
1011448
1003465
1010226
1010461
1012324
1011493
1009330
1002839
1010021
1010217
1006311
1002599
1010924
1005286
1008918
1009719
1005968
1000224
1011579
1006016
1007722
1009981
1006347
1011220
1011484
1007196
1009878
1012742
1005128
1002810
1011842
1006540
1004405
1002025
1011152
1004185
1003128
1012638
1010234
1005196
1005536
1000676
1001081
1012280
1001369
1003775
1006917
1003369
1006243
1011903
1011512
1003298
1009397
1012225
1011419
1001831
1002926
1007400
1007258
1012488
1009857
1009902
1003620
1002540
1004627
1011265
1012655
1007095
1010395
1011268
1009801
1006638
1011638
1002044
1006597
1012939
1012806
1012058
1007555
1007324
1000742
1006554
1006353
1010258
1006307
1009373
1003206
1005537
1001622
1005239
1012530
1010308
1007274
1002210
1000526
1012633
1012338
1005003
1009282
1005810
1004276
1009973
1004773
1005887
1001760
1009920
1012786
1004571
1007449
1005304
1009269
1005331
1010236
1003194
1009117
1012771
1011416
1000495
1005495
1012747
1012991
1000287
1009718
1006269
1007365
1000294
1004837
1010349
1011399
1002523
1009944
1005963
1007350
1000657
1010413
1000550
1012701
1007705
1001046
1005928
1003814
1009378
1005318
1001852
1012721
1011737
1001768
1005817
1005500
1000959
1012728
1002817
1000452
1011785
1008891
1012889
1002498
1005717
1001620
1001513
1002448
1003473
1011781
1006159
1004214
1010283
1002837
1001061
1010115
1005873
1003464
1001261
1006273
1007239
1007597
1002486
1004998
1003960
1004216
1011182
1001256
1006485
1011116
1003599
1010790
1006011
1005972
1012612
1010322
1012958
1004751
1010619
1011064
1006081
1010972
1007516
1000587
1000695
1006890
1004025
1007008
1007011
1009523
1009964
1004249
1004242
1009491
1005632
1010538
1002999
1009597
1010629
1001014
1002604
1011611
1004641
1003157
1009082
1012356
1001597
1001729
1006346
1005189
1012908
1003301
1006557
1000451
1003389
1011831
1005843
1011915
1009921
1012845
1002990
1001681
1007815
1006708
1001052
1011820
1005179
1005340
1007056
1003427
1000941
1002454
1000678
1002528
1008917
1002400
1009868
1009215
1001012
1000977
1001547
1003834
1010808
1012733
1002146
1009023
1011137
1004442
1001036
1004207
1004036
1011230
1001473
1011593
1010657
1004377
1012141
1001169
1000443
1004914
1010514
1012631
1007071
1007717
1003730
1010271
1004954
1011314
1007489
1004203
1005851
1009662
1004634
1000964
1000048
1006516
1010852
1002086
1004816
1010762
1006704
1010007
1004159
1011295
1005429
1000661
1002330
1003844
1003760
1006340
1002602
1009375
1006376
1010571
1000427
1012751
1004395
1001828
1002074
1010535
1010519
1010591
1006507
1003013
1012846
1011200
1003205
1009803
1010537
1009810
1008981
1002566
1002014
1004051
1011575
1009401
1003034
1011234
1003892
1010627
1005989
1002347
1000112
1005939
1003310
1009325
1011391
1012091
1006775
1009186
1006784
1007107
1009484
1012408
1000193
1009838
1012308
1012522
1002439
1002518
1003210
1006082
1002669
1012457
1007601
1000457
1002680
1004501
1011682
1000017
1012551
1009580
1008976
1011669
1009673
1008834
1010752
1005821
1000727
1006574
1011312
1001491
1003626
1007629
1012964
1007015
1009631
1005675
1009678
1012241
1000125
1002713
1011590
1012157
1011307
1004593
1001674
1012399
1012585
1002101
1009556
1002327
1012495
1000632
1009188
1011270
1001969
1012997
1005418
1000158
1001268
1009503
1006980
1003211
1007441
1009412
1009686
1004829
1010142
1004151
1011438
1004735
1004796
1000496
1001576
1002981
1006407
1001170
1001679
1004080
1004605
1003642
1002598
1011639
1001724
1005597
1011911
1008811
1002613
1011775
1002888
1000541
1009139
1010509
1000501
1007200
1006691
1002880
1011404
1007685
1009239
1009228
1002217
1002938
1012844
1006899
1011779
1009635
1003581
1010854
1002950
1003860
1001215
1011556
1001550
1003674
1005982
1012271
1012865
1012730
1009815
1009205
1004573
1006475
1011836
1007535
1005351
1004271
1008903
1010112
1011787
1000022
1002166
1011535
1003715
1003527
1002030
1002026
1003313
1001575
1007384
1011099
1006154
1004569
1001069
1003601
1011185
1003955
1004889
1001532
1009106
1000920
1001639
1000428
1006009
1003563
1008936
1009563
1003934
1002037
1005635
1005886
1000633
1012215
1005381
1003107
1011143
1000611
1005204
1004805
1007236
1012469
1011962
1009566
1001020
1005938
1001761
1002681
1012345
1000267
1000195
1009147
1007087
1000662
1004126
1012508
1012735
1009011
1007517
1005183
1010993
1008987
1000690
1003073
1001527
1012189
1009520
1001298
1011085
1003270
1005606
1001850
1009024
1003635
1002155
1003019
1012876
1002408
1006674
1006078
1013000
1001048
1007007
1002338
1012969
1001242
1001788
1011883
1008944
1006063
1003944
1001884
1012086
1001554
1002077
1010518
1010663
1012329
1001243
1010684
1005699
1003311
1011330
1001080
1001082
1010987
1011663
1007773
1009832
1010266
1006096
1000365
1008924
1010408
1001358
1012229
1001031
1005154
1011802
1012669
1005588
1012829
1010146
1001439
1007655
1001746
1002577
1001292
1006438
1011627
1001887
1011516
1007393
1005842
1005031
1003489
1001093
1011401
1007080
1007329
1009342
1010496
1010919
1007037
1004528
1005013
1011539
1012564
1012237
1007288
1007222
1003708
1001773
1010398
1000548
1008999
1002500
1002379
1003131
1007466
1009564
1001401
1012359
1000774
1011998
1002571
1005349
1009351
1012116
1012273
1007728
1002095
1005970
1002308
1007479
1010410
1009442
1004205
1000944
1004776
1001399
1001353
1000642
1001856
1003258
1004933
1006393
1007220
1000988
1007378
1006217
1006789
1004755
1009012
1004523
1006108
1005272
1002892
1009268
1001832
1001263
1011490
1012079
1010732
1001801
1000802
1012360
1001610
1010237
1009729
1000857
1010944
1011212
1005682
1010821
1007426
1003615
1003780
1009143
1007669
1004885
1007352
1002417
1012674
1003396
1002589
1001077
1011147
1007164
1005483
1007169
1003300
1012369
1004694
1000336
1003986
1010986
1012042
1009300
1003412
1007031
1010973
1004492
1006000
1011616
1005844
1006392
1004647
1012785
1001049
1009612
1010471
1009709
1004565
1010996
1012128
1005345
1001357
1012524
1006572
1006199
1006151
1002139
1009134
1004869
1005262
1010565
1002605
1010690
1002251
1006206
1007809
1001874
1003471
1006072
1005150
1006116
1010302
1009212
1007375
1012447
1004799
1010662
1004081
1001329
1004342
1011030
1003889
1004227
1000471
1004067
1006559
1000826
1012920
1010605
1009209
1009859
1012160
1010082
1012854
1007240
1009834
1006049
1004339
1006133
1010995
1003750
1002795
1006968
1011862
1012379
1003609
1009767
1005969
1000525
1003426
1001606
1003277
1005840
1000731
1002171
1001860
1005444
1005354
1002836
1012759
1012919
1000829
1000034
1007539
1007642
1001531
1006732
1010103
1007680
1009764
1002173
1011591
1000789
1012821
1007560
1003317
1003511
1011472
1002265
1003049
1001182
1012924
1009572
1011586
1010427
1005231
1000732
1000239
1003343
1010957
1002446
1012812
1007436
1004813
1007747
1010081
1004301
1006871
1001153
1000594
1011331
1007491
1005404
1004294
1009039
1003886
1011681
1005813
1011757
1009099
1009479
1012590
1000374
1000951
1007719
1005877
1011861
1009350
1011807
1003055
1010661
1011710
1000259
1003548
1001233
1003829
1006695
1010926
1007786
1003733
1003078
1000711
1007844
1006482
1005745
1004248
1002643
1012164
1005855
1006399
1004567
1002547
1001142
1001376
1006378
1002483
1001719
1005950
1002369
1007433
1009544
1004223
1005620
1001352
1012464
1011909
1003855
1006380
1006161
1004245
1012030
1009406
1006700
1003067
1005275
1009746
1002033
1011139
1010046
1011352
1007036
1001179
1012959
1000947
1006767
1010248
1004183
1012131
1007854
1010836
1006900
1010685
1002767
1009329
1002587
1001475
1012382
1010269
1007484
1009262
1004329
1003069
1010593
1007860
1003534
1012951
1012831
1006964
1005026
1006225
1005358
1012174
1003138
1003322
1004231
1001954
1010625
1002691
1005100
1012435
1004836
1011154
1001940
1010113
1012104
1006350
1011349
1012333
1004580
1006702
1009573
1010023
1006062
1007862
1006935
1005681
1011990
1006454
1000253
1009822
1004079
1011446
1008820
1005436
1009772
1007079
1007731
1004055
1005057
1010960
1002933
1004123
1001835
1009443
1010208
1012015
1007101
1003772
1012565
1001702
1005942
1006840
1003881
1009978
1000122
1011052
1012753
1010260
1002665
1007746
1000902
1006505
1002714
1003560
1002715
1010898
1007353
1002406
1012713
1010878
1001956
1003541
1009019
1005650
1000181
1004788
1005461
1010474
1003379
1010976
1000992
1005171
1009796
1001470
1005458
1010330
1012175
1007553
1007379
1011519
1009210
1008830
1004709
1004777
1001325
1001778
1002018
1006733
1011339
1009114
1004899
1005981
1001754
1003681
1001992
1012385
1010760
1006317
1006360
1004957
1002322
1011463
1007359
1003400
1003874
1004410
1005534
1003507
1000655
1005956
1001288
1005393
1012395
1011848
1009519
1006761
1009929
1004477
1005329
1009708
1002629
1003575
1001744
1000132
1010841
1004297
1001034
1000378
1010089
1006930
1003239
1003020
1005558
1012077
1002970
1004238
1010853
1000984
1008836
1007753
1011778
1005524
1011799
1003732
1009856
1012616
1011527
1005046
1008849
1012740
1002348
1009776
1006486
1003041
1009781
1011431
1010063
1009958
1005197
1011726
1004905
1003710
1000870
1010563
1012822
1001024
1001270
1010747
1012988
1003525
1010915
1007471
1002845
1011378
1003704
1003087
1010097
1005480
1012761
1010482
1012122
1003908
1007369
1004675
1010355
1011982
1003921
1011829
1007864
1002088
1002786
1002875
1011703
1007017
1000133
1007502
1011236
1009125
1012853
1012365
1009742
1003991
1005693
1001249
1004832
1001354
1009679
1001958
1005773
1008909
1000807
1009319
1001572
1003573
1003060
1010699
1011986
1001529
1000206
1000120
1004604
1003035
1004084
1007189
1007714
1003207
1005906
1004524
1000918
1006545
1012235
1012262
1005114
1002552
1001974
1007112
1011772
1006943
1007870
1000107
1000697
1010977
1000677
1002499
1004871
1011973
1008921
1001139
1005954
1002958
1006510
1003271
1003428
1009971
1012592
1010035
1009244
1004742
1011318
1001176
1007832
1007414
1010281
1004617
1004711
1002306
1006839
1004193
1011589
1005908
1003906
1007865
1012281
1006357
1000282
1000191
1001129
1005336
1005263
1002712
1001807
1000963
1009632
1000713
1004341
1005516
1002457
1004488
1008833
1012842
1007679
1005180
1005836
1003815
1007074
1012205
1001693
1000527
1012763
1001365
1011554
1011305
1003705
1002196
1000254
1004820
1012183
1003367
1012688
1012672
1005113
1004811
1010057
1012515
1000219
1001073
1011610
1010055
1006239
1012250
1007703
1011007
1004870
1005130
1010439
1005094
1008937
1000708
1011145
1012597
1011193
1005652
1006724
1012905
1011061
1005986
1008886
1003249
1012256
1009062
1005428
1009795
1000520
1011293
1011066
1006068
1009629
1005621
1002144
1003530
1009481
1000454
1004521
1000461
1003950
1003234
1006090
1005872
1007777
1006059
1010278
1009146
1005398
1002956
1004623
1012974
1002480
1002463
1002918
1003141
1005571
1006722
1011670
1005931
1001038
1009780
1005453
1006248
1007158
1002109
1006771
1003312
1006034
1009654
1000814
1005226
1009098
1005457
1003235
1012680
1012238
1007644
1003764
1012658
1001368
1010180
1004562
1001150
1010780
1003306
1012265
1011543
1011026
1005058
1011043
1005301
1010938
1006738
1006266
1010534
1002978
1006550
1011392
1000723
1004476
1002011
1004782
1006937
1001009
1006493
1000784
1001075
1001714
1010219
1003639
1002942
1002504
1002773
1004644
1000910
1010602
1002345
1012218
1006142
1003374
1010533
1012257
1011224
1007749
1003410
1007662
1010214
1003954
1010543
1004290
1000852
1003576
1011671
1006345
1011308
1003358
1004359
1006120
1004531
1010170
1007323
1000668
1006432
1001941
1011547
1003175
1005838
1004461
1003221
1002198
1004269
1004317
1004208
1002877
1005803
1002963
1001881
1001343
1001596
1004328
1009608
1006320
1007830
1000648
1002467
1011818
1012727
1009628
1002100
1004375
1004673
1007267
1008851
1012774
1011170
1006460
1001485
1001005
1007848
1002352
1012827
1003467
1010645
1010405
1003779
1011403
1011280
1002122
1010876
1012805
1001371
1010941
1007301
1007139
1003959
1005781
1012886
1011951
1007405
1005539
1000095
1010215
1010196
1010356
1000919
1002067
1012351
1006411
1010746
1007275
1001262
1007038
1002078
1003496
1000815
1006189
1009387
1002201
1005307
1001813
1006343
1010387
1005249
1001699
1007461
1002752
1005455
1012485
1005238
1003017
1010834
1002001
1011201
1007772
1000556
1000317
1009277
1001511
1003693
1005005
1010595
1000824
1010174
1011690
1002781
1011479
1012425
1000201
1011388
1002270
1000702
1000576
1009224
1004840
1007081
1003922
1005141
1005984
1003187
1004932
1004179
1008841
1002515
1003995
1001235
1000054
1010373
1000487
1002580
1010138
1005631
1003163
1010643
1012029
1004822
1001193
1011617
1009824
1010799
1001731
1002520
1001078
1011555
1012792
1006701
1001972
1010740
1005804
1001483
1003546
1007510
1011954
1009428
1004120
1007482
1012860
1000888
1006173
1005532
1001790
1001804
1005121
1001973
1002670
1001918
1004613
1012723
1002236
1004762
1004228
1000214
1011131
1009916
1006386
1009001
1004550
1002082
1000798
1006002
1000560
1002187
1009260
1011473
1008869
1007235
1007513
1008969
1006834
1003417
1000135
1005845
1003483
1005899
1006906
1007834
1001453
1009933
1005475
1001267
1001520
1002252
1010008
1003786
1009672
1000871
1003784
1004856
1010407
1006653
1001066
1012602
1011773
1009358
1002003
1000398
1011327
1011594
1002243
1010275
1005106
1006167
1011003
1010774
1012481
1010335
1001429
1004285
1000069
1005110
1002857
1005639
1000749
1009575
1005047
1009025
1000756
1007504
1011239
1006844
1002693
1011199
1009825
1009059
1006487
1004129
1004582
1002219
1002638
1009259
1006100
1003106
1000534
1010541
1009063
1005828
1010500
1012054
1012526
1005356
1006850
1007130
1010251
1000231
1010835
1006940
1009040
1003630
1004087
1010288
1011841
1003859
1002235
1005093
1001174
1009177
1005988
1009156
1003378
1003821
1007348
1004063
1004394
1000329
1006988
1011150
1001133
1002864
1002226
1002091
1005172
1005292
1004154
1007587
1011945
1006933
1004198
1004600
1004854
1002801
1002794
1007744
1002979
1005975
1002202
1001283
1012392
1005510
1004971
1004210
1007450
1004717
1002558
1012188
1005611
1004168
1004757
1002987
1011283
1002058
1000463
1006776
1012412
1010551
1001854
1011489
1007082
1006740
1002253
1001905
1006146
1003199
1004859
1004021
1002097
1001280
1012120
1009242
1000184
1011741
1006605
1010351
1002420
1000319
1006453
1003696
1010085
1002510
1009592
1011762
1003808
1002342
1002182
1002849
1006351
1000419
1001322
1002205
1008940
1009383
1009660
1001950
1012611
1011939
1003862
1011662
1008958
1000707
1001641
1010319
1007238
1008896
1007391
1002887
1004192
1005366
1012654
1011291
1003501
1002477
1006327
1006277
1010701
1004408
1001818
1011027
1002572
1000290
1011764
1004616
1005586
1001595
1004347
1008984
1011845
1005400
1000615
1010185
1011046
1006981
1011300
1007701
1007246
1011387
1007325
1002822
1009413
1005746
1004235
1000444
1003360
1006024
1003851
1007446
1003166
1006502
1012793
1008982
1005788
1012465
1009377
1010749
1004968
1005102
1002739
1009276
1001199
1005884
1004237
1000245
1002444
1000846
1012972
1009987
1006281
1005218
1003737
1005330
1000605
1011924
1009904
1003247
1011412
1011421
1000681
1002646
1000719
1005683
1005091
1001962
1011070
1000493
1010831
1006706
1003092
1003578
1002624
1003339
1002948
1010259
1006091
1003449
1009321
1003552
1006987
1012511
1010131
1000744
1007269
1011462
1000373
1002422
1009243
1003080
1000979
1009848
1001385
1003384
1006524
1009968
1003904
1011461
1006567
1000568
1006832
1012098
1005577
1001799
1005641
1005370
1003830
1004984
1002127
1000640
1010812
1002964
1010733
1006885
1011244
1003574
1003224
1007336
1007039
1000227
1006613
1010862
1005794
1002816
1011801
1011771
1003077
1009707
1009366
1002063
1011450
1002532
1003227
1005069
1001348
1005936
1009191
1006361
1010094
1002495
1006282
1004034
1011287
1010689
1001318
1000435
1000809
1003569
1005710
1007776
1005144
1010009
1011934
1011134
1004441
1003894
1006989
1007055
1002470
1006023
1010546
1003884
1008942
1006735
1000209
1006300
1006333
1011076
1001528
1001486
1007376
1009603
1012681
1002415
1012479
1008893
1003323
1010547
1010025
1004496
1011464
1009653
1011501
1010727
1004411
1006687
1010512
1003209
1006627
1006117
1010375
1003985
1002881
1005395
1010358
1007743
1012536
1006897
1002174
1012736
1004369
1005791
1012350
1010173
1009858
1002092
1011231
1006070
1007760
1010642
1011082
1009015
1001403
1000438
1001188
1004320
1006125
1011587
1010001
1004898
1006636
1012117
1011354
1009591
1003853
1001677
1007663
1000352
1004289
1009779
1002017
1004574
1000151
1011808
1003712
1009165
1002317
1012922
1006334
1003849
1004863
1009793
1003129
1007558
1009314
1010464
1006679
1004221
1003000
1006362
1003983
1000150
1011242
1012001
1011166
1011961
1005384
1005866
1000335
1007521
1007684
1002998
1012192
1000684
1007289
1007069
1002758
1004721
1003139
1011804
1006364
1011643
1004006
1001967
1004943
1009328
1003487
1009290
1007228
1012006
1012278
1000769
1001208
1004391
1003453
1000289
1012581
1001340
1009346
1000675
1005850
1006127
1005323
1009320
1012335
1000715
1002763
1007688
1003970
1008894
1010850
1001647
1009630
1001943
1010777
1004690
1001560
1009135
1004852
1009930
1007346
1002545
1003108
1012470
1009516
1004164
1005668
1000475
1005095
1000291
1009490
1009890
1000204
1012544
1012492
1006128
1001924
1012267
1012596
1004789
1003810
1011091
1010493
1000851
1004628
1010705
1003257
1010782
1012906
1011540
1001041
1009843
1005244
1007205
1011988
1010635
1010465
1010274
1003680
1009568
1002281
1012448
1011984
1006025
1001058
1007187
1001655
1012012
1009489
1010646
1011566
1004919
1004379
1009594
1006848
1010599
1001361
1007640
1011609
1010680
1001471
1003441
1005362
1011208
1005665
1007857
1011019
1012486
1011724
1002318
1004689
1011333
1006882
1006157
1007867
1012693
1006496
1006526
1001638
1005496
1004684
1001907
1001214
1011649
1000673
1006366
1009565
1010785
1000093
1006053
1003316
1005765
1002576
1001148
1009613
1010704
1002244
1009717
1003493
1003253
1006137
1003267
1009054
1006941
1010530
1004052
1009675
1000187
1009680
1001119
1005978
1004155
1000455
1006719
1002554
1012634
1006398
1001000
1012039
1002194
1002778
1004767
1001290
1011420
1001669
1012130
1001414
1010659
1009426
1010333
1005933
1012422
1007804
1012657
1003759
1009408
1009256
1000589
1008850
1004835
1012776
1011250
1006873
1010177
1011618
1010019
1006476
1001986
1004229
1007620
1010279
1007052
1006461
1006254
1011274
1007811
1007849
1009593
1002735
1006394
1010186
1003895
1012090
1003314
1012615
1003916
1011806
1012836
1008914
1003962
1001915
1006921
1004533
1001911
1001757
1010117
1003723
1011761
1000897
1011126
1002656
1004302
1010120
1011958
1010419
1006175
1011343
1007528
1011361
1001584
1003134
1011109
1003447
1006945
1012221
1007345
1009309
1009762
1011992
1005016
1005689
1007355
1010735
1005808
1011393
1007750
1003973
1006464
1000599
1003144
1003536
1006947
1003672
1009349
1009475
1002865
1009310
1002176
1011615
1011284
1010053
1006520
1009469
1007565
1007858
1011360
1003024
1006026
1009646
1006291
1010788
1001140
1011953
1012383
1003275
1001751
1009995
1005707
1006010
1012471
1006329
1002746
1004125
1006264
1000904
1006849
1002255
1012274
1002989
1004758
1002996
1005182
1006285
1002550
1011572
1010424
1007829
1009052
1010545
1007181
1004029
1006280
1012808
1012800
1010580
1006990
1003785
1007748
1010159
1011981
1012667
1010305
1005511
1003252
1002951
1006388
1012330
1003820
1007242
1003506
1009308
1006088
1000162
1008829
1011993
1003880
1004390
1002592
1009936
1010670
1010086
1009399
1000509
1005267
1009395
1003839
1003180
1003665
1003228
1005374
1006841
1000925
1008880
1010416
1004380
1000932
1001117
1009007
1001711
1005955
1002449
1000349
1009498
1002674
1011090
1009771
1012426
1003241
1012874
1006037
1005371
1004861
1007319
1003629
1011875
1011902
1004373
1007563
1002125
1005976
1007572
1009298
1000780
1004201
1012665
1003051
1000948
1002238
1006441
1004184
1010079
1003964
1012617
1004945
1004305
1007803
1002501
1002692
1005199
1009976
1012177
1012159
1004951
1004264
1009462
1002186
1009440
1005145
1000889
1005296
1003529
1002516
1007347
1011084
1004851
1009990
1007033
1007545
1001360
1007308
1005770
1001515
1009701
1003200
1010507
1012621
1011107
1003754
1007063
1006283
1000962
1011053
1010648
1004985
1012760
1000200
1004630
1007337
1004292
1007697
1000401
1001317
1011504
1000884
1006250
1002973
1004965
1007821
1009461
1003415
1011204
1012550
1006495
1002636
1006421
1004432
1006228
1011297
1005645
1001920
1009234
1010460
1007682
1001380
1007511
1003949
1006521
1004066
1003736
1009455
1011697
1002314
1006463
1012686
1005306
1000580
1002908
1004553
1005782
1006655
1005896
1008888
1005732
1002711
1009595
1012251
1007377
1004892
1002418
1009784
1001454
1002377
1000285
1007856
1003963
1004047
1009505
1010630
1011853
1011508
1003088
1000869
1004821
1000058
1002012
1010043
1006420
1011678
1005289
1001896
1003425
1002005
1012070
1009875
1012472
1011485
1005569
1004059
1006663
1007687
1011713
1003914
1005904
1000597
1007603
1007040
1007392
1009999
1002041
1003190
1011172
1000530
1007842
1007389
1011427
1012053
1002360
1009667
1011817
1010339
1003061
1007408
1007503
1007548
1005559
1002387
1006077
1001425
1011685
1004175
1005004
1011758
1009195
1009435
1006999
1003033
1002683
1005408
1005315
1001851
1010981
1002301
1000357
1002313
1000533
1000044
1012953
1001848
1012393
1012056
1002696
1009473
1009122
1002622
1004667
1009196
1001411
1003545
1000797
1006949
1011187
1004680
1010515
1005555
1005178
1001694
1002468
1000588
1003113
1000385
1002541
1009886
1012700
1000850
1010360
1001541
1012965
1004074
1000860
1012468
1010909
1000775
1004166
1003891
1002570
1010065
1004989
1011196
1002361
1011576
1009618
1007771
1011188
1010738
1000650
1010983
1003667
1003363
1005934
1012883
1012642
1005579
1006537
1009574
1000153
1003085
1002527
1006512
1007277
1007733
1000938
1005685
1009952
1000818
1004388
1009946
1007452
1000735
1011395
1006577
1000679
1002569
1007285
1011979
1003979
1002234
1006685
1006469
1010839
1012982
1003021
1000399
1001378
1010613
1009638
1001795
1004917
1012057
1000257
1005137
1006195
1009470
1002469
1011608
1007437
1005066
1004266
1012756
1007089
1004161
1002902
1011065
1007514
1002548
1009607
1005711
1003559
1001793
1004135
1006643
1002015
1004098
1010241
1004774
1003633
1001876
1011433
1006140
1010429
1009305
1003459
1002511
1009756
1010607
1004888
1010152
1002798
1003409
1005254
1006181
1004261
1002497
1009037
1009315
1000406
1010041
1009611
1006382
1009271
1005080
1009494
1004056
1001865
1006312
1003074
1008821
1000295
1006664
1003290
1000523
1012402
1003376
1001552
1005211
1007694
1003307
1003748
1004337
1002862
1006815
1003192
1009270
1002820
1005469
1009576
1005589
1010026
1005688
1010182
1006580
1009699
1002386
1003279
1011313
1003354
1003482
1007739
1007271
1003121
1012186
1007704
1010856
1001503
1012430
1010401
1010376
1011797
1007599
1000967
1011719
1005774
1005117
1000082
1012298
1000228
1004244
1012217
1009540
1007163
1006385
1010239
1012266
1005222
1007527
1001402
1000364
1012421
1009088
1004564
1010584
1009141
1003321
1010686
1004054
1002476
1000161
1002939
1006632
1000057
1001912
1003161
1012219
1005795
1010825
1007445
1011652
1009181
1011596
1003597
1002705
1003485
1005738
1009581
1012950
1004903
1006423
1004817
1000281
1005181
1000980
1004001
1002829
1001141
1010326
1012647
1002676
1001568
1001821
1006391
1006519
1003184
1004019
1011353
1009275
1011106
1000847
1005217
1006633
1005940
1003971
1005702
1007544
1012935
1005576
1001635
1000301
1012546
1012154
1008925
1006916
1012245
1000097
1010227
1011928
1006087
1002126
1003093
1007439
1010137
1007381
1003799
1011083
1000975
1009877
1001324
1001826
1007759
1007624
1005651
1004881
1003663
1000842
1011257
1005926
1012020
1009246
1011406
1000643
1010420
1010631
1006786
1002519
1002276
1003817
1010448
1011935
1001341
1003768
1003359
1000865
1004753
1010206
1004547
1004831
1002762
1007531
1004409
1002966
1010084
1006866
1012097
1008823
1000464
1011560
1007538
1006629
1010805
1003176
1005360
1004912
1001472
1009495
1000354
1007468
1000844
1002428
1002993
1006790
1010190
1007219
1009411
1010042
1007088
1005847
1000274
1001526
1006634
1007478
1001051
1003421
1007831
1009819
1006877
1002884
1011341
1000068
1003081
1011630
1006194
1004739
1005271
1011715
1004099
1003030
1010678
1005274
1010913
1004783
1000410
1003735
1007616
1003594
1006190
1008938
1011177
1006134
1012904
1001589
1010176
1010059
1011323
1001621
1006478
1004299
1006318
1012697
1003172
1007626
1010261
1004986
1002453
1001549
1012896
1002546
1012548
1003130
1011386
1003930
1003438
1004900
1007627
1010243
1007667
1010412
1007793
1001130
1001975
1001300
1009465
1011149
1011922
1007551
1005686
1007556
1002719
1010135
1007499
1004555
1002475
1012099
1001522
1012717
1000915
1004843
1003054
1001823
1006132
1000146
1003171
1000518
1003996
1010314
1007422
1012912
1002380
1011932
1003237
1003162
1006833
1002115
1005253
1006298
1005630
1005742
1011971
1003125
1009031
1006824
1010585
1010540
1011336
1011704
1006369
1000312
1004625
1010744
1010896
1009107
1006707
1010462
1010882
1007813
1012454
1011780
1010893
1005084
1012801
1012016
1006416
1011222
1001032
1000733
1006595
1000478
1003212
1007827
1002898
1002080
1007492
1005467
1009272
1012143
1010189
1007098
1006864
1010353
1007020
1005099
1007715
1010336
1010655
1001190
1001209
1012027
1010384
1010101
1007552
1000571
1010298
1005419
1007745
1007266
1010107
1001574
1007386
1009343
1004621
1004761
1001607
1010615
1012512
1002804
1012856
1005646
1012690
1002936
1010912
1005697
1000350
1000327
1010164
1003324
1005654
1006923
1004486
1001934
1012882
1002844
1012676
1010970
1012949
1009093
1012069
1008946
1004558
1003063
1005894
1006639
1012311
1000660
1007666
1004020
1005723
1001239
1009178
1003668
1001103
1008801
1006748
1011750
1002382
1001645
1002736
1005008
1003700
1004498
1007779
1000304
1006310
1009722
1008828
1011425
1001664
1004018
1011505
1011299
1011964
1012618
1000198
1007227
1010761
1002940
1009841
1010832
1010327
1000799
1000961
1007798
1003634
1003972
1007371
1004955
1002151
1010383
1005361
1005672
1009910
1007210
1003098
1000071
1003977
1005941
1006794
1002113
1011667
1003136
1006065
1004868
1004058
1008805
1012407
1003941
1006898
1005925
1007168
1000882
1009588
1000241
1003195
1003075
1009158
1007013
1012261
1007311
1000510
1005079
1011628
1009160
1003102
1000300
1003966
1001146
1012233
1002310
1005367
1006714
1001993
1006907
1006451
1007425
1004162
1002521
1003847
1004102
1012834
1002965
1010209
1002760
1000591
1010880
1011086
1001565
1010222
1004304
1002642
1005728
1012749
1009313
1004177
1011332
1001945
1005153
1004701
1009471
1009311
1005807
1001797
1009021
1003910
1010870
1009219
1010980
1001538
1010840
1007113
1004163
1009304
1004958
1003989
1001065
1001514
1010768
1004281
1009374
1005348
1003593
1012857
1005977
1010148
1010522
1004152
1006528
1006617
1010022
1005616
1012816
1010525
1012913
1002183
1003794
1005744
1012375
1012491
1004003
1002378
1003645
1001926
1006488
1007114
1000836
1009539
1002165
1006098
1007263
1005071
1002904
1005386
1001463
1000512
1011744
1004576
1004344
1011699
1011880
1003791
1012977
1003240
1012992
1012941
1011407
1007326
1010621
1009721
1007042
1011881
1009414
1004421
1002484
1001753
1011606
1005492
1011069
1004050
1011876
1012926
1004967
1003423
1003788
1012694
1005893
1010463
1003220
1005751
1001735
1004322
1002935
1006164
1003022
1004591
1001123
1002013
1011788
1005023
1008860
1006780
1011776
1009340
1004086
1003398
1000680
1010873
1006111
1009619
1001695
1001944
1008991
1012198
1006908
1011058
1009050
1001053
1003923
1009664
1007221
1001770
1002162
1001640
1006368
1010764
1012466
1011342
1005216
1006439
1010487
1006259
1006830
1004234
1001947
1007778
1011181
1004288
1006944
1006293
1007093
1002911
1001405
1010806
1002776
1010566
1000700
1000800
1009423
1004295
1009846
1009404
1012529
1012543
1005223
1012731
1012571
1000460
1011088
1001891
1005698
1012873
1004733
1009266
1006468
1002305
1006036
1010971
1004707
1000890
1010199
1008889
1010830
1005202
1005290
1007800
1005916
1012148
1002537
1011784
1002309
1005915
1007018
1005233
1011480
1003675
1011734
1008916
1006491
1000379
1004314
1001657
1009808
1000299
1010232
1006265
1009621
1007480
1005923
1003863
1009598
1004554
1010122
1005947
1003515
1003522
1012168
1011810
1006188
1004060
1004818
1009472
1012355
1012996
1003976
1007500
1008848
1008990
1005347
1005407
1003328
1010316
1011718
1004527
1011693
1001039
1010638
1000277
1002433
1001961
1010150
1007702
1010736
1003392
1002311
1012434
1001812
1006765
1007152
1012570
1002641
1005062
1005780
1003662
1009341
1003089
1002335
1006455
1010267
1004855
1004650
1012246
1012200
1000937
1011256
1009354
1012043
1003382
1001392
1004189
1009369
1001843
1011067
1002632
1009409
1004355
1002929
1000089
1002870
1011683
1003765
1007397
1003879
1004529
1011720
1010071
1012127
1011549
1004215
1003769
1000853
1002745
1012624
1005653
1010710
1009833
1006093
1011142
1011445
1008970
1009535
1000997
1010819
1009058
1007541
1012523
1007259
1011122
1009102
1006220
1006620
1000740
1012401
1001919
1003612
1004334
1000778
1012380
1009689
1001935
1001015
1002533
1000413
1012404
1001060
1006481
1010505
1003636
1004446
1007306
1003928
1010495
1005426
1000667
1006504
1010155
1002723
1006599
1003990
1004865
1009289
1009071
1012591
1010561
1003756
1003066
1005489
1005220
1002753
1003152
1007678
1001599
1006030
1002607
1011562
1003831
1007278
1000450
1010225
1010754
1005072
1005834
1005237
1003643
1010866
1005265
1003370
1004422
1011755
1012406
1005501
1002595
1001932
1012063
1009585
1000604
1004103
1009633
1011436
1007429
1006430
1007557
1000134
1003632
1004012
1003259
1002717
1009467
1010015
1011042
1000381
1009217
1004453
1010447
1006029
1005545
1005364
1011467
1005785
1010235
1003926
1001273
1009778
1011292
1009552
1000090
1007062
1007153
1000137
1001561
1003353
1006207
1001149
1010504
1003365
1011326
1010175
1010388
1009977
1003302
1010381
1001226
1008882
1011570
1010737
1011534
1009353
1005948
1005377
1003420
1010697
1002743
1007730
1002336
1012094
1002811
1009956
1000781
1006777
1010858
1009476
1006781
1005903
1006233
1007526
1005160
1008941
1007091
1001202
1009525
1011558
1005493
1005170
1007064
1000453
1002138
1003223
1010385
1003577
1004033
1003903
1001307
1004640
1012981
1000040
1005674
1004138
1006742
1000896
1001327
1005636
1007252
1011889
1004259
1012125
1002658
1000324
1004117
1003390
1012037
1012013
1012954
1001128
1002043
1009376
1010672
1003958
1006104
1007279
1009854
1003670
1010677
1010794
1002458
1005459
1006608
1000864
1001330
1010331
1005900
1007188
1004128
1009871
1006245
1004629
1007617
1009295
1001726
1010268
1007721
1002140
1009789
1004973
1002083
1003517
1004148
1011653
1003818
1009908
1010558
1009951
1011218
1002064
1000083
1010397
1007440
1001822
1003383
1003968
1004232
1004978
1011822
1002279
1001480
1006924
1012757
1000395
1011725
1000414
1010492
1009220
1004927
1006097
1007364
1004284
1005603
1007430
1011486
1009681
1001438
1010018
1004374
1003661
1009312
1010116
1009636
1011444
1006809
1003867
1000762
1001010
1010455
1005344
1011454
1002076
1008993
1010959
1010437
1006582
1002915
1002057
1011968
1002292
1010811
1003436
1010158
1009989
1000268
1002659
1012415
1005310
1009928
1003857
1009236
1010044
1010370
1012767
1001976
1007520
1011093
1012726
1002392
1011717
1001792
1000830
1002615
1001858
1001885
1002826
1000923
1012579
1000446
1010361
1007141
1002283
1003994
1011585
1007877
1005905
1001890
1003458
1007567
1007718
1003751
1000634
1000683
1010651
1009967
1011623
1010734
1002685
1010650
1010394
1012467
1010221
1005324
1006670
1010758
1009041
1006993
1011955
1006004
1002819
1000714
1000042
1011355
1012986
1004802
1004274
1005643
1004908
1002562
1007554
1004440
1005387
1004145
1001293
1010379
1004749
1002910
1004423
1011452
1003586
1009711
1009980
1001258
1000188
1000607
1000316
1000445
1002653
1007546
1001011
1000143
1006669
1007810
1001758
1004661
1005957
1010147
1011367
1012973
1000169
1002809
1002891
1012145
1010472
1009452
1004635
1005021
1004178
1012302
1003956
1007595
1005278
1012112
1009248
1004456
1006902
1002654
1003685
1001166
1002367
1002075
1010450
1003727
1010918
1005849
1010573
1007303
1012851
1005201
1010911
1003547
1004772
1001156
1001409
1001497
1010908
1006986
1001410
1009925
1006513
1004463
1006959
1003826
1007128
1002823
1011564
1004114
1012270
1004791
1009694
1003269
1011837
1009730
1002799
1011376
1001108
1010748
1009850
1005044
1009855
1006552
1012560
1005868
1009865
1000874
1009116
1002852
1006666
1011571
1002567
1002046
1003336
1012599
1005258
1003319
1000303
1001841
1000154
1006813
1006052
1007690
1012416
1011665
1003677
1006332
1004882
1012620
1000432
1004142
1004981
1006474
1010205
1005409
1009045
1006208
1003474
1002568
1012568
1006914
1011456
1004606
1002179
1010687
1005961
1003254
1002628
1009077
1002791
1000989
1009510
1005507
1004862
1007869
1006179
1005227
1006083
1008912
1002471
1011812
1010016
1003308
1009172
1001490
1004839
1006201
1005434
1001701
1009879
1012609
1012254
1012291
1005038
1001523
1006726
1009372
1011999
1009749
1007686
1011793
1007720
1006969
1008818
1000275
1000583
1003647
1000101
1001922
1001125
1012722
1000516
1003268
1001763
1004706
1011449
1011279
1006187
1000881
1000258
1012443
1000391
1004700
1011551
1011688
1009090
1006551
1004505
1005414
1002423
1004718
1006234
1000243
1001254
1009392
1011918
1001008
1006477
1002581
1010011
1005678
1000586
1005188
1009486
1003524
1009115
1009255
1001227
1000140
1012155
1001830
1008908
1001722
1001617
1000028
1011544
1003486
1005000
1007331
1006835
1010119
1002267
1011891
1001917
1000425
1001386
1003056
1003462
1006051
1010823
1004800
1000412
1007197
1009526
1007525
1010709
1006721
1005050
1009950
1002906
1012744
1010418
1011672
1011517
1003402
1003101
1011919
1006123
1010310
1007583
1004963
1002606
1004911
1010502
1012656
1012907
1006506
1010658
1005952
1011864
1002991
1010162
1003431
1005040
1008930
1003508
1012482
1012367
1011701
1009696
1004969
1011855
1010526
1010807
1005627
1007608
1003003
1009394
1002724
1007310
1009207
1010559
1002167
1005143
1006737
1002323
1006192
1004511
1007871
1000753
1000240
1007741
1001732
1012535
1001738
1009013
1002806
1007459
1005684
1004546
1001604
1011183
1009060
1007373
1007570
1002564
1010729
1007374
1004139
1000488
1007328
1011238
1007029
1004473
1009812
1008961
1004032
1007256
1009396
1002874
1000422
1005462
1006734
1012060
1004200
1010608
1011795
1006006
1003882
1006001
1007837
1005283
1005880
1006534
1007761
1004197
1012076
1007656
1005656
1009264
1000114
1009214
1004779
1002211
1006043
1002815
1004594
1005831
1006027
1005157
1012124
1002339
1006459
1004947
1007302
1009845
1009918
1003957
1012413
1004061
1009079
1006446
1012477
1000490
1002584
1012999
1011235
1002259
1003725
1011290
1011014
1012398
1001671
1001299
1002168
1005529
1009483
1001337
1009512
1005642
1006073
1000921
1010778
1010422
1008845
1002974
1002927
1007651
1006258
1004438
1007819
1007431
1012140
1004467
1004407
1003399
1005287
1009004
1001088
1009173
1003975
1001450
1009113
1003628
1000566
1001043
1003491
1010601
1004537
1009051
1010575
1010982
1007851
1007111
1005191
1010121
1003299
1012603
1006055
1009169
1010265
1002579
1002952
1006955
1004257
1002213
1001653
1001251
1012598
1000513
1003010
1009642
1005659
1011700
1002160
1007116
1004557
1005574
1011175
1012473
1011350
1001629
1007523
1007505
1003565
1001901
1001231
1012163
1008968
1001419
1001068
1002150
1006527
1012442
1010453
1011736
1005839
1012583
1010647
1007566
1006299
1003738
1000492
1001853
1002790
1000843
1007370
1004105
1007768
1001223
1001435
1005756
1001289
1010247
1000854
1011946
1010789
1007636
1002730
1012887
1009731
1010897
1007547
1012082
1000725
1001625
1010163
1006158
1005767
1000839
1012133
1004016
1006887
1004323
1000178
1004827
1012087
1004211
1001624
1004966
1010902
1009538
1000306
1009873
1000653
1003606
1006184
1001659
1009042
1003197
1012366
1001683
1000074
1009641
1007387
1005015
1009103
1011991
1011194
1000638
1007193
1002575
1002666
1003096
1009348
1007312
1012819
1011269
1001109
1005498
1010188
1006270
1004961
1005929
1003181
1006926
1005865
1005546
1007322
1002885
1011428
1011304
1004040
1004465
1002320
1005881
1002419
1001045
1007458
1007769
1001651
1006829
1005622
1004306
1000189
1011114
1001646
1000792
1009202
1004659
1002765
1007162
1006129
1005129
1002403
1000786
1004740
1005322
1004500
1010280
1002357
1004167
1001465
1001512
1001333
1005703
1000418
1000866
1002370
1000987
1003036
1005059
1009714
1009744
1001086
1012555
1007785
1006045
1002675
1007356
1001743
1012247
1000251
1009917
1006249
1012066
1011523
1002241
1007434
1004620
1000903
1011432
1006503
1006745
1007473
1005841
1012075
1006079
1003871
1006928
1010562
1005857
1005264
1003342
1011347
1002153
1010091
1006143
1011468
1006911
1005441
1003550
1010123
1001784
1011989
1000477
1005270
1002586
1010851
1003813
1012452
1011825
1002191
1005054
1004153
1009809
1003744
1004350
1004468
1001977
1002376
1003824
1007861
1004633
1007151
1002142
1012354
1002240
1011729
1008815
1007515
1005504
1007420
1004833
1001198
1009616
1010773
1002269
1007096
1012531
1012797
1007291
1010542
1009296
1009148
1003655
1007109
1012230
1005623
1010459
1010958
1011310
1000998
1002716
1010027
1000079
1003722
1009545
1012171
1004611
1011879
1002848
1011497
1012121
1011121
1010713
1005415
1004364
1006018
1012925
1002397
1002988
1007100
1011072
1001759
1003393
1001506
1012862
1005420
1001494
1006895
1007067
1002085
1010510
1010723
1007073
1005720
1006080
1004866
1005396
1004778
1005662
1012933
1001104
1000211
1012306
1006251
1009229
1001999
1010183
1012478
1006074
1004278
1007442
1000483
1004992
1000279
1001499
1004222
1011377
1006121
1000102
1011184
1002897
1009100
1005917
1010490
1006859
1002299
1001377
1007195
1011705
1002230
1003457
1006214
1010443
1009570
1010594
1005714
1001775
1005281
1007043
1006827
1004156
1004150
1001091
1003713
1003803
1002427
1002407
1003416
1000344
1008975
1006860
1012339
1003452
1009317
1006576
1000128
1003045
1003309
1009129
1005563
1001157
1005317
1011768
1011017
1012191
1009226
1006922
1003753
1002393
1009092
1012942
1012493
1005812
1006372
1010216
1009829
1012126
1010372
1007754
1003443
1003679
1000558
1011190
1006870
1001482
1011059
1012971
1004218
1005568
1005657
1002008
1002103
1003042
1008922
1003658
1009757
1010916
1012547
1000976
1005897
1005184
1004642
1008966
1011944
1004768
1006624
1006641
1006640
1000791
1009560
1002886
1009982
1010610
1007579
1004738
1006456
1006008
1007178
1003315
1007341
1001442
1009579
1009948
1010315
1008905
1012641
1003461
1011095
1011060
1001868
1003969
1003059
1003640
1005111
1005726
1009284
1000626
1002451
1001382
1004807
1003331
1006667
1001509
1000671
1011531
1009459
1002365
1006936
1001966
1002027
1006954
1007155
1001246
1009807
1005541
1001720
1009666
1009000
1007574
1001709
1004666
1003841
1007045
1003189
1001412
1003504
1003836
1003173
1007338
1011927
1000426
1004864
1006892
1007664
1011972
1010660
1011746
1003592
1004786
1000197
1004734
1012249
1002004
1003122
1011073
1000572
1009131
1003230
1010231
1002351
1005661
1010303
1010715
1000995
1003005
1010786
1012166
1011931
1009909
1011001
1010965
1012036
1010721
1010968
1007001
1006880
1000835
1006457
1002793
1007157
1005762
1010708
1002565
1001764
1004997
1004429
1012216
1012301
1000038
1007814
1007070
1011372
1004330
1006054
1004439
1010211
1012683
1005716
1004959
1001670
1003245
1003619
1009723
1006671
1012881
1011226
1004372
1010539
1004693
1007802
1000388
1001136
1002111
1000974
1012031
1006094
1001488
1001107
1006962
1009449
1006587
1007782
1005912
1011597
1003868
1007421
1007609
1003475
1010139
1004043
1009022
1003945
1012705
1010847
1004236
1011203
1011687
1001476
1007201
1003335
1010481
1002237
1012055
1010240
1000825
1007154
1004522
1000123
1012303
1007218
1010049
1005468
1001925
1012384
1012720
1003484
1011644
1001968
1003495
1003395
1001440
1006593
1009468
1005456
1010301
1011942
1009860
1003948
1004944
1012201
1001600
1012934
1011791
1012326
1005256
1002431
1012194
1010592
1010869
1001408
1009322
1011491
1009159
1006604
1000382
1009137
1007125
1010865
1001326
1003777
1012940
1009640
1002398
1004747
1009474
1004841
1007843
1004710
1001479
1006725
1012135
1000636
1010895
1012600
1000973
1006433
1000262
1010634
1010200
1009370
1005991
1011914
1005624
1006647
1000720
1003625
1000037
1011966
1007407
1006106
1009537
1009862
1006972
1008996
1000006
1011031
1011636
1002706
1010609
1009676
1000606
1004518
1001796
1010531
1005432
1003371
1011261
1001959
1009847
1006879
1009741
1005862
1011023
1002072
1011826
1011684
1001212
1011898
1003155
1003798
1012549
1001712
1003520
1010675
1010325
1004283
1011850
1005107
1004561
1008923
1012387
1010706
1007094
1010130
1010508
1000907
1008932
1005722
1009016
1006814
1001222
1002679
1002747
1008856
1000442
1011613
1012377
1001404
1010454
1002600
1005230
1011923
1003905
1007586
1007875
1009002
1011296
1005385
1001736
1010603
1001740
1001468
1001217
1009627
1005027
1002732
1011960
1005582
1003340
1002134
1012528
1002695
1003261
1003998
1001236
1004068
1002424
1004107
1004538
1005922
1011155
1001910
1004133
1012500
1004676
1000743
1001396
1005425
1009087
1001272
1006268
1010974
1004169
1000330
1009966
1010784
1000957
1007321
1002645
1004979
1005019
1003595
1010390
1006684
1000712
1010948
1005392
1007286
1002858
1001314
1012314
1004704
1001175
1008813
1003039
1011852
1011036
1005512
1012258
1005437
1000066
1009163
1009899
1012252
1004728
1004112
1010363
1007388
1010656
1009605
1011956
1002450
1002485
1000103
1004949
1012746
1002272
1009451
1009283
1001309
1010095
1012562
1008861
1007047
1004607
1004041
1010874
1006799
1004255
1010801
1006061
1005953
1008881
1006222
1006782
1005772
1007179
1004920
1005476
1003288
1003333
1006020
1002104
1012510
1003706
1007257
1007756
1012532
1012784
1004057
1003782
1007448
1008819
1011041
1012888
1012169
1012309
1011470
1006490
1001631
1012322
1002042
1007447
1009799
1007251
1003537
1002769
1004015
1004598
1006991
1009897
1006618
1004315
1003283
1000905
1000502
1004459
1005266
1005895
1006130
1012501
1004182
1001464
1001232
1004000
1000856
1012811
1005319
1011926
1003071
1002154
1004695
1000728
1001161
1002192
1004481
1011415
1004233
1000978
1012538
1012737
1000868
1012687
1005177
1004119
1005207
1004035
1012891
1006314
1010430
1006984
1010888
1005995
1011957
1004766
1003699
1000339
1010184
1011860
1010133
1009609
1002787
1002065
1008974
1002903
1004982
1005505
1000035
1011743
1009601
1005750
1005891
1009218
1001319
1003701
1006492
1006148
1002842
1004134
1011128
1004437
1003503
1002610
1008989
1004457
1012545
1010309
1000060
1007254
1012474
1011541
1012370
1006296
1000808
1006974
1010899
1010098
1000341
1006796
1005793
1004890
1012113
1002808
1007023
1008808
1011373
1001880
1003999
1004883
1010062
1007661
1011824
1012226
1004076
1009263
1004069
1011192
1000376
1006136
1001387
1002623
1002522
1009842
1001500
1006773
1011079
1011866
1012780
1001544
1000912
1001057
1004578
1002687
1002220
1011929
1003653
1001583
1003967
1009124
1009438
1005203
1003025
1010730
1005313
1001180
1007742
1011890
1000936
1009253
1001072
1011089
1002671
1009685
1007398
1004252
1003676
1004212
1011561
1002561
1007224
1007807
1009361
1008928
1006335
1009533
1001428
1006144
1012220
1002303
1001936
1011216
1007161
1010421
1001374
1002560
1006952
1006797
1012342
1009444
1010800
1003801
1009769
1010285
1012484
1001504
1010060
1004587
1006579
1006147
1012234
1012770
1005041
1000644
1012855
1003877
1007519
1002280
1001545
1000717
1012439
1003802
1000768
1010682
1012789
1004335
1008842
1007002
1009870
1000551
1002841
1011553
1011603
1011413
1002971
1000043
1009075
1003588
1008915
1001420
1007298
1005126
1001781
1012317
1010755
1006449
1004146
1010763
1005809
1006774
1000462
1001871
1011424
1001862
1007444
1009371
1011947
1012294
1010667
1010087
1012242
1003684
1010479
1001816
1012614
1005700
1004670
1005210
1001085
1000055
1009770
1009288
1006869
1006315
1012897
1005417
1002464
1002863
1006257
1003549
1000880
1011453
1002098
1011262
1005919
1005540
1005829
1006370
1002710
1001183
1012791
1007784
1011324
1012630
1003133
1006295
1004592
1001406
1002968
1004307
1002107
1003845
1007143
1004478
1007738
1009561
1010249
1000524
1002401
1010928
1007576
1002161
1002273
1003631
1011094
1005901
1002608
1003776
1011458
1012224
1004312
1007568
1009869
1005820
1001899
1009057
1000215
1011033
1005861
1012286
1012715
1004660
1005161
1011938
1010846
1010528
1010100
1005692
1003179
1010467
1003401
1002975
1012505
1009252
1010554
1000986
1004014
1002131
1004996
1010664
1002289
1011565
1012105
1009774
1011698
1003419
1009083
1008854
1005308
1012088
1005502
1003936
1000993
1002437
1007606
1011753
1001316
1012914
1001026
1001543
1010716
1011077
1011983
1005786
1001842
1001359
1004775
1006160
1006768
1004876
1005734
1006204
1010003
1002089
1000772
1001611
1004942
1011022
1001505
1006375
1000232
1007775
1002912
1009074
1003094
1005663
1001391
1001351
1005390
1010695
1004918
1001186
1004602
1000470
1001573
1005743
1007024
1012956
1001685
1012732
1012960
1000468
1007229
1000321
1002068
1004771
1004260
1004858
1001984
1003835
1009892
1010636
1003564
1011426
1011509
1011132
1010061
1001827
1005127
1007874
1012984
1005602
1006927
1011466
1012521
1006811
1002737
1009522
1002274
1007835
1010529
1006166
1003127
1009622
1012353
1012496
1012813
1001350
1000788
1005422
1011675
1012299
1002618
1005077
1010066
1002756
1009943
1004895
1007727
1010132
1004792
1011229
1003282
1006076
1002574
1012863
1000272
1012445
1010931
1007199
1012048
1009110
1012083
1007124
1003965
1010257
1000002
1004479
1003812
1000362
1000641
1002209
1012101
1001245
1012389
1004403
1001615
1006337
1009458
1007068
1005721
1008943
1011050
1003090
1004332
1010802
1003091
1000117
1004256
1012662
1006371
1009716
1004924
1004517
1003052
1010698
1012752
1007787
1003532
1001144
1009963
1009069
1009028
1011885
1011469
1006956
1002136
1007003
1002491
1010536
1002840
1011160
1002040
1003156
1002742
1005695
1006682
1000196
1008873
1010848
1006118
1007270
1012725
1009823
1011930
1004454
1003424
1000718
1002277
1003562
1012320
1009891
1010501
1001605
1011745
1000404
1008948
1006951
1006606
1003912
1011004
1005166
1006942
1004094
1002120
1009697
1005115
1011156
1001548
1005132
1011328
1000497
1000582
1005098
1010114
1004495
1000152
1002660
1001044
1001592
1003876
1012072
1005488
1000968
1003318
1003472
1002435
1001265
1006548
1002349
1006919
1012287
1010953
1002955
1011209
1004181
1003070
1002805
1005875
1004698
1002145
1010827
1005325
1010233
1009738
1010653
1011828
1009333
1001898
1003293
1004646
1000529
1000646
1004475
1006530
1011730
1003929
1000402
1006590
1002761
1011359
1007165
1011465
1011232
1000098
1003825
1011959
1002036
1006069
1010457
1000887
1000985
1010352
1006801
1011165
1002254
1005763
1012222
1012259
1002050
1008887
1007633
1011460
1003717
1004784
1010875
1000539
1000595
1006660
1011711
1002986
1012429
1012073
1009123
1005945
1010080
1000831
1001882
1003792
1012005
1004847
1010273
1008885
1007026
1012894
1002384
1001952
1001070
1005206
1006531
1012666
1000624
1001373
1007550
1009687
1006255
1006494
1003897
1010844
1007435
1007401
1012282
1012438
1006978
1002032
1000966
1000175
1011995
1012332
1010570
1001861
1003068
1011851
1011144
1012895
1006536
1006716
1011000
1002853
1012451
1004624
1012490
1002350
1004448
1000795
1010286
1003263
1002563
1006788
1010030
1003135
1003716
1000229
1001730
1005846
1006770
1011878
1005024
1007573
1000537
1006884
1001689
1005025
1012937
1003418
1005594
1006396
1006480
1012007
1002222
1011037
1006854
1006113
1009299
1005173
1005380
1006359
1007412
1012704
1005801
1005073
1011118
1008847
1010010
1000252
1002158
1011437
1002830
1008806
1002388
1003011
1012627
1009955
1006452
1002440
1000345
1010757
1010624
1005547
1003111
1010588
1000039
1009690
1004654
1000694
1011176
1012460
1005587
1007402
1002531
1002544
1012041
1002478
1009251
1011340
1007035
1007395
1002231
1010106
1004190
1000283
1011390
1012830
1000776
1004325
1001152
1009203
1005176
1011974
1001023
1010151
1006646
1003885
1006958
1000773
1000264
1002651
1002802
1012185
1003150
1002482
1003167
1008967
1005628
1009794
1001423
1001160
1000817
1005637
1007641
1009567
1001953
1007366
1001323
1005619
1005826
1012372
1007683
1005187
1006697
1007287
1000567
1009688
1011948
1010181
1005517
1010951
1012947
1012199
1000213
1012875
1004857
1010787
1000564
1001147
1006509
1011302
1009617
1002233
1002905
1003072
1007054
1000218
1005573
1004878
1006304
1003535
1000687
1011868
1004078
1001397
1007735
1002045
1005236
1010077
1000832
1001558
1012995
1000168
1006783
1002916
1006514
1009773
1007232
1003901
1012684
1007025
1004744
1009258
1007264
1005937
1003686
1011055
1000838
1005671
1012450
1012151
1010194
1004430
1003827
1005245
1001686
1002768
1009903
1007696
1009698
1004368
1009166
1010321
1000901
1005601
1000130
1002834
1001587
1009014
1000777
1002728
1002447
1002591
1006418
1007138
1011936
1009782
1001260
1007481
1006736
1000359
1010954
1000521
1011661
1012513
1003330
1004331
1005205
1007248
1004696
1005416
1001939
1001154
1007630
1004946
1009303
1007339
1005209
1000722
1000297
1007580
1000906
1001682
1009422
1003608
1009335
1009192
1010925
1003709
1012337
1011409
1010586
1001755
1006139
1010949
1000322
1001487
1005232
1012107
1010548
1011897
1001900
1009787
1000467
1007261
1001618
1012106
1008812
1002200
1012802
1012554
1012197
1012253
1006628
1004610
1000109
1012458
1006500
1003338
1006289
1006409
1005647
1000476
1004404
1003217
1010772
1010511
1011459
1006303
1010966
1005549
1008837
1002637
1006019
1001663
1003434
1010901
1011823
1002258
1002374
1001814
1003797
1004092
1006619
1009279
1007455
1000242
1011640
1005151
1010343
1004962
1002297
1001987
1002727
1006044
1005342
1009294
1005943
1001388
1011054
1004455
1003984
1002625
1011370
1012313
1011141
1000752
1001334
1006561
1010099
1007496
1002096
1005888
1005741
1000261
1004464
1000266
1001643
1004677
1001335
1000952
1011275
1004427
1002225
1007394
1012652
1003953
1004936
1000622
1006867
1002729
1001562
1006556
1003262
1006240
1007076
1006631
1011887
1012668
1011120
1000837
1009651
1001696
1007820
1009136
1010311
1000692
1010203
1003143
1010843
1009705
1001612
1003445
1003115
1004319
1007486
1004243
1001417
1007105
1012378
1006535
1009365
1005193
1009417
1012331
1004867
1010050
1012989
1009993
1011441
1012884
1005993
1000559
1005105
1003890
1003938
1009418
1010126
1001964
1003932
1011277
1002931
1001095
1007543
1004549
1010038
1004990
1002147
1004814
1012754
1002121
1011329
1011798
1012046
1007332
1010668
1006946
1005557
1010820
1008807
1011978
1004400
1001434
1011062
1010290
1000531
1002132
1012689
1006626
1009802
1010797
1004062
1005994
1011044
1007304
1011694
1001279
1000933
1007632
1007653
1001564
1000141
1005068
1008911
1004726
1009180
1002108
1007034
1006103
1000045
1006150
1004926
1003946
1006274
1003381
1010002
1006846
1003329
1000612
1007796
1000619
1003196
1000433
1012885
1002534
1009733
1000366
1009477
1002474
1005302
1006533
1005535
1005754
1006934
1004746
1000972
1005856
1010641
1004340
1001446
1012871
1006853
1000758
1010606
1009671
1005992
1011832
1002949
1009457
1011362
1001839
1000400
1000782
1005882
1012170
1004308
1005017
1006996
1005825
1007415
1010438
1004907
1004769
1003251
1010524
1000625
1001567
1001344
1005474
1005802
1001138
1001383
1011583
1011607
1009703
1002051
1001789
1007706
1005372
1006325
1007049
1005615
1002002
1012414
1000848
1004844
1002851
1001071
1011767
1002294
1010051
1003159
1007204
1012361
1000505
1012352
1010441
1004370
1006012
1007050
1002059
1002583
1010340
1001394
1012787
1007334
1003746
1009132
1001007
1007665
1003326
1005045
1002353
1001195
1009517
1001362
1006819
1011253
1004532
1005002
1004588
1001627
1012147
1009979
1002344
1007648
1006339
1000129
1006112
1009724
1012711
1009456
1009384
1010964
1002860
1006185
1012810
1010600
1004303
1006711
1003429
1002245
1011733
1004668
1002876
1005174
1007382
1000970
1004902
1003437
1005082
1008904
1002686
1009715
1006046
1002215
1006913
1007623
1011835
1002285
1001707
1000610
1007010
1005985
1011796
1004471
1007216
1010000
1012678
1010218
1011513
1006584
1010128
1006436
1012867
1003911
1009683
1012110
1005667
1007333
1005368
1001690
1009126
1011538
1011624
1006263
1000246
1002976
1012706
1011334
1006131
1010792
1004385
1001739
1004480
1009704
1002206
1000149
1004452
1012610
1010998
1009101
1005120
1000990
1005282
1001652
1012651
1011965
1009301
1010323
1002744
1003387
1001820
1005740
1011524
1009356
1007506
1007596
1012539
1000186
1006569
1010769
1005321
1011316
1010906
1010304
1001594
1005097
1009507
1007647
1012848
1003325
1012283
1001809
1011592
1007836
1002216
1004750
1004741
1011985
1004797
1003479
1003414
1002734
1001415
1000600
1008864
1006138
1001056
1003514
1001017
1008953
1010255
1012397
1006868
1009577
1012018
1012193
1007142
1010809
1006985
1002777
1004860
1007136
1000703
1006086
1004121
1011010
1007250
1001938
1005341
1005907
1010014
1009064
1004011
1012506
1004049
1006262
1012047
1002223
1009085
1005538
1010793
1009884
1008977
1009720
1011435
1011198
1009018
1006822
1008802
1011545
1007512
1005962
1010338
1003652
1008926
1004520
1001033
1001305
1005513
1011714
1002553
1001566
1006918
1002838
1005789
1004770
1001888
1007078
1011901
1004514
1007598
1010994
1005030
1003112
1012373
1011381
1002934
1010104
1005613
1000682
1009659
1012327
1002644
1009095
1002180
1001518
1006817
1007208
1006247
1009927
1003023
1011498
1003864
1002402
1011289
1002549
1011790
1007106
1003169
1006084
1001427
1001981
1003435
1001002
1002035
1002332
1010596
1009499
1009199
1012156
1010499
1005491
1001632
1012304
1007590
1003456
1012699
1002047
1005883
1000942
1001728
1002526
1012769
1003604
1003800
1006668
1012396
1004070
1001220
1011536
1001777
1006309
1005440
1003931
1011511
1001927
1003761
1006779
1003292
1006616
1001929
1007409
1002093
1009347
1006718
1010745
1011191
1009820
1012236
1000439
1009170
1009938
1010476
1010168
1003012
1004632
1000298
1007493
1012173
1004298
1005503
1012068
1009027
1002796
1002137
1012276
1002038
1004595
1009030
1003053
1006575
1010771
1010855
1003380
1005715
1006244
1004688
1002895
1007591
1011103
1003038
1007643
1004147
1006422
1000494
1009818
1003341
1001204
1010294
1004848
1000590
1009896
1007652
1003789
1011847
1002821
1006975
1005061
1005200
1000955
1003439
1010824
1010064
1003755
1005739
1012944
1011913
1002275
1002149
1003664
1011809
1009804
1012741
1001723
1011550
1010006
1005960
1000269
1004502
1011528
1002099
1010702
1006267
1004365
1012228
1002362
1012207
1000819
1000190
1002094
1009419
1010201
1006313
1001996
1007367
1000148
1007507
1003783
1000311
1003355
1005092
1010860
1012823
1011940
1009665
1009286
1004970
1006656
1000573
1002060
1005518
1004240
1005464
1000368
1004399
1002922
1003519
1012153
1009655
1006223
1001006
1002429
1000945
1007385
1003097
1010679
1010759
1007190
1007490
1006976
1011542
1004993
1000609
1005680
1002503
1004608
1000489
1004474
1006857
1006563
1000217
1012648
1003027
1010090
1012085
1011578
1009198
1010347
1011233
1001191
1012712
1009736
1002271
1011158
1011657
1010191
1002302
1002559
1004196
1003992
1001668
1006224
1001765
1003654
1007615
1012349
1007533
1006028
1007044
1006758
1012196
1009216
1008877
1007027
1005583
1000764
1006425
1004846
1007872
1012165
1004042
1004656
1009913
1002741
1005240
1011943
1000180
1009208
1006749
1000893
1006213
1000288
1002633
1007307
1011895
1004415
1003422
1012755
1012519
1004386
1004389
1006237
1007561
1000092
1010796
1007262
1010683
1003008
1004424
1007160
1000577
1001444
1007185
1009150
1003047
1010728
1012682
1004383
1002789
1002957
1000115
1005858
1003149
1002920
1003806
1004392
1003518
1012850
1000858
1002246
1009121
1005479
1005303
1009235
1010406
1005167
1002954
1009880
1006071
1001863
1003086
1001838
1006756
1005087
1006680
1009889
1000116
1009814
1006769
1007453
1012277
1002029
1000063
1000244
1009091
1006196
1007456
1002925
1001767
1003120
1000498
1006845
1001430
1009433
1001247
1007383
1003232
1000430
1002879
1012000
1009625
1006306
1009389
1011162
1010861
1005848
1010005
1003598
1008964
1007732
1000011
1012172
1000877
1004420
1005169
1006227
1010929
1009506
1002087
1005600
1012423
1010167
1004436
1009187
1002538
1011581
1005932
1006105
1004321
1003284
1009360
1010640
1010743
1000375
1002678
1003650
1011904
1006705
1003408
1012739
1000946
1005805
1002616
1004267
1006589
1008951
1006328
1010118
1010544
1002868
1004612
1009439
1009924
1006440
1010907
1002688
1001666
1009905
1002455
1007175
1004540
1001167
1006202
1001829
1004559
1011408
1000811
1009285
1004130
1007171
1003153
1011969
1004333
1001776
1006522
1009140
1007465
1004972
1005648
1006210
1004444
1003366
1001118
1007454
1000389
1004815
1003158
1004397
1012138
1003883
1011742
1010013
1007549
1009518
1012149
1000099
1006294
1007404
1006191
1000991
1008899
1002184
1003145
1010264
1005552
1009227
1005918
1008920
1000411
1001321
1003739
1002152
1012002
1006915
1010826
1004327
1008954
1005506
1012619
1006515
1003666
1012967
1006874
1009674
1009634
1001630
1005830
1002937
1000670
1003182
1004363
1005421
1009230
1007372
1002490
1003659
1002334
1009682
1002749
1008986
1007273
1009149
1009362
1010795
1007057
1001168
1006405
1008874
1011363
1004351
1007621
1005379
1000051
1003865
1004503
1009670
1000205
1009153
1002914
1008945
1003638
1006041
1010423
1012179
1001097
1011507
1006155
1001551
1008956
1002502
1004631
1006092
1012866
1006152
1006544
1007524
1009726
1012017
1011821
1004262
1000739
1011738
1012150
1001750
1001771
1007659
1005778
1002257
1002825
1007424
1006876
1009551
1001766
1009287
1005784
1011676
1004371
1010884
1012181
1010073
1006236
1004579
1000563
1005863
1003702
1005607
1001421
1003476
1005497
1002630
1010883
1005212
1007132
1001197
1009352
1000879
1005626
1011039
1000056
1011338
1005006
1005014
1004975
1005572
1007765
1011769
1010693
1000840
1007174
1000710
1007618
1009450
1002106
1004045
1000369
1010291
1005779
1007824
1003858
1008902
1001311
1009827
1009541
1009108
1003165
1012348
1002426
1007488
1003850
1006654
1003554
1012632
1002263
1006279
1003982
1002366
1000170
1007150
1012108
1004324
1002188
1007226
1011243
1001285
1010868
1004286
1001909
1007085
1005369
1007611
1004508
1005490
1009241
1000326
1000177
1002262
1005526
1006712
1001923
1004188
1005299
1000665
1006995
1005472
1003394
1009961
1009606
1000766
1012803
1010513
1007833
1002818
1003915
1004487
1001127
1012527
1007605
1012645
1012162
1006523
1003533
1005382
1000053
1007255
1002248
1006751
1002434
1010198
1003225
1003291
1005133
1005679
1007203
1011877
1009318
1002135
1004724
1009053
1002573
1004095
1003646
1007681
1009652
1009839
1006109
1010776
1007845
1001294
1003280
1002409
1004309
1005104
1006246
1005268
1007668
1011996
1004224
1000917
1001492
1000900
1012677
1009429
1010426
1007144
1001171
1004443
1003385
1011015
1002869
1009759
1011273
1003500
1005835
1002197
1003256
1012239
1012449
1007123
1012798
1012032
1000922
1009735
1012861
1011057
1011008
1002084
1011900
1004053
1010469
1011619
1005625
1005225
1003711
1004265
1011882
1003043
1004491
1006625
1003105
1001342
1009957
1010202
1006319
1003843
1011604
1003745
1005523
1011396
1011626
1005833
1005029
1004674
1002028
1007097
1010359
1005544
1001889
1001613
1005990
1010978
1012502
1012879
1011430
1000561
1012561
1009994
1009922
1001542
1006197
1004046
1005924
1004418
1011709
1011739
1007103
1008952
1004526
1012180
1007349
1003567
1011910
1010318
1002410
1004826
1002056
1003084
1006837
1011474
1000958
1003974
1007716
1012745
1002112
1000384
1007140
1004253
1002770
1010252
1007122
1005122
1005208
1000491
1005435
1005357
1006338
1003433
1003032
1001189
1000440
1000448
1005522
1001960
1009047
1002307
1000549
1009816
1004760
1006205
1005255
1002340
1001721
1000801
1004542
1003543
1012497
1009009
1001519
1005749
1011563
1001115
1012025
1010550
1001029
1009094
1012289
1003016
1009067
1011632
1001590
1005089
1006511
1006541
1006615
1007295
1007477
1012540
1011803
1004406
1004720
1000618
1009578
1010617
1004823
1011708
1000823
1011205
1006778
1006807
1005998
1012679
1009008
1004358
1003046
1009128
1011863
1002079
1005790
1012184
1001704
1005051
1001087
1012765
1010242
1003596
1005771
1002639
1006752
1010553
1001845
1009390
1009514
1003109
1002208
1009185
1002731
1006903
1010720
1003570
1009061
1006659
1011476
1007135
1000894
1000721
1005487
1012864
1006473
1011976
1006031
1000696
1005690
1009534
1010991
1011267
1012858
1001367
1009044
1003838
1006872
1006447
1011161
1009984
1004376
1009953
1010403
1009876
1009448
1001384
1005363
1006221
1003683
1000276
1010362
1004948
1002893
1000754
1004672
1006831
1012411
1004357
1009604
1012462
1012444
1012833
1006256
1012698
1012877
1004887
1000431
1004272
1012931
1001808
1007176
1006349
1002983
1004393
1002390
1000001
1011819
1005543
1004300
1012910
1006048
1012009
1005612
1003463
1002278
1011087
1003907
1003499
1006529
1011110
1005914
1007724
1003509
1000536
1002119
1011016
1000927
1007166
1001407
1010172
1002054
1007058
1010932
1000447
1011582
1012976
1010879
1003540
1003044
1009500
1010719
1007344
1010369
1002117
1006066
1011169
1005136
1007327
1004941
1009167
1001577
1003657
1010110
1002953
1004519
1006397
1006226
1012775
1002413
1010837
1006035
1001229
1012788
1011124
1012559
1003377
1003691
1007317
1009245
1007846
1001099
1010434
1004077
1012137
1000307
1005257
1012146
1006434
1008950
1001914
1007593
1001878
1009400
1011278
1007194
1006288
1012516
1003014
1012692
1011025
1003215
1009528
1001084
1001978
1003095
1007075
1001530
1009661
1006470
1000377
1000649
1012386
1004353
1000796
1008997
1010324
1007177
1001276
1005658
1004093
1002316
1000557
1008973
1004988
1004781
1007244
1008844
1003151
1012231
1004140
1007292
1009768
1005486
1005730
1005471
1002414
1010052
1006692
1007156
1007801
1010894
1002704
1002354
1010366
1004251
1000898
1000367
1000883
1002261
1002383
1011838
1009434
1002143
1000293
1002290
1010245
1004872
1012480
1006171
1009482
1005701
1007335
1012948
1004143
1006518
1004414
1000570
1011546
1007634
1008890
1005215
1005694
1007137
1012795
1002325
1000249
1004615
1011716
1006979
1002116
1005273
1010577
1009553
1005819
1011335
1002889
1012643
1009280
1005229
1009751
1002224
1003600
1010092
1007247
1011967
1003939
1009530
1011315
1003451
1007451
1000931
1006983
1000751
1004005
1003477
1004273
1006696
1006330
1000603
1006547
1005112
1006122
1001649
1011633
1001040
1001201
1011706
1000334
1004645
1000059
1010154
1010449
1012825
1006591
1001277
1002298
1009437
1010920
1003114
1000325
1003244
1000737
1011112
1002722
1000263
1012955
1006583
1001466
1009663
1004763
1011223
1011707
1001460
1007828
1005585
1004213
1010284
1012852
1010652
1009669
1001416
1006967
1009379
1003124
1002513
1005927
1003767
1004206
1009596
1001725
1001447
1009988
1011258
1006497
1000685
1004687
1006609
1005251
1010102
1004983
1005553
1005378
1000969
1010213
1006791
1010885
1002070
1012734
1002473
1011854
1000371
1010985
1005871
1005388
1007309
1003542
1011219
1005485
1009339
1007495
1005759
1005775
1007173
1000806
1003468
1006888
1011252
1004149
1012587
1012675
1004225
1004804
1010292
1012272
1006442
1007604
1009713
1011921
1004013
1006710
1002509
1011368
1001495
1009081
1011908
1008979
1011601
1002164
1010626
1000466
1007243
1009176
1010804
1004425
1000592
1012517
1002069
1004118
1000296
1007438
1011660
1005439
1004535
1011215
1007838
1006042
1011894
1002488
1003510
1001815
1010295
1000144
1004636
1011487
1005815
1007413
1001274
1001457
1012499
1005146
1011133
1000183
1009821
1004906
1000716
1004572
1012288
1007781
1010943
1012625
1007657
1011731
1006703
1003294
1006341
1010134
1004352
1000100
1012214
1004551
1005777
1001873
1012635
1008868
1000895
1010671
1009182
1011859
1009261
1010017
1004665
1000088
1012663
1001516
1011195
1005548
1005973
1001803
1010380
1007712
1007133
1007051
1010753
1000500
1010614
1005314
1006458
1009036
1000221
1000827
1010197
1004348
1011309
1003403
1003728
1004241
1007225
1001593
1011254
1000302
1001224
1002432
1010939
1004916
1011047
1004658
1004568
1003238
1004977
1012336
1000370
1006168
1003622
1003694
1007529
1003337
1010549
1000704
1000167
1007859
1012537
1005561
1012487
1011686
1010942
1009872
1001985
1005832
1004027
1007767
1010863
1007677
1011588
1001111
1003762
1000250
1007260
1007816
1000631
1009753
1005119
1004663
1009725
1001135
1005411
1007635
1006119
1002800
1007305
1010145
1012650
1003579
1000434
1005755
1006686
1006676
1009901
1007672
1002907
1005519
1002472
1002039
1002803
1003872
1003029
1006889
1009488
1005709
1007625
1007639
1012917
1001644
1011482
1002657
1001990
1003100
1001715
1010357
1003083
1005902
1003356
1004686
1006893
1012461
1002296
1012588
1006750
1002859
1000351
1012567
1012463
1009427
1011397
1005664
1001706
1010078
1010552
1006764
1002129
1002557
1005823
1005142
1007148
1012553
1011500
1008929
1012828
1012589
1009743
1001366
1009257
1007120
1006064
1000747
1000220
1005373
1011439
1000709
1010557
1012014
1000194
1007457
1012067
1000052
1001847
1002189
1000861
1004819
1001857
1001791
1003373
1001037
1004803
1000408
1007014
1010872
1000656
1009355
1000315
1003933
1004026
1001648
1003226
1006198
1000666
1004703
1002381
1009161
1003183
1004038
1006602
1007299
1007709
1008831
1003285
1010466
1006183
1000067
1009926
1006977
1011747
1009586
1007209
1006909
1009919
1000584
1005067
1010435
1008931
1000689
1012428
1006276
1001591
1004619
1004044
1011510
1010892
1009504
1006931
1009702
1003766
1004637
1010864
1007233
1000424
1011794
1002854
1009464
1012809
1009154
1011068
1004009
1006075
1010604
1009527
1010673
1000372
1011171
1002882
1002843
1011559
1011950
1007757
1004530
1003345
1006176
1005391
1010272
1005427
1001196
1004506
1006658
1001162
1004004
1006229
1002399
1012824
1006881
1006598
1006272
1011525
1003148
1007631
1011858
1011288
1011138
1002465
1008910
1004362
1012227
1001121
1007581
1003781
1003505
1003900
1004296
1000579
1009184
1002980
1005451
1002972
1011240
1009508
1002690
1006435
1007022
1008853
1005214
1011765
1000499
1011756
1007245
1003065
1001185
1005575
1001025
1002221
1003460
1011298
1011130
1000971
1005892
1009509
1000511
1002668
1006040
1011763
1002421
1010867
1004622
1011178
1010446
1007710
1000456
1010568
1002831
1003218
1011049
1000926
1000207
1000223
1008985
1000087
1006601
1012778
1004649
1009151
1001837
1000635
1007564
1011605
1006805
1004879
1012880
1005797
1003584
1007368
1004434
1005032
1000755
1005531
1007660
1005542
1005930
1005859
1004702
1010616
1011105
1011321
1010742
1005165
1009511
1006772
1007763
1011691
1007530
1011032
1000096
1001717
1004239
1001094
1003719
1012244
1005139
1005910
1012307
1012432
1006170
1005430
1005753
1005764
1011625
1001067
1000578
1001250
1004064
1004976
1007752
1007812
1011874
1010317
1003026
1005593
1004586
1008892
1002814
1000983
1004719
1003952
1001331
1006673
1005578
1009657
1008959
1009991
1012052
1002982
1009152
1000416
1003671
1001656
1004472
1009844
1011867
1000182
1009454
1002462
1001673
1012507
1004614
1000659
1002512
1010143
1005514
1005090
1010485
1008822
1003266
1002961
1002199
1007268
1006961
1005162
1007497
1005983
1004209
1009684
1002242
1007300
1000821
1005837
1000347
1003272
1009344
1006450
1006681
1012718
1009407
1007783
1011680
1005596
1011577
1007180
1012243
1004577
1009826
1003854
1007691
1008949
1012868
1006886
1002725
1011952
1009587
1003997
1003873
1012213
1002640
1000131
1002894
1009029
1010750
1004525
1001836
1009557
1011125
1005138
1010329
1002329
1003610
1001478
1012038
1010975
1012572
1005124
1003372
1004250
1007012
1007823
1012074
1012093
1001234
1009569
1002772
1001742
1012945
1001571
1012762
1005148
1011650
1007149
1009861
1012178
1011689
1004609
1010833
1005399
1012849
1011213
1009431
1003388
1004830
1003481
1009693
1003273
1010229
1004639
1000216
1010930
1001879
1000472
1000323
1004082
1010665
1003076
1000437
1004451
1007483
1000080
1011647
1003613
1004160
1000849
1002718
1002709
1005946
1009790
1003295
1004458
1004072
1000783
1001372
1007791
1004795
1005168
1009706
1000318
1000407
1001155
1000393
1000449
1009590
1004039
1002946
1011351
1010798
1009421
1011905
1012936
1010404
1000601
1004730
1001866
1009441
1006212
1004483
1006843
1006793
1006753
1006271
1009254
1000094
1012136
1000179
1009003
1005655
1012750
1008919
1001461
1001063
1007670
1000025
1006110
1006365
1003265
1005001
1003168
1005213
1002081
1005410
1001737
1004960
1005580
1011637
1011488
1002896
1005752
1002203
1003807
1011263
1004356
1007822
1000138
1011917
1010567
1002620
1004662
1004603
1009068
1006966
1003587
1012328
1012719
1012838
1000598
1000730
1011634
1006549
1003248
1003132
1001710
1006566
1011702
1001016
1007638
1004247
1005074
1011896
1010477
1005164
1007707
1003222
1004552
1007000
1009453
1012826
1007469
1006558
1005033
1000761
1001772
1002960
1006336
1001210
1003512
1010307
1000812
1001379
1005889
1010828
1001398
1007708
1010583
1000547
1009096
1006553
1003513
1003981
1000950
1010569
1007182
1000875
1009524
1006760
1003778
1004545
1006230
1003951
1000623
1010498
1003110
1011259
1012212
1011282
1000484
1007211
1006241
1003832
1003050
1006713
1011695
1011980
1003978
1010169
1004280
1000459
1012729
1012994
1007380
1010817
1010393
1009084
1008988
1000872
1006715
1002460
1007790
1012475
1000757
1006057
1009531
1002655
1012019
1002395
1011255
1000765
1006395
1003057
1000565
1012403
1000507
1011865
1003603
1002412
1012476
1006851
1006538
1004401
1009020
1000159
1002170
1009548
1009817
1012613
1000342
1006401
1011074
1005760
1011442
1001609
1011495
1004536
1012152
1011774
1006403
1000637
1012195
1010739
1012096
1009763
1000935
1007863
1011151
1001942
1003980
1004556
1004543
1000270
1012424
1007099
1008947
1012900
1000192
1008846
1001134
1001601
1006562
1011872
1006424
1006891
1011443
1012190
1001665
1012578
1004275
1006717
1003558
1012109
1012420
1010775
1001228
1001965
1011595
1005669
1000278
1009017
1006842
1012129
1005135
1005028
1010254
1009644
1009806
1006278
1001090
1009179
1000284
1000212
1007736
1004880
1012437
1012962
1002328
1004186
1007320
1005980
1010506
1001241
1012582
1001296
1008934
1004893
1011857
1003644
1006731
1001158
1000892
1000581
1005853
1012208
1010456
1004601
1003264
1000119
1006200
1006650
1009882
1000387
1012296
1006792
1001537
1003490
1003170
1000628
1006614
1009695
1002430
1006404
1008863
1010829
1007602
1011434
1007826
1002178
1001192
1000383
1004226
1011317
1001458
1001187
1009974
1009811
1004915
1007534
1009086
1005431
1005328
1000473
1002157
1001794
1005018
1006539
1010036
1001042
1000106
1009765
1012605
1006414
1003404
1000486
1005638
1012346
1009658
1003154
1000386
1002614
1012061
1005649
1003229
1000104
1010389
1001970
1005515
1009402
1011537
1012022
1000822
1003413
1010391
1010297
1001252
1010299
1012050
1012204
1011320
1012586
1001059
1010433
1003553
1004563
1001050
1003492
1010741
1000202
1011013
1003243
1010622
1003347
1002698
1002128
1006744
1004575
1012758
1003616
1001654
1011635
1009656
1000032
1010415
1005864
1007607
1001253
1007231
1010250
1006821
1009006
1004512
1012275
1001448
1005269
1011111
1012062
1000867
1004065
1011457
1003660
1010590
1004548
1005261
1004929
1010845
1012028
1002133
1007284
1002611
1005473
1011673
1009240
1007847
1005867
1003174
1002507
1005618
1003281
1006637
1001194
1009225
1009840
1002268
1004801
1004809
1001205
1004171
1004752
1010165
1012045
1012724
1010244
1012344
1012943
1009127
1006912
1012580
1004987
1004812
1009194
1011098
1003538
1004875
1002130
1002442
1003811
1003687
1002535
1005824
1000235
1004925
1006896
1005101
1006723
1002487
1007032
1006747
1010140
1012081
1009386
1010475
1007146
1010890
1002694
1009907
1005757
1002163
1003386
1010688
1002992
1010341
1006095
1005920
1012021
1002445
1012427
1001619
1001786
1006153
1003494
1002733
1005234
1000794
1000225
1010947
1000741
1003118
1000724
1005562
1008972
1011727
1009550
1000338
1007316
1008827
1010166
1011447
1010990
1000356
1012269
1009888
1012264
1007464
1001894
1001680
1000960
1009237
1005279
1012419
1012558
1012601
1001449
1004952
1008840
1007361
1007725
1004732
1011568
1011827
1009935
1002228
1012781
1006014
1004417
1002372
1009338
1003943
1010718
1006565
1002697
1010692
1000313
1007876
1005712
1000816
1003582
1005481
1006308
1001100
1000392
1005134
1011515
1011322
1012142
1001003
1009923
1001207
1006149
1002682
1002073
1010382
1009959
1010282
1000174
1003274
1001769
1011844
1000078
