230711
230307
232324
222000
220322
223492
231058
223403
232565
220755
231802
231241
220905
227373
220768
2319801
229908
233067
229577
232576
222994
224270
232487
233251
229692
220895
223666
231511
231269
210322
228045
230913
230591
232892
210385
223468
227623
220664
221952
231341
232696
232154
231517
223822
2320451
223611
223045
210303
210419
230922
210448
220686
223542
231920
231620
229322
228190
222995
2319911
223665
232357
230308
222022
230336
223770
230282
227559
222440
228672
220321
229788
224014
224111
220593
232844
2320251
230683
220778
232393
210071
222580
220975
229395
228158
230573
232585
227638
230008
232240
220032
233178
224314
222054
223908
228794
224131
232991
227331
229457
231188
230502
227329
231291
229280
229609
210324
223707
210450
230863
233111
222864
227768
230226
232380
222748
230194
222963
223713
222137
223575
223972
220079
222802
222131
232888
222544
220693
222260
232617
2320902
230449
220550
224311
228164
220671
2319841
223528
222114
232366
228727
220923
210256
210177
223169
222414
232595
223383
232845
222030
232849
232266
232923
210446
233310
223062
232659
230530
228027
232443
230025
230163
232703
229507
231149
223461
228412
232316
223355
223502
230936
224098
230017
224206
230798
228914
231632
229245
224350
224336
230960
222055
232806
222976
222296
2320352
227792
223660
210200
227680
2319692
230088
224318
210048
231193
223121
231247
229401
224398
222889
233320
224238
230451
2320041
230240
228103
229385
229155
233039
223459
232341
230987
222244
224256
231581
2320301
231336
229458
228448
231578
223941
220571
220939
228151
220190
230910
222210
222287
220251
210231
232294
224364
227477
210425
222395
231342
231181
231223
231125
229557
223262
231843
228455
229222
229287
223452
229913
227770
224309
223289
222331
223795
220841
223545
227603
223267
232309
222436
222589
210438
223848
229606
231595
223804
229752
232233
210353
210472
223765
222635
232287
210238
222151
231371
222751
223088
220793
230239
223331
228370
233122
223312
220613
229064
220929
224080
221960
230092
210188
223180
232823
230748
232542
230653
230187
223554
227781
223008
232624
228139
210169
220621
231350
229988
231379
230831
220645
231904
232293
223394
221969
229966
220264
222882
230103
224127
233194
222883
223170
229277
222687
220685
210325
2319971
220123
232275
230269
232693
224434
220837
231049
222071
227786
222787
227470
222427
221964
228524
231024
227664
223627
223550
230757
229250
222961
220712
222431
223973
223788
222008
210118
210395
220125
222945
223315
220031
210337
231246
222767
227595
220221
2320551
224089
2320282
229576
224219
232171
231052
233173
232102
231649
231097
210069
223509
228295
222647
231650
210264
227669
223556
229942
230083
230345
229234
223576
223887
210025
228475
210130
229408
230704
222139
230660
228248
229230
220214
232754
231075
228925
228253
230950
228542
222404
230713
230605
227597
222360
222670
229600
220605
233336
223326
232726
228688
221939
230120
220278
227569
220762
231321
229792
224021
231880
222818
232488
233285
231104
220715
228101
220553
220168
230693
210136
229304
2320852
223918
230286
223633
223113
229045
228926
222678
231259
230906
233348
222150
232819
229617
222466
2320361
222074
227746
223017
232564
227442
230647
224121
223346
210214
232145
232691
2320351
228288
231277
2320201
228756
229980
210329
232916
230755
223695
230595
232971
230072
228548
220597
227473
2320472
222438
222845
224271
228030
222810
233252
223305
231762
232662
233134
210184
227361
210274
230058
224217
224348
210276
230999
228097
227478
231526
227475
220635
232169
220772
227896
224355
230990
222065
210211
232869
228118
222205
222198
223594
223232
228779
210269
220176
229292
222183
223749
230288
220572
231809
223990
233235
227413
2320371
229690
220766
230234
230635
223709
222381
231402
232822
232763
222243
231641
233020
229530
220280
223563
233149
229928
231712
210192
229418
230462
222180
223153
223197
230235
210416
231162
220816
227753
228960
230677
222868
222359
232732
222016
231014
230727
228818
231778
210161
222837
222294
224196
232982
222301
2319731
2320592
233119
221976
224198
232880
224291
223644
227385
230741
224403
223706
231599
232797
231201
228870
227784
220765
227252
232717
221997
228746
222101
229554
232762
224310
231543
227495
230801
231198
227573
222110
232265
232257
221965
222530
220180
223243
2320281
232619
232267
221938
231910
224099
222733
2320792
223376
230431
224112
222307
222215
222726
228508
232748
227855
230318
224088
228767
210342
230426
228085
223712
223236
210014
220873
221937
223019
231633
233185
230213
227259
230198
222966
231509
231316
220210
223572
230836
229538
229387
223892
2320692
230654
228441
231410
232940
227407
224347
220713
223042
227323
223548
229288
227927
222234
222104
222479
222352
228578
223499
228396
229380
222302
228110
228152
230773
2320271
223617
210487
224212
229733
230069
231279
232873
210028
222191
232933
231781
222156
230316
227436
228425
229885
229846
224147
224215
220108
229357
232539
227897
222842
232813
231260
233329
229589
222918
223151
230464
220236
220162
210424
223586
223231
231865
228046
223756
230021
233267
228341
231591
232362
220886
232196
227389
228579
210382
231207
210406
222197
232904
220937
227631
231389
228361
227431
232995
231554
229563
231857
227783
233206
228770
223415
231948
231505
228464
232413
231794
222382
229986
222317
2320002
221954
228525
231252
232713
220563
231884
210387
231837
232558
220684
231253
230952
230929
223496
232436
210463
222642
2320752
220082
222459
231391
232346
227936
220624
229771
222559
230445
223670
229354
233318
210339
232768
231013
223742
223485
220856
228901
210265
232525
230905
233163
228778
233042
228898
231249
230885
229583
210344
220656
223591
231211
223285
222991
222983
229844
223536
231777
223291
233299
231818
228244
223295
223122
223683
229678
223068
2322492
224015
227676
221975
223882
228596
227960
230780
220089
223075
223748
220313
220827
228547
220701
220921
222808
2320462
232165
232521
223762
233103
222240
223284
232292
210246
229081
227740
224323
224203
222500
233124
230775
230956
232148
231513
232188
2320231
2319871
227397
227572
233333
223783
210299
230161
227787
220964
229352
229828
232455
210397
229994
222090
223046
230608
231369
220084
222629
233233
227672
220730
222178
228597
230043
232752
210280
223538
222130
210148
222400
231474
222705
227582
229116
231081
223549
230597
223688
222242
227281
227355
228001
220678
230145
223339
229553
210036
231816
223517
231921
224137
223254
220284
222651
230009
229291
222540
232282
220254
222843
223782
222924
227853
222844
231237
224223
222346
222550
228726
231395
232306
223229
224168
224151
233032
230125
229675
229943
232689
227580
229370
231874
231820
220058
227671
227774
229070
232706
222312
223175
233308
230331
220746
229327
230534
220245
233243
223628
222974
231360
227796
230533
227871
230223
230985
232740
223212
220955
223868
210205
227311
223148
228319
220759
233268
222778
231290
230518
220243
227682
220103
229700
232948
223171
231478
220637
230541
231853
232739
220023
233171
232761
222444
228607
230231
220167
231617
228131
230642
222662
224401
222978
231902
229308
231444
227726
223451
230496
227598
223230
232593
230879
210129
222795
227723
230515
227963
228653
223643
232317
222761
229470
231908
223225
230688
229666
230155
223300
232252
227912
233113
230714
210363
222292
220309
220287
230843
220646
231136
232893
222217
229800
233148
223875
233272
227750
223703
228266
231275
233135
220186
229075
210489
228736
220890
230052
227614
222578
220634
231495
220830
224394
231704
229396
230027
224205
222799
232219
231533
231901
223303
229433
220145
229967
229251
222715
228572
222117
231519
232194
231498
231183
224297
230745
229541
222682
230157
232907
222691
222950
224285
227813
228234
222041
2320832
231528
227705
227404
232647
229777
222481
231541
223655
220960
224374
228760
229643
229038
233282
232975
221005
232563
222819
227956
2319961
228031
223137
229689
220850
230981
232497
232570
230082
229374
229687
222576
229551
223974
224362
227803
228837
229607
222717
228456
222820
229685
229032
231563
222699
220794
223987
220036
220025
228751
233000
227372
228366
223370
229384
231053
223535
230975
222168
222120
223798
222038
231552
223833
231017
224356
227727
232722
223323
233274
229715
228029
227737
210114
220777
220226
223012
227490
232648
231689
231706
230857
222986
2320922
2320132
228775
220069
232685
223803
229849
228170
229769
233327
232392
231730
223117
228268
230765
223413
232141
228213
233143
222762
233239
233328
222141
224002
228350
224387
222862
230195
220617
229670
231832
228703
229204
222490
233126
228428
231327
223507
229368
222295
231042
221980
228207
223290
223708
228012
210479
230118
231707
223540
230059
222338
229320
230625
2320382
224124
2320521
228032
232756
230666
210203
230314
233323
229527
228812
232682
224400
228784
223820
232678
228808
210050
223512
229186
2320772
230205
233325
228093
222989
220675
223417
224328
210152
223530
233196
229317
231274
210491
223859
231764
228478
223327
222677
232954
227762
222365
220580
222209
223543
231192
222790
220315
220160
222771
228435
232708
228590
220616
230561
220554
224231
227499
222491
230596
2320791
210399
231521
223368
210392
223099
232203
230214
210364
222424
210375
227284
2319972
230146
220576
220681
222785
220999
222747
220707
232229
222765
231616
223179
231473
210429
210226
233307
232124
224357
223634
223975
232318
227820
232541
220228
223907
222291
231299
230346
231566
2320242
230712
229193
222283
232484
230032
233341
230926
210018
228344
228610
230151
228468
210178
228656
223881
233306
227411
229372
223335
229535
223574
2319991
220994
228896
228071
228665
223819
230825
223985
210346
223030
222068
229969
222179
222286
222823
223888
222816
232777
230623
223280
231589
224090
232794
233080
224213
222522
228766
228669
231208
228587
223933
233002
223286
231409
232143
222793
220070
220590
223397
223642
222006
220086
227657
222067
222442
229661
227955
220803
220213
231506
223647
229855
231048
220757
231170
230972
232723
220738
233314
229358
232271
232105
232213
227418
230845
210144
227793
229910
232649
230274
231295
210404
230935
229544
232344
231392
231171
222906
232779
210209
231626
224208
228772
232186
228895
222505
232182
224370
230795
222654
227315
228000
220204
232475
220269
228613
228893
223306
230638
223283
230894
210062
222971
230154
227346
230479
223821
230967
230535
230126
222181
230695
229765
223561
2320052
229707
224405
232882
230238
223216
223372
210445
232803
222684
232695
220966
230232
220916
224259
230732
224174
230525
229099
220990
222854
228463
233291
228459
224050
227876
231203
224084
229273
224020
228922
220615
230524
223006
229403
230057
224086
228785
220049
223133
231059
232236
222155
210150
220650
210086
222496
232651
230484
228245
228551
223753
222683
232897
2320331
223385
228869
222031
229415
228327
229955
222145
220897
233071
229328
227641
228532
222264
223207
223390
222005
231007
228847
220010
227366
230086
210433
229899
231953
227629
220211
231157
227409
220306
210099
2320882
229331
230770
223963
220034
2319832
228399
224175
230800
231338
230087
222827
222861
229688
223700
231012
229826
233052
228183
224385
233167
228795
224162
228646
232189
223675
232627
230670
230284
231373
224302
210208
223626
223138
231906
220179
232853
222388
222561
223603
227454
223824
222154
229236
231102
232204
223052
231864
222679
229432
228222
232523
232864
230579
231826
223051
230171
222092
210261
228193
229359
222123
230001
223399
222815
228946
230434
233065
229718
232928
210275
210476
223737
222543
220293
231464
210296
230245
224384
227275
228224
228905
230925
210410
232342
220821
220078
223336
229369
228799
220846
232428
222873
231703
233112
220060
228832
227760
223622
229282
222364
231791
224004
210079
223446
232321
228218
228041
224245
227935
210243
231661
229467
227799
231733
232672
227843
223663
222658
232970
231656
228125
230256
228626
210154
210333
232131
222745
228117
223103
210492
230827
232557
230542
228577
2320042
210498
231248
232320
231540
232278
222951
231242
227561
231895
232439
229993
229633
222223
229545
210369
229582
222351
220851
210253
231228
223520
233114
222518
232551
230586
2320481
231784
231965
231887
223425
2319671
210165
230847
233023
231038
228189
230438
2320112
227899
231145
229731
223566
221951
227870
230291
2320011
227849
222356
228735
227648
222706
230828
233338
2319681
223184
210286
210138
229926
224411
229682
228204
231548
228680
220969
220930
220824
222901
229893
230175
228748
232463
222719
223102
230550
220589
230581
223453
224022
232258
220710
2320781
223278
230219
223043
210180
231056
222482
222570
229747
232938
229786
222059
231765
224386
223266
231638
232581
223177
223919
227624
223402
233013
232385
223447
210314
223624
224239
231829
224056
220871
231310
220604
220951
210292
228687
230527
222735
224031
229723
231339
228575
223743
229748
227486
222370
220672
210120
224144
220274
227744
210077
220962
228750
224164
228159
220806
228343
229597
229964
230797
220818
221966
222563
230478
230686
222265
231839
231651
224074
210012
210101
224307
228769
232735
230768
223220
220865
230427
222892
232250
230191
227481
229676
228073
231297
228163
229704
228911
220212
229121
232367
233175
223631
231855
224145
222273
233098
227858
223400
227747
228796
222279
232526
224092
223851
231630
222435
232098
224333
224369
224253
220697
229714
210198
233322
224301
232556
220985
232646
230606
228819
224009
231406
231530
229290
222801
230206
232482
224298
224038
233226
2320151
210328
230858
227810
229691
228084
220053
220983
228220
230867
223406
232709
231101
229456
230706
220250
210443
223445
230133
228900
232364
228493
231307
222216
2320192
228589
223778
2320092
227511
227637
220727
227590
229995
229762
231493
210302
224295
232191
232562
222849
227822
230655
210003
232494
232513
231659
231942
232769
232926
232391
223658
231808
232616
233266
223218
230315
224067
220734
231071
227765
230728
229657
231821
228569
228841
227928
227440
220902
229638
228568
229232
227696
232248
230548
222087
232328
222333
228070
220270
223294
223095
223073
224044
228768
229298
222621
222584
222077
222336
220626
222673
232162
231173
220547
222622
231335
231642
231553
228801
230037
223692
232746
223428
227387
230690
222252
2319822
230923
233334
223912
227868
220688
223815
231442
227698
231679
221988
232810
229886
231062
231747
232382
233346
227491
220743
210219
222648
210260
224149
229446
220936
228786
222875
231153
230837
229560
233015
231027
228792
220826
228706
220048
222247
229448
224209
220888
224278
230183
210213
230184
223070
223159
228201
222299
210217
223813
231158
233168
233263
224258
233138
228936
229984
231734
229968
227314
231570
228461
232673
229821
227891
223826
230976
2320442
232792
230024
233217
231386
232269
231754
220662
232288
229226
210381
230685
222152
227867
232449
220952
229444
224010
231655
2320811
233092
229872
223696
222259
228919
230330
222062
228645
220011
224344
231915
231803
233064
222962
223082
229187
227710
222931
232877
210122
230230
222711
231851
220288
230044
232758
232322
2320671
2319902
229497
231899
224113
227940
220110
229858
222813
231491
227857
222724
222111
228836
231879
220833
220919
223427
232679
220583
223488
227684
233188
230297
220716
229514
233301
210237
231827
222288
224437
227309
232639
233049
2319781
222391
232846
230454
230268
230066
223084
230794
232377
229976
228285
223645
223421
230139
232930
232215
223028
231789
222147
231344
222835
222884
228583
231698
223209
223735
224421
230480
232192
210431
222686
232462
223424
231672
222822
220754
229673
224017
223637
222841
220041
223144
232510
232146
220700
223325
222099
231618
220920
222116
228894
232988
222232
232922
220081
232721
222445
220289
223886
220154
232936
230970
224176
220139
220242
232232
229610
227310
230080
220898
222623
222993
229954
231199
2320121
229871
232918
223801
228910
223505
222203
232665
230487
210162
232801
229491
230646
228466
227362
228797
233258
232955
2322682
222309
224103
222266
223464
229092
227398
230556
222586
210135
222323
229595
224189
210193
229389
223829
232780
229297
210249
231715
223964
229240
228635
222916
228331
231110
210465
220241
220763
220855
231787
229060
220745
222121
232110
230895
227865
223701
224186
227892
222316
232776
230565
224150
228673
232734
232774
222833
222821
232158
222804
229103
227850
232956
210223
229344
220294
232166
222955
228168
227859
223097
210464
223123
230639
223450
223691
224376
231576
229115
224331
220238
228791
220140
223750
231696
228162
231465
230971
224371
220164
229738
222463
230002
229780
229241
223773
229248
230988
229404
224359
231690
232221
231867
230806
232111
210199
223058
232132
222964
210174
220607
223601
231366
230841
227660
223716
210367
230299
231930
228829
232514
230152
232909
231244
221986
223579
232231
227593
232094
232667
223040
231272
229999
223705
223444
230460
227307
231129
233056
2319742
223032
222135
220752
227735
231298
232642
227847
224432
232128
222233
227844
230829
223593
220591
230119
231144
229512
222112
220201
220267
228586
230692
230945
230852
222572
231185
231479
231652
222940
222227
232261
228206
228010
231022
2320412
227277
223015
232793
222330
229351
223409
231806
224340
224181
232917
230523
227428
223684
233210
229605
232466
2319812
230514
231475
233253
231615
229739
210070
224058
227452
222834
220581
2319811
231309
220302
222944
2320931
223648
227833
220679
230676
2320081
224069
232714
233057
233270
2320261
231288
223641
229400
228277
210158
221977
220705
231278
228555
210056
220957
232629
220627
229914
220002
230328
231893
223569
231780
222546
229093
228868
229547
231751
210335
232123
229802
227262
230733
232599
223942
210379
224182
2320631
230022
220674
231189
230736
2320232
210352
230429
222082
231663
223806
210470
222768
229763
224440
230785
210394
227408
224173
231165
223083
231367
220564
230989
220909
220045
227758
220185
220938
229192
229303
2320872
224156
230668
220549
220991
227474
231587
229437
2320701
224226
232568
220276
223699
228592
229624
220598
229695
222894
233283
222495
220143
223404
220840
222523
224076
221936
229295
232644
220953
229555
230093
220594
222401
232441
230924
231080
230738
229364
228872
224032
228457
220823
222028
223945
220689
232524
231786
232773
233244
220822
210308
223724
229801
222688
229177
222866
231085
228230
228789
223340
230490
227860
222014
232883
220311
230969
210442
223297
231854
232767
229882
229726
223632
222899
223341
227776
224368
233152
228452
232807
222091
232359
229674
220642
210004
228099
231562
227687
231446
228867
223592
231106
230761
223388
222478
231016
231737
224419
223977
222650
232395
222630
229533
210155
230560
229333
229601
232334
224315
210293
232491
233073
232993
224282
220831
233130
228840
232290
229312
223895
227293
229853
230107
222149
230048
230627
228172
233269
228239
232937
229197
220088
2320111
223389
223595
220567
224224
228552
229741
223316
231720
222173
227691
224043
228086
223081
220209
221967
220091
220196
231697
228157
222588
231222
231258
210234
222869
220063
222692
220770
222410
227632
232947
222633
231536
222196
228638
2320342
2319842
231147
222456
223249
231556
223939
232700
230348
232567
2320642
222904
233224
233262
232702
220098
228077
224028
222872
224433
222638
222483
222529
231847
228675
230986
231716
220786
232361
228617
232901
223553
223308
222535
230643
232686
232201
230888
229067
232225
231732
228177
227577
223751
224139
230252
223808
210285
222159
230436
230186
231564
227494
210093
222420
220130
229838
228633
230788
229430
228018
223589
224097
228462
228146
231177
220259
210441
232611
222936
210396
222829
232114
233055
231028
228747
220695
229756
229238
222741
228777
230944
228444
228605
231601
231417
228965
227328
223863
224417
230681
223168
230444
231549
230248
230864
232460
227374
231334
222185
229915
222539
231758
220950
231002
222290
230942
210073
220956
231834
220299
231135
231415
222271
229789
222254
223609
230644
229382
233137
222532
220101
230689
231204
231070
230495
231785
229421
231783
231608
232737
227789
231687
230203
231323
228318
222526
222454
231757
224244
229921
227745
229299
233128
233085
220747
228005
224118
230763
223982
224154
222229
230156
231523
222262
232924
228939
2319672
220232
222977
227975
231471
232594
222450
228636
227423
230337
228780
230105
227556
227811
231001
230774
228823
230744
231810
229950
223659
222969
221001
210434
210221
224335
230663
210232
233321
220015
220814
222106
230029
227780
227646
231830
230705
227370
223805
210407
222367
228407
222214
229089
227846
231635
222332
220575
222877
220159
220104
220654
222079
228733
231317
223423
220054
220147
222758
230270
229694
230075
230600
223105
220150
223354
222649
2319682
220749
231520
220107
210447
2320302
228438
229242
220652
222305
231664
231878
230805
229622
223984
223861
224373
231841
230896
223035
232389
223629
230610
231430
231226
229565
232584
231332
231955
220071
224263
232126
222274
2321841
224242
232548
230630
220978
220268
228716
228655
230127
210477
232379
227707
222694
223661
232224
224277
228691
224037
232664
220889
2320891
210414
228340
210126
230703
231445
220702
232712
228021
232118
227790
2320771
2319851
231456
233293
224135
231346
232167
230439
228553
230890
210131
220080
210016
232504
222218
222730
227779
223728
223920
222516
223934
220611
220910
223565
230537
223539
228033
229426
224177
222909
233117
228165
228682
229911
224138
220629
232263
222575
224220
222740
228708
228752
232821
223054
223342
229663
232135
231492
232838
229598
232640
228257
222349
2320762
223774
220775
223310
224093
227429
230756
229356
220562
229141
231041
220848
232452
229057
222755
220592
230306
223621
220970
229717
231693
2320541
210212
220972
231210
210235
232676
223524
227450
220169
224214
233352
222560
222996
220132
229894
210117
220256
222830
230463
228692
228179
228182
222797
223503
220967
223757
224280
223173
222321
2320311
210039
220899
210170
222737
229537
229818
231739
229615
230000
222477
227615
227356
232800
223793
228657
233096
222418
229483
210259
231585
233051
232453
222467
227667
229495
2320812
220908
222449
210242
228302
231443
230096
227914
231512
2320511
223729
228178
220789
222212
220918
227272
229946
223013
228504
227720
220217
230782
228707
223233
229353
229647
230719
231753
220836
232338
224107
220783
228408
230470
232545
230071
222981
220039
220810
231749
230185
210139
230500
230006
232586
230611
227755
231206
220134
227900
210248
222363
220893
210065
224035
232279
223583
223893
222446
222328
228154
229974
232681
223314
227678
233087
230804
228904
227334
223578
2320531
223282
229431
210159
223257
222660
232289
232660
229971
231700
232228
222803
228449
223673
224082
230830
229572
228237
224289
223935
232942
233354
233041
229132
231375
210468
222175
228225
222631
231023
223418
223810
228293
223194
230016
228842
227506
220785
2320401
223865
227554
223980
228397
222379
228698
230040
2320802
231343
231750
230817
222167
222453
210044
220240
210230
232220
233186
232500
224300
220988
232296
220660
233040
223245
220620
228275
210051
223758
222228
224001
220944
223681
227488
229249
222468
222982
222880
2320202
220559
222669
232277
231470
230200
230892
2320512
222172
227435
229750
222231
230430
231359
220760
227287
210305
231460
229051
222164
231057
224211
230471
230566
230338
223704
231358
230467
230304
224081
224202
231496
227906
2320682
230023
223469
228541
230902
227589
220900
224399
222258
220691
222734
229807
222146
232811
231320
210372
232285
220286
230259
232759
230045
223807
230137
228711
230004
230097
232835
233008
223347
231660
210109
230833
222959
224169
232373
231404
227365
231544
223369
222870
223363
220206
229429
224229
223139
229223
222238
224023
228581
230110
210041
229867
232626
232129
223217
222739
228496
231848
220666
223215
221962
228035
222081
220623
220141
224207
223736
231463
231819
223570
221978
231169
220584
227472
233011
220239
220805
229640
222888
232207
230446
223276
210475
230661
230481
231888
229790
220237
223486
229751
231966
222557
232505
232972
223914
220095
210473
233132
222960
228686
231348
228722
210402
223140
230168
223056
228584
230349
222304
2320431
222553
229195
230701
222470
230946
232729
210049
229503
210307
220618
231276
222422
232492
223652
223055
220744
210486
230652
210345
223259
230506
224132
230698
222193
231031
231699
222990
229366
232718
231324
222408
232159
229425
220255
222460
227905
233009
220565
223967
231669
227647
231531
223119
210066
232675
230570
227873
210013
231437
224254
223613
228558
229294
222645
228631
220932
228522
210149
231200
223519
223101
220682
231760
220207
229573
210053
231235
228107
231074
228730
233095
220694
231233
232157
232174
229062
222928
2320611
223557
223951
230458
210173
232573
232840
220819
233337
223564
231090
220126
222760
227266
220802
227716
231545
231625
223790
222373
228521
224251
231216
221972
228719
2320122
223479
232448
2320861
230684
210368
232833
223128
223880
210282
229713
222374
229884
230322
228677
231250
230262
232583
231928
2320031
222967
223926
210413
220887
2320681
229863
233155
220262
210218
224383
230883
228251
227910
229591
220881
228011
233273
232199
232711
231407
223221
228171
220741
230908
232176
230875
210469
223529
231822
231122
227620
228909
230095
229221
224194
223367
210452
233343
227363
2320871
232945
2320421
228283
233072
222806
227482
231873
210270
224416
228378
232875
223301
230974
223897
232515
230762
229487
227455
230242
232134
228437
230310
228800
231774
224438
230939
222285
223110
224091
230174
231112
222690
224246
229972
222344
231382
232536
222954
223800
221959
232156
223158
231631
220788
230715
220729
210471
2319992
223781
223126
227661
224070
227719
230641
222965
231807
227480
220008
2320881
233215
232887
222407
223208
229593
229233
220935
220136
230531
230312
229878
229854
222057
222716
231924
230640
229524
230725
232990
231232
227775
231033
222075
230488
222876
228927
220954
224241
210458
232476
224352
223991
232684
223343
231164
232900
231606
222587
224430
224293
210334
227665
220758
222225
220573
224267
222579
227992
228329
231021
220102
227742
229770
224312
224045
223844
210187
232641
222094
210157
222475
222946
232554
223978
228713
221970
210289
223292
229293
222583
230116
229825
229272
224236
232966
230485
210250
231256
222220
233159
230984
231451
2320621
232798
223130
230026
223096
224130
230339
227579
230128
220721
210202
222322
230501
220947
220093
223950
229799
2320911
230199
232239
210258
231353
233141
220986
223132
232450
232634
220307
231416
230735
227913
222886
223854
232486
228124
210191
229809
223787
230549
224063
231852
232208
227587
229659
224134
2320921
223989
222039
231892
220040
227606
231098
210267
232137
227444
232560
230709
223000
223552
232820
223241
228606
2319791
233016
230998
210456
230323
223227
222284
230718
222773
210047
232925
220113
228845
210319
229128
233029
2319951
231849
229068
227497
232264
222503
227596
231109
220175
227658
230659
222923
233284
230100
223373
231796
223145
231905
224325
210451
228659
220283
222058
229478
228104
223752
230824
231035
220252
224190
227375
230220
223494
231929
223799
227700
232431
229447
232623
227381
220614
222050
229156
2319741
229289
231356
223410
223515
231390
233120
223350
232249
223872
229140
228138
224108
224158
232495
210495
233214
232987
228477
233012
231911
232876
222043
223352
220148
230964
220319
222239
231436
222746
232707
221990
224133
233014
223467
231584
222153
230122
210374
2319922
2319792
229958
223744
222390
230459
222757
231245
210111
228446
229905
228345
231156
223014
229948
232889
222335
229620
210030
210121
224320
231845
230472
223937
231397
231079
232674
227360
222807
220799
228276
229108
227325
229835
224363
231799
220068
229410
224006
2319751
222871
210021
230898
222782
223129
210141
223154
231648
229552
223682
230814
230792
228827
230143
231568
223477
232303
231486
232351
223497
2320632
220719
2320321
229922
232348
231351
229930
222025
231131
229375
220946
2319921
222863
223508
227392
230324
228198
232122
220648
230997
222788
223906
231294
228728
228933
222775
229961
224188
227451
229139
223118
230162
230273
210284
227995
224016
227675
220247
230453
227562
222511
210207
223662
232074
220669
2320862
232168
229181
224061
221941
220171
223328
223930
230437
229672
232847
220220
229562
222362
229732
229817
223255
224159
210023
220636
210497
223809
231292
220295
228402
231394
222497
220230
229445
228660
222709
231440
222657
220174
228098
229428
224338
231610
230567
2319831
223223
210347
227419
233108
229406
2320392
220628
230901
232506
223998
231670
230546
223201
232354
229843
231240
222703
220924
229231
229637
229827
223085
230632
228009
222048
229936
223258
231419
222695
232429
231752
210022
230870
223630
233242
223779
223640
228614
230325
230528
223470
229016
228652
228057
210116
229310
227288
231268
232724
222582
231469
229904
233121
220181
227939
232894
233234
223366
231205
232969
231723
230796
224039
232669
231919
2320272
210393
223165
220037
220862
230305
222341
230217
228807
224030
232356
222009
224317
220304
220609
228019
232725
224071
232299
230921
231286
231936
223338
220253
231069
223004
222766
229866
229830
233063
222186
222911
230575
232060
2319862
228885
232817
229764
229427
227513
222472
230309
231438
229362
231020
224100
229283
224160
229953
231026
224326
230803
232631
222355
223188
222267
231705
232230
230973
223996
233166
223420
227619
222506
222415
221973
232477
227704
231212
231103
231450
223786
231378
220993
228421
220858
223247
224178
229833
223174
232473
223271
222469
222357
228135
231603
228833
2320731
230167
230193
220667
220052
233158
231937
223573
222371
230261
223396
231812
229803
231337
210064
231668
228762
2319982
223638
229909
227294
230580
222241
223152
230915
230278
220653
232274
229629
223034
223903
210143
223599
220683
2319901
223755
231611
222261
223050
230482
2320461
223116
231889
232871
210427
232802
223689
227699
228116
230680
227738
230615
231029
232815
229450
228254
232809
231303
224141
231714
224064
229480
227668
228689
222080
223677
231349
222832
231658
222701
210146
227828
210327
229766
230036
232874
222625
222749
210349
227553
232253
224268
228381
228835
220056
227627
230616
222411
220781
222858
227788
231466
231640
232580
230865
222525
210233
232327
220075
230521
227441
220832
220557
222430
223044
229347
230624
220649
220314
223199
227848
228955
230679
230636
224389
222568
222140
220880
223690
224233
210403
223580
228803
210411
230085
228676
232496
229677
227649
210185
232983
230909
231840
230015
228089
227265
222224
223791
233302
228176
223727
222547
232218
220017
232193
228734
222235
227741
2319942
222165
222441
232574
223491
229184
220885
222643
228017
210002
229603
229996
233259
228214
223679
232121
229652
230743
220875
230047
223812
228830
231267
224066
210294
230263
232549
230592
220845
232434
230588
210074
224424
229706
231008
223202
232582
227296
210080
231582
220872
220166
223049
229965
233169
229398
229693
223120
222932
231384
232457
231940
232620
222805
220606
231283
230708
220249
229520
230993
223957
231032
229783
224248
231746
227612
231374
232298
224358
231376
222938
228014
222208
222847
227829
210147
210197
230225
220152
232540
230645
228604
231815
230111
222109
222753
227880
220310
231490
230781
210182
220117
2319762
231213
230073
229218
224197
223465
229570
229879
223077
223239
231004
220569
222384
231083
229973
2320211
224210
233076
227358
229424
210134
228368
222425
220151
223419
221981
223234
223317
228875
223298
220852
232668
222667
210398
223988
231573
232195
220073
222113
229901
231881
232251
223685
224008
222045
223476
230626
227818
232509
227954
222015
232083
231190
230628
232837
229360
228729
228886
231045
229260
227487
230443
232065
228413
227628
228825
227903
230860
233084
228897
223411
228355
223850
231257
228783
232960
230557
223741
222060
228491
210432
228481
228811
229575
222776
231515
229875
222728
222848
231724
223031
210133
223195
222987
231934
232340
230810
229521
228022
220756
223602
210297
2320452
233068
230552
220984
231636
231956
230992
228598
2320932
227730
231602
223178
230210
223913
230211
231133
223792
231876
232205
222268
228962
231010
229095
230540
223869
228129
228545
229679
233296
222083
231036
230178
230320
223725
230602
232096
230090
232550
222182
227728
228866
232243
220979
228227
229925
233091
210430
232961
223952
210010
229897
232368
2320381
223828
224388
230055
228422
224059
222171
231176
222085
223235
2319821
227359
232778
210481
2320362
232906
231271
210035
222021
229334
232597
230192
230034
232312
2320062
229720
230678
224078
223710
231890
210482
224404
230441
224353
232784
227493
233277
2320441
228695
232848
220578
222672
228718
223172
232772
224033
230562
233127
232304
230872
230028
230293
223567
222409
210288
220272
227805
232895
233145
230512
227673
232130
229935
230934
230094
223460
231500
230170
231759
223853
222354
227489
228843
228670
222781
230769
224409
222935
229058
223198
223265
231745
221982
220643
227585
223981
221940
232744
228959
228628
231831
228629
230150
223834
233204
2320502
228793
2319931
230264
220111
223532
220094
220894
229146
229053
232863
232142
232216
210216
230215
222519
232622
210317
231923
210145
229787
2320722
230321
210015
228549
210290
223463
230968
230664
223720
229837
231558
210273
2319941
231202
233107
222387
222378
230754
220024
229919
232912
224377
223449
224360
220178
223434
222293
230723
222997
233222
223610
229654
232655
210336
2320391
210408
228211
227798
222236
231624
232437
224402
231709
222405
229898
224073
232603
227276
231621
222306
230820
233304
220301
227736
231542
228671
222047
227640
228433
231312
223334
220266
229263
220884
224025
220020
232537
229281
230301
222855
230257
231497
222925
222251
231862
233292
229716
210007
222783
229736
233213
220764
223349
223722
228814
223024
231043
222941
231300
223003
224273
233025
220318
228941
233349
228160
222537
222973
223921
233115
228432
230816
222836
222859
230584
229628
223836
231600
231502
222428
232383
231628
229749
220665
230295
220737
229813
231875
224204
221987
222324
222712
231161
2319782
230938
231108
232757
227953
220022
229740
210215
220258
231302
228702
220663
227253
2320291
228616
220790
228557
224102
220968
231107
224243
223764
224230
228810
222796
222725
230289
220194
222927
227410
228690
228650
230609
232538
223738
230614
230811
231943
223511
223541
222413
228876
224322
232727
223309
222975
222270
232138
223525
232329
231609
232657
227251
232998
2320172
230980
233347
222086
230943
232698
210245
229745
223456
229127
227890
231675
223061
223590
223958
228725
223932
230844
227639
229977
231066
2320702
210454
222531
227759
231883
229960
222564
223902
227806
223433
230253
230545
222255
228787
227952
228156
229039
221945
228306
232345
230060
229397
221949
231096
232173
232144
232498
210183
230313
223125
224367
220813
222714
230842
222063
227862
231790
230258
228296
223086
220709
222620
232765
229834
222558
231472
222708
222577
2320501
210179
229840
231037
224057
222999
231776
230752
210019
228806
2320742
231328
232485
210380
232315
231266
222399
230720
230957
223112
229151
232974
231546
227280
233219
232609
230665
233193
232503
227652
220839
210360
228949
222574
228696
229585
2320171
230249
231580
223041
222763
231064
227618
220203
227974
223484
231914
229442
222195
222394
222122
220835
2320051
227343
220776
232390
222933
223098
232738
229409
232502
224221
228267
223422
210072
228678
210389
210428
210160
222342
230131
223272
232663
230012
223248
230862
230675
231221
223623
222369
224396
223513
210459
229710
229949
227378
228771
228612
222922
233303
228473
230112
229198
232319
233278
210113
224117
220096
232984
228054
223161
228574
222439
227318
210063
227292
222421
220129
222189
233156
229917
228753
229699
232106
231449
231619
231372
220027
222032
229568
223074
232112
228802
228059
232572
231005
223226
231422
231559
224395
233199
232522
229785
227633
210195
229275
232284
2320751
230779
232245
230114
229680
231894
229516
224237
2320482
227743
222002
229832
224265
223999
230912
220825
223026
2320332
229508
222084
223544
227336
229651
230475
228543
231922
228121
224319
2320162
222340
228809
227286
224187
222417
229579
224094
223858
223761
222910
231886
220714
222484
227469
231264
229546
223093
230564
229561
210228
232931
227268
230511
227973
229349
222772
220608
233317
232964
224114
222514
222528
223879
230064
220133
228923
228197
230834
221002
210401
229149
229709
230651
210362
231859
220030
230721
221935
220588
223867
224183
228871
210088
230169
227856
232661
220157
231383
223386
231770
222069
230954
220105
220640
222573
230553
227734
229895
224274
231385
230504
220090
231931
230612
224036
227831
222520
222565
222337
230702
223311
220316
220751
228980
223022
233227
220297
233172
224435
2320672
227756
223776
227772
222199
231767
229345
230428
232349
210052
227815
222027
231172
220625
227819
227674
224120
229864
220959
223189
230491
220205
227319
223002
210076
210306
233295
230251
230423
223358
228964
220122
220317
232766
230914
232720
2319882
222396
229237
222702
229812
210091
222634
220725
232670
227962
222329
222920
220829
222934
228450
210112
220106
230124
220296
233034
230209
232886
220843
220246
231141
233319
222269
220599
223976
230089
223718
220603
222541
224283
220290
224049
222019
232994
227752
231607
227574
222211
220582
227721
232212
224222
230425
2320181
229376
228445
231538
231797
223891
233153
221957
2320141
210220
224218
228169
224104
222250
228310
231137
224026
223482
220774
230884
232489
231480
227916
233208
223733
210354
232831
232172
231428
222998
232435
231447
228588
222163
231926
223111
210102
224116
229340
210330
228483
210304
228265
230160
232680
230739
231459
232745
231487
222249
231782
222166
229698
230822
231243
2320252
2320402
231944
228064
229625
231476
222457
210255
228044
223193
223832
232406
231457
231018
232127
223840
223651
231801
223251
222202
228723
232422
210359
227901
231319
223471
228950
210483
223979
231577
228480
223600
232237
230846
223870
223210
230809
227688
230904
220703
231676
231918
233192
228774
223533
222853
231575
233102
222161
210082
232865
224316
222814
233330
232977
223514
223904
227384
231025
230303
210094
231537
230578
220849
227570
231838
227258
223653
228824
210358
229036
228357
229207
232575
230204
223923
210189
231009
222970
229307
230292
232890
220292
222118
210351
231532
227357
222769
223537
220067
224146
223929
222448
232352
229982
232519
229907
222900
230224
231225
230212
232957
228647
223048
223768
227785
230333
229172
210499
232962
232291
210462
229087
230634
223273
231731
224003
227621
222908
228499
230717
222507
229671
231380
220724
210240
224165
224126
229224
222551
231284
220668
223457
233061
210037
232808
2320622
220208
231572
210090
232363
231748
210323
229793
230855
232140
222103
222515
220780
224047
220661
210032
231514
230995
229887
229112
222919
2320221
227911
231718
228039
232605
224294
227878
228859
229656
221956
220720
232197
220273
231579
231086
230790
222554
229176
222308
220570
221984
220901
232478
222732
230751
223568
228287
223001
227270
223818
224019
222289
232227
221999
230536
232384
231959
231289
227352
227613
229243
224096
221000
221004
2320492
229584
231311
232866
223401
222562
231692
227978
228119
210371
232965
221950
223654
229122
231044
222903
232480
220234
231168
222676
229951
223763
223830
233035
227510
222957
223057
222501
231539
228651
229084
231111
229252
220144
223268
227504
210201
227683
230457
230850
2320571
222764
231836
222665
232481
228120
232944
231614
228492
230298
210038
220883
220861
228114
223802
224234
227330
224412
220114
229407
224027
227645
230448
223261
210083
227937
2320292
228782
210068
231925
224415
224407
227984
230476
231209
2320782
230869
232986
227537
231779
227301
210412
229798
220769
224042
228451
232071
229539
231912
231688
210168
224170
232520
220279
210011
2320101
220612
230101
2319912
233231
232369
230492
2319892
220135
229493
2320582
222281
227761
223211
222979
229947
223293
230477
228067
230115
222616
223387
231557
223581
2320801
222036
232175
2320012
230302
223431
210186
220014
227305
229712
230838
229330
229604
227915
220222
231604
223721
220904
220718
222549
229761
231427
232632
231534
223612
229571
222831
231433
223671
233123
223324
220577
227771
220005
228887
228008
228188
230919
229261
232529
222720
224083
2320142
231858
230129
210257
233236
231331
220992
223864
232483
232643
230966
224054
231370
220138
223437
227751
233165
227681
232270
230166
227395
222937
223351
222187
220115
222850
223527
223730
220879
232636
229510
232618
230130
232782
229200
229808
228929
230593
230450
210020
228700
223359
224345
222824
228622
231842
227794
228554
227575
210321
224051
227731
228717
229697
233036
230038
230656
231719
210271
210383
222626
231896
230911
222034
222078
229754
222618
210227
224413
220870
232095
231639
232347
230691
233026
231230
220711
229727
223993
231414
223943
228486
232109
232297
220291
223270
229315
230826
223429
230473
222917
224085
220731
220914
223498
221968
227278
229526
224406
224123
228141
228317
210166
220773
233174
229148
220601
228737
229558
232170
230277
224296
224288
2320102
224286
229229
222392
230729
229278
223715
231772
231167
233031
232989
227969
223023
2320241
2320022
220558
233344
230051
224024
222750
227650
230799
210196
222943
230106
232103
229989
224106
223816
232333
223375
210224
232751
228004
230886
233077
222675
210409
210480
223739
227706
230977
210444
222655
223916
221983
222652
233182
233232
229050
229210
222681
228662
230526
228506
227886
228844
222353
222856
2320152
230260
231516
231946
210033
233247
223614
228681
2320322
2320262
220639
232424
220216
223584
223949
231903
231701
233316
223493
223857
230489
2320821
230177
210378
231421
231958
220812
231868
230730
222874
224380
233045
230091
229918
223894
223946
223269
220982
222398
230538
232652
229042
231262
231900
227816
222221
222727
231583
2319712
223391
220647
229937
223307
223430
223732
223065
231224
228935
232927
223063
231680
223203
232805
223443
228333
224423
223025
227290
2320581
231954
222434
232180
230113
210140
230941
222049
210167
222718
228881
222416
230577
227399
231281
220732
210355
223238
2320652
210075
232625
223426
224366
231860
228663
222865
230930
233205
223106
232607
210128
222671
220561
231124
228834
228398
232635
220198
232343
221992
210100
230877
221963
223842
229069
224109
232710
222412
227594
222160
221971
2319771
231011
210017
227622
228744
229079
223562
224060
224250
223136
224153
220804
223698
231121
223176
210251
222878
223166
210108
229660
227902
231396
223551
210008
224391
227701
224122
232256
229940
229979
222474
232862
231006
223518
223965
223007
228028
222939
228298
229708
222169
220677
223361
232587
233150
231060
221003
224195
223900
224052
230149
223856
220083
228873
228757
229684
229083
2320561
232967
223462
222839
233079
224327
223156
228300
228337
223784
233004
233238
232885
223329
233271
222659
223186
222201
229719
228952
223047
224426
227757
222001
232859
233136
229823
230165
222315
222385
232136
222661
228826
230962
220874
230585
220076
220912
220927
223473
232226
223089
229540
223697
233335
228264
233116
220021
230621
230619
232775
227961
227666
231039
223796
223650
227872
233220
230893
230753
228405
223597
210405
227643
222887
223357
230018
231612
220193
231231
230880
230020
222885
223928
231420
232979
222326
230474
232741
223711
224040
223027
222433
231527
232929
229668
231792
231488
210348
222237
230041
223408
220987
222791
223228
229150
227626
220197
231448
220945
223362
231068
223931
220004
222812
228739
220595
229957
231629
210043
232828
220787
231683
232911
224393
232246
230687
210357
228392
222397
230294
2319932
233022
231861
222037
230197
223135
231598
231405
228937
230722
230074
222840
231499
233037
229279
227895
224007
220997
231282
231684
222921
232097
232716
223860
223092
227854
224155
220698
227371
220128
222780
227932
210484
228593
229159
222697
223087
231738
232335
228878
229536
230555
232653
227713
231238
233101
232658
230098
228788
231695
222585
220735
228476
231118
230250
233228
227434
220263
233309
210115
223304
223922
223475
223146
231134
223596
223319
220913
230783
232771
223794
227394
223302
230290
232688
223483
232311
233245
222566
228330
230172
224180
229880
223490
223731
224193
233265
228406
231047
230497
222345
229724
220051
227402
229136
228153
230144
228938
223260
232996
220026
228790
222536
231654
220219
230949
231481
233053
220809
230791
232235
220973
224292
222632
222455
220940
223714
231234
231518
228454
231870
220224
231643
232234
210449
232985
222461
210089
2320851
222476
220552
227298
230631
229316
231089
224436
231329
222838
227921
2320522
223442
2320071
224441
230604
232107
220165
228232
228215
231686
210210
220265
232935
231761
223448
232749
232638
224171
232610
210420
223039
230917
220566
232432
220233
228759
220750
231795
220038
228187
232470
227605
227712
224034
230077
230840
231909
222303
232198
222098
222423
232824
229933
231729
210315
220097
232339
220202
220184
223760
231691
2322681
229276
210439
231325
231569
232553
230265
231933
228472
223501
232461
220896
232516
210247
232905
231431
228732
210190
232101
228666
224179
229235
227591
231381
232336
210287
232490
232855
227836
223321
232633
223899
228250
222402
229681
233184
229753
229377
220200
210175
233140
232155
232571
220183
210105
210045
222545
231484
222297
223585
229711
229758
227655
227425
228880
222571
224192
210001
229931
231594
233062
228544
231003
229990
220976
229991
232692
229180
222010
227802
231960
223162
223079
231175
222471
230700
228603
223072
228822
233190
228712
227694
227703
210316
223618
223676
210350
223200
232407
228920
222646
233240
224414
223983
228591
227832
232302
2320912
228123
230510
232214
232826
222325
223253
210081
229523
220670
223956
228294
210078
230493
233146
210295
222489
228144
232451
230927
223337
220633
210087
222527
229805
222707
233030
220006
233286
224306
228286
227367
210151
227568
229847
223607
220187
229743
220903
227830
232637
231657
232375
232569
222343
223962
229391
231418
210436
221991
229499
227551
233069
210027
230760
223780
223365
231741
220658
223827
220119
220545
220551
231743
230329
229744
223531
222133
222487
229144
231717
233006
229635
222064
228236
222320
232898
228661
224266
230222
222136
232836
232719
220911
232445
2319852
230839
222162
231645
230674
231146
220877
232104
230764
230900
229634
223547
231462
220146
223064
223678
228648
223734
230539
220120
222637
2322382
232115
232440
228694
223149
220632
229494
222770
224365
220736
228921
2320161
230859
227271
228192
227879
231736
210268
228166
222096
223384
232458
220596
230465
223313
220248
222826
222988
222143
223687
210266
222276
230520
231347
231678
220917
223059
231949
228953
223071
231773
223772
232405
228618
231403
220066
223534
223686
229944
224115
228856
232857
233254
233313
222992
223377
220182
230503
220844
230818
228479
231824
220112
228773
230508
222073
227834
220137
231804
222881
228013
220191
223279
231713
222693
210391
222639
230696
230590
232690
220121
229416
220853
232755
231662
230517
223094
220085
233261
230182
221996
223646
222548
232386
220782
220300
233118
210370
230202
232699
231293
230856
210254
210278
220189
233088
210460
231178
220077
2319891
230141
230937
233028
222020
230102
222134
229559
231721
229927
223694
230918
227907
224166
231362
228585
220815
230519
228615
230123
223360
231261
222358
223185
222128
232066
231387
222072
229419
231833
230786
223398
232187
229804
227505
231227
220687
231000
228668
227804
228891
227263
230771
231076
229025
229329
223256
229169
222158
224136
230283
222668
224272
222126
231882
224184
222512
232992
229791
232747
223109
223901
223066
232858
220784
232791
229030
230603
224129
232149
223911
232677
228429
232532
233176
220177
223877
210127
220779
231755
231354
224018
224225
223649
230455
222432
228550
227322
2322111
223587
227679
229076
227908
230063
231682
230010
222488
210281
210490
224075
233070
223091
232816
227711
232566
230050
228249
230311
230499
223971
2320312
231560
228440
228664
222044
223995
231454
228128
222053
222817
228816
232628
231634
223264
220065
227982
229705
227692
223332
230276
229774
229574
229845
231219
232650
228297
2320532
227693
222464
230622
231215
232474
220195
230776
231455
232832
228338
233195
222272
232963
232812
222972
220748
228674
223925
227308
227884
229619
231508
222774
229479
231793
220739
222023
231399
222624
222636
223242
222192
224142
232980
222368
231555
223100
233312
228426
229422
229862
222759
231681
228654
232683
222721
231050
210366
222533
231333
231964
223143
222018
228763
230547
229434
231088
220007
232371
232598
230572
210338
229737
230821
230947
222752
233074
232656
230341
223896
210095
228632
228458
230599
224249
232742
210104
231817
231304
220087
222756
229822
232281
228055
2320061
210058
220312
220057
232733
222127
227391
220277
227709
229324
232852
220989
228902
224191
232202
229496
220282
232206
223277
223281
210092
229126
222124
228798
232527
230300
230598
227685
228740
220928
224418
231727
227994
223954
230507
210277
223296
222534
222731
210040
221961
232704
210060
232300
229532
231429
232531
228087
232518
232313
228217
227260
220740
228231
222857
228972
232654
233255
227327
233248
222664
230576
227601
229815
222107
232507
227861
222627
232614
220906
222142
224290
223890
230979
231507
223992
223299
229929
222738
228693
233104
230486
230317
210461
231846
231425
231411
233216
220050
231318
223766
229686
210466
233189
228223
227382
230046
222948
223598
220568
224125
231439
220761
227767
223625
230882
232578
224431
220892
232814
229650
230532
222095
232910
232829
231775
220943
222372
233250
232608
231186
222980
227958
232280
229797
2319872
220142
220965
232781
231756
228418
231365
2319881
232247
222744
233207
233054
228989
228323
229621
227845
220218
233221
223067
233003
232736
223560
231432
223250
229468
232181
228890
224381
220723
231218
222789
223274
230296
220619
232881
231160
220792
210055
229194
228731
2320562
220876
230281
229379
222097
231401
230190
233256
233230
223150
2319732
220155
232469
229402
230030
223320
230965
222947
229959
231823
230978
220298
220560
223510
232421
228764
232370
228180
231326
231871
230607
229247
231132
233276
230422
229794
220585
231644
233212
229147
232337
210421
227968
222700
230854
210301
227273
229934
228423
222641
222278
223771
228623
231744
233181
223582
223287
210283
223849
233161
224128
229373
230554
222985
230201
228278
231301
224232
231180
222860
220948
210156
229985
231814
228620
233133
222056
222052
223124
210377
220915
223205
229655
222897
227502
222502
229669
227763
229566
222393
230207
232381
210388
222674
227257
220801
230963
232259
232543
232493
229824
223740
232804
223769
227733
227400
228372
231711
220223
2320182
229648
220963
210298
230079
232164
229319
223395
227416
220934
228846
222263
223478
232374
223559
232896
222213
227548
230758
228282
231352
229343
222914
222419
223016
230953
210005
228957
232200
231452
231952
220838
220579
231939
229816
231571
228697
231869
220926
228754
231453
232210
229836
222485
231087
223441
230135
210311
223522
230343
224361
231725
230933
231800
210340
222366
223381
227634
232591
232552
230648
227851
220285
223379
222129
230498
232209
223237
231913
232604
223667
229522
230327
231653
231296
224000
230747
231305
229881
210009
230897
224262
223745
222222
220260
229256
223884
229642
224011
222517
232851
2320761
210046
231163
228599
230861
232305
230951
220158
232908
229841
220733
222809
228238
231805
220622
220587
223668
229338
227583
224337
223608
220035
223436
230694
223693
231423
230808
224287
232512
223526
223069
223348
210272
2320082
232442
231504
222915
227739
222710
232190
222029
222851
223038
232843
232860
223213
223635
229323
223619
223407
222492
2319802
229975
230815
227576
224379
224330
230003
224397
227991
220977
223080
220556
228484
229781
229912
224276
220229
230056
222513
224216
232701
231674
228308
230734
228710
228155
223131
224200
228595
230669
221995
220192
224264
210478
229393
227337
230042
230188
222504
220958
232394
233090
222852
232602
2320372
229041
231951
223142
210125
210164
230494
224062
229392
230196
229869
229890
223546
222089
229596
223104
224148
231468
228339
222003
230148
230903
227644
231561
220706
220868
2321842
232360
231766
223489
220971
220033
220907
221944
232262
232108
232870
231148
229612
223636
228090
228270
228658
230868
222348
231413
220869
232932
227560
233144
220867
233038
231503
222007
230613
230221
222689
222035
223862
223435
228447
223322
224110
232645
229313
232350
229998
233279
231308
227766
231255
227714
228482
223656
220690
228839
231708
228994
222509
220271
227663
223917
229215
230881
232612
227386
228007
230726
227586
223090
228281
229662
231322
222040
233162
230452
229309
220696
227349
2320892
223107
227303
231850
227462
223521
230136
233007
228940
223777
233164
229992
227403
224329
228274
227600
231461
228684
230236
223029
220949
231945
210457
2320411
224167
232884
223664
229318
230835
223588
229580
227885
223953
220029
228346
230049
232588
223606
222698
223968
232151
210132
230699
232454
227415
230587
227581
232100
223371
2320732
227557
228349
231768
229371
227269
2320491
223817
228721
232365
231078
232559
2319772
222736
228148
230594
220659
232615
220275
223814
230563
230173
232446
222253
220305
228877
222313
221955
210341
228443
227827
230932
232501
222300
231623
223789
221942
231485
230673
222327
222890
227864
220655
233154
232161
222100
229665
229088
230275
220796
227764
231314
222230
210279
220891
220980
232099
232868
227769
223141
232544
227888
223500
231063
223845
210262
220109
227571
228208
231771
228699
229729
210142
229891
223204
230866
228741
2320542
230558
231040
231769
210318
229525
231494
231932
232941
228147
228320
232934
224240
231119
233218
223454
224041
231763
224351
230180
232254
228765
224255
231510
2319962
232332
210400
231938
230874
228619
228742
232978
227874
224284
229970
223010
222070
210153
232705
231273
230982
230147
231092
222617
228102
229779
224201
220638
223837
223767
223885
228562
222786
232116
230832
230424
223969
227291
231885
227453
228311
220961
230849
224172
231287
222644
231220
232789
232511
224429
230014
232331
223382
229874
223147
231798
232401
210024
220641
231666
232223
220807
229767
221993
222350
231935
228100
227852
233326
232579
232600
224410
227904
232355
229892
222334
232592
231099
223785
227797
228945
222280
231677
231364
232255
231363
232546
228132
224077
223866
228173
230731
232534
230461
231034
229870
228424
233033
227677
222968
222794
220188
224048
232178
210493
222680
224332
230793
222206
227931
233275
222204
210106
233131
230848
220974
230456
228817
228221
230543
220717
223246
222754
224346
228683
222499
233151
2320341
224055
222800
223036
229759
228235
223344
231740
232666
228414
222115
2320021
222811
227345
227670
210331
231866
232949
2319952
229216
222339
230920
2319861
228701
232217
232426
230229
222012
223746
227922
210096
227611
221989
222245
2319691
232547
230332
233099
223936
222952
2320691
232533
227754
220072
223506
227341
220131
231077
230140
222429
221947
222942
210229
224185
231116
232376
232372
232119
228474
227821
228608
220797
232222
230707
220657
228126
223944
222581
231482
210312
227732
232728
228931
223639
233105
220281
230740
223157
231637
2320641
230889
232796
232465
210485
210085
228387
230601
224281
230319
210474
233280
227686
231605
222953
227249
229784
227433
223078
228047
227690
232535
232419
232694
223986
230916
222219
228301
228494
229963
230442
227578
229061
221958
223516
227261
2320572
227824
222076
232147
227869
222194
230571
232743
232163
223472
231340
230132
224260
227500
220882
223620
220704
228534
230351
220998
229066
222033
224279
222406
228175
230340
220231
232353
231155
228546
227377
223955
210061
232867
232786
229414
228758
224119
224382
223883
220996
223183
222144
223487
230153
231393
210494
229962
220303
220630
232715
223214
232179
210361
228335
228326
223495
229205
210244
2320212
230246
227297
228639
230772
230871
220116
222389
2319752
210098
223021
228685
222567
229253
227814
233018
220028
229735
230067
222510
223910
2320822
231306
229683
222846
227306
231195
223577
228328
233089
230216
223263
232753
232185
222386
223192
231113
228314
228602
232601
220555
229063
231123
229932
210356
232697
228255
222777
232183
227948
231856
231593
221946
2319721
230617
220857
228679
220863
223356
2320032
220859
223838
232438
233350
220771
220546
223020
222108
228594
229296
228865
230164
231434
232630
228242
220118
228625
227267
228982
232378
228415
220061
228269
228831
224029
232152
228427
224012
231313
228715
223438
228442
231872
227350
223416
232447
228849
223134
233294
220925
232160
228704
229464
222486
221998
220548
230158
230955
228761
229225
2320001
229983
224392
223669
230620
220673
231524
220257
227863
222984
231722
223759
230326
220834
228219
231345
228559
228434
231535
223898
210326
229049
227463
220099
223604
228145
220149
220791
231501
231166
230759
229956
227304
232499
224257
233225
230054
232326
2319761
222184
220001
231941
231897
230637
222314
210239
233001
228899
224304
223855
210332
220046
231728
227250
230749
230121
231927
231368
230767
222105
227567
231441
224442
230035
232117
224343
228907
231489
222913
210453
227722
233129
230948
223412
220811
228096
224005
223961
231315
230887
231726
229630
231398
210107
229244
210291
223333
222248
210423
223432
230750
231095
233125
231522
222256
230468
222462
222177
227458
233109
232613
210455
229019
210252
227729
231586
231143
231477
222347
230899
223948
229365
228903
223657
230742
230104
223938
228052
220722
220728
231127
232471
223353
222929
220586
223127
220013
224334
210365
228705
232113
222493
228709
222447
220170
210310
229614
227295
220043
220644
229906
223747
220610
228556
232468
223558
232903
233340
233198
231835
231694
232946
222653
2320432
220864
230432
220124
227617
231961
222024
220931
223947
227882
232387
210437
227898
223380
222282
220600
231251
228167
223364
228601
227282
224275
231084
232308
232139
232479
231426
230658
227923
227274
228649
223345
210313
210343
233223
210110
220800
231355
232517
222125
228667
231963
224378
230347
227439
233305
231567
228292
227642
220795
233160
232430
229757
231280
232687
231957
210320
229703
222042
220854
223160
224199
224299
230176
2320471
224324
223672
223414
210488
232783
233059
227987
229026
231574
220320
232878
227485
228015
224349
220227
210171
220699
223811
231263
222310
232301
231962
230019
210119
221953
220651
231667
230961
228325
223924
222556
233058
231239
231588
231917
229696
223555
2319702
233191
220062
223994
224321
229314
232830
222465
223878
230228
227659
223960
229183
232555
222696
230633
220860
231702
227933
230005
224305
230068
233289
230076
228600
231377
220235
233024
222494
220172
2322112
232314
220842
224341
222498
223219
227817
222311
222956
210163
230109
227584
220995
231788
228324
227351
224068
231408
223455
230271
232730
220742
220215
229829
230243
223874
232464
224313
223053
227654
222207
222376
222277
232310
222319
222380
230724
233050
232273
220941
222590
230672
222174
222895
228805
233281
223723
230959
229952
222743
229939
231030
228813
230746
230589
231665
220173
232577
223181
222132
231424
227285
222508
229212
220942
231613
2320662
220767
224143
223680
230551
222088
232325
2319981
229179
210417
220100
224101
230777
231898
221943
222226
228720
230907
230657
233246
223889
222403
210031
230629
222443
220055
223392
229861
230784
227483
223182
232283
220127
222619
220153
223726
227795
231065
222879
224420
223191
229734
232330
227748
2320222
230812
230218
223775
224390
2320612
224053
223927
230208
230662
223605
228724
223439
222867
232621
222102
231947
224079
224342
2320552
210026
210172
233157
223318
224308
220933
229776
210415
232456
229889
231093
2320091
229417
230876
231254
231357
231412
223823
230737
233110
2319722
230287
232153
230466
228347
231647
230996
222458
223876
228582
231330
220847
230142
231019
229489
232827
232272
223754
222538
220199
232943
231054
230117
220602
228888
223037
220798
223187
223873
221979
222451
227715
233017
220092
229888
230650
230819
232433
228883
231825
223717
231046
223523
231590
223076
227812
232472
229262
210426
210500
222704
223909
232276
232872
220059
232241
232590
222569
223440
222898
222521
2320422
222729
230272
2319701
227778
230070
230344
231735
230931
222713
210241
210137
220225
224046
231051
232295
227926
228149
210390
231550
228431
210222
222480
231236
231067
233324
210067
233345
221974
210225
229350
229056
228714
228416
228821
229485
228161
229902
223915
228191
232839
224425
227875
230247
230649
222723
222061
220574
223616
230179
223825
223378
229768
229142
222190
231229
222905
231015
222157
223224
232427
232242
223196
223674
222828
228108
231115
220981
227653
222011
227988
224375
222257
220019
222555
228848
222004
220016
224339
227563
223222
233094
231627
223240
229883
223374
228838
223571
231950
227842
220692
231547
229856
231265
232899
222628
210386
210309
2320841
233288
232133
232760
228743
222663
210124
222722
232589
230568
222437
231916
220064
230241
210097
223115
223108
232072
230851
222246
220708
231117
210181
220922
227695
210373
223393
229859
224261
222298
224247
223244
231877
220680
222051
223797
228471
220047
233260
227724
222685
228738
230991
210418
220156
222902
222825
224140
231400
230509
222542
229117
227689
229941
231671
228781
228776
230789
232244
230559
230958
229170
230031
229945
224228
223060
227630
222383
227255
229876
220808
222452
227471
230716
223206
230483
232388
210029
223190
220631
210467
210300
227604
227800
231105
232606
230878
232854
230039
229254
233083
229211
222200
233093
224408
228109
227894
222784
223905
231055
2322381
227459
231435
227388
223940
232530
228815
224227
210123
232177
210204
231072
221948
228174
233257
233044
232856
220676
230983
2320131
228043
232795
222119
223009
227979
223288
232879
222017
230667
229367
222792
227516
222666
210084
229378
221985
232920
223252
210496
227312
222275
227887
222891
222066
223275
224095
223167
222188
210435
222377
230433
229335
222148
220308
232467
229114
223966
231525
223852
230928
228820
228140
232750
232125
231592
222170
220878
232731
231529
220161
228958
231551
227607
221934
229105
231388
231863
231907
229158
229046
223458
210263
227616
231622
223997
232059
210057
229981
232307
223504
220753
232508
230710
223702
223615
229873
230873
228755
222798
224252
222093
230505
230671
232150
230697
231285
233179
229196
231217
223155
210103
228419
210042
230682
220866
232671
229548
227881
223847
223839
222524
223481
231214
227791
222426
233315
224013
230574
233047
232921
233010
230529
231151
231483
229865
230267
222949
2320191
222640
232459
220018
228020
228804
210054
232790
210236
231100
232764
229175
232850
222926
228202
229346
232528
230011
224354
223011
223466
230469
231742
229820
232412
221994
230280
222742
229702
229390
223474
223005
223405
220244
231191
233142
229311
222375
222361
228016
227347
222893
210194
2319711
222026
229336
232561
223719
220042
231361
210176
230778
232260
232120
224235
210440
231673
230891
233298
231685
227256
222473
230823
231828
231565
232358
220163
220817
227917
2320901
230994
222656
223480
230440
231710
227866
227492
222896
210422
228828
220820
232444
229301
220074
228403
222046
230787
222138
231891
220726
230244
229987
233086
222176
220261
223164
223846
224087
224269
224152
224372
231184
229300
210059
220828
231646
228749
224105
229721
224439
210206
210376
227967
224427
229664
230233
222318
222552
228094
231597
227889
223114
222779
232841
230447
229085
222013
224428
223033
232973
223330
227635
222958
229760
228210
231458
