260258
320366
260360
240251
310228
221279
230261
330028
250399
290121
250265
280221
330646
350265
330034
330051
360483
270047
250118
260164
360617
270243
320956
260155
360896
260251
360462
361804
320220
300237
220031
220521
300550
221031
300302
320760
330581
350049
280131
300212
330472
240045
220707
220633
330107
260281
221184
330708
361584
350121
210286
330062
330579
320745
361708
320769
210191
330529
210419
330321
250410
330598
360443
330680
310306
260311
210161
230399
360612
350085
270276
270186
220205
280120
350299
320670
280022
220471
240260
270323
350327
320511
221299
330249
230013
240378
330004
361470
330722
330727
220871
270127
360064
300478
220569
220350
260146
320043
221254
310212
360256
361204
260306
320405
230401
300355
210193
310124
300482
320954
220445
310271
210241
210228
230212
250287
290080
300476
240213
210035
230088
210463
320771
350450
221351
221076
270506
220480
361531
361613
260207
220270
300350
350070
361134
210042
361658
360973
260356
320722
361087
320435
240333
220134
361384
320232
321009
320887
360466
290092
361446
330633
361319
210270
210457
360475
221315
230339
300495
360051
220290
300043
210281
210442
350060
310206
361393
210447
221322
320559
300309
361639
330703
361003
220575
210081
320633
350010
320150
260015
360810
360935
320039
270307
361727
350409
320200
360737
220358
300274
280034
280013
210311
220660
290107
220905
320702
320169
210182
300271
330715
300308
221385
361782
380021
260232
320791
330031
220664
330702
210269
330265
330140
230186
361748
220949
320507
330578
320624
220617
221373
210078
300531
350163
360638
221350
320014
240382
320865
210206
210423
361488
300447
230395
310314
210488
350373
270171
330205
320402
360062
260027
310042
361453
330395
360416
310189
361690
270160
230121
221261
330259
220446
250051
250120
230171
270254
320271
240006
220005
330753
310119
240086
361344
310010
221004
270115
250144
220168
250009
330421
350236
240401
221079
320503
361611
350431
350084
250195
210100
320777
320464
270079
320097
350125
300133
361207
320841
260024
330576
240250
240143
221402
260091
310142
321075
221151
330454
280167
330693
300167
361217
350098
320017
361600
220709
210472
361376
361797
240281
361586
300303
320130
210320
240323
260166
310045
361898
221422
260222
260275
240430
330180
361256
360867
270144
361707
360873
380013
360563
290149
360315
360717
220189
220282
360946
320712
220604
290021
240236
221208
350034
321021
350423
330561
361774
300106
300367
320925
361722
250276
320257
260120
320260
221123
360542
310043
270343
361648
230385
310272
330360
260318
360204
270128
320659
320764
310093
361278
221110
360543
260125
360458
210367
240029
320465
361620
270400
280044
260285
270300
300033
230479
360611
250285
220295
350242
260284
330543
270219
240117
300178
360364
350390
330306
320548
260016
250055
360494
320778
300354
361086
350149
360163
360811
220025
260216
220184
320610
360576
361298
360581
361487
310238
240153
320859
220886
350056
220982
230320
320327
310232
320276
310138
270064
230465
360245
300403
361864
320981
230122
270063
210369
320282
350360
320538
221265
260087
320005
320597
360583
350365
210031
360527
210292
361328
360596
320474
230330
360021
330682
240261
300160
221403
360407
221032
310315
350036
320454
280132
240219
330065
270003
360313
270124
330137
360296
361374
310305
220612
260156
330644
210441
360909
210237
240359
361535
221360
320463
360384
260221
270453
220524
220815
290158
220535
220363
360013
361654
361847
320573
330406
320695
220324
361785
310207
330733
350197
270448
320675
360446
361208
230328
300009
250392
210274
330167
280206
210146
360721
330141
360001
320992
320786
210118
310237
210165
300460
300346
330506
330055
221081
270299
350031
361377
250212
310145
300289
321108
260095
260020
330409
210101
330299
361817
250318
290111
221243
360535
240313
230255
210359
310134
361889
330310
330723
310146
220795
221156
321051
230510
221310
361002
360510
320255
230437
230072
210219
280063
361267
360990
320048
330356
270215
220054
270028
360115
330372
220790
300008
320586
320343
350359
330302
330129
350452
330432
230541
221046
361808
361335
240254
221149
300131
221002
230031
350284
270483
250271
220500
361140
221068
360086
320842
220385
360857
360817
240381
240375
330698
310279
350025
360919
240097
360558
220176
360840
270246
361660
221414
320570
270475
230400
350040
361428
361615
250385
310310
360236
320756
360352
300421
321089
220934
320444
240276
320939
290008
270411
230430
320241
330208
361157
220067
350100
210076
330022
250117
230277
210417
240164
300249
350469
220202
300483
361167
221107
330384
361728
310076
270321
320348
220312
361698
300224
240189
300154
361934
320401
360812
320930
250048
300507
330649
330136
310054
361603
350437
310196
260158
320957
320299
300396
230135
230272
361135
330369
320160
270311
360405
260351
320209
220185
360610
230091
210307
320177
360479
250150
360125
270437
320601
320408
230319
330550
280066
240142
330547
270267
361719
270084
210396
260129
320029
230500
320234
230262
361430
210256
260021
320068
220661
210211
310113
361764
350323
220296
280192
321040
361745
221249
270110
210479
320677
220310
361705
210393
290086
360085
260177
310182
230362
320320
361947
330565
250204
310246
210121
220246
221103
310236
280071
360353
320460
350110
310280
361853
380003
210435
361775
350324
290076
230425
220169
210300
360939
350013
330096
320140
260256
220501
350078
250405
360343
250012
280189
210117
221178
240447
230487
350086
320253
300406
360850
300021
240191
210411
361263
250366
240025
320772
360178
360382
220200
330216
230038
320855
210082
350427
320190
360780
210494
320578
360442
320893
300238
280049
220836
221355
270315
360520
330254
230271
221101
221347
240275
361246
230104
250098
320785
300028
210198
330530
360707
230198
310130
220627
270312
230303
320445
270410
321003
321024
270109
280196
220427
300428
230327
310183
240365
220489
360300
260127
210276
350328
350043
300086
280073
360574
220250
361462
330355
361557
320747
321038
320243
221234
320267
220286
250047
320752
290110
240013
320170
320726
220571
221424
361910
361165
320499
320576
220537
360745
260272
320835
360318
310122
330161
350302
360526
361554
361724
360199
361302
260257
320090
320584
360764
210329
260022
210344
220137
220222
230456
350171
260128
360950
280128
220979
260046
361240
300079
220568
230371
321050
320698
361342
330602
270076
360719
330484
360582
220019
360087
320951
350139
250093
320425
260171
250132
300177
360038
230079
361577
260219
300457
361464
350151
360253
250188
350132
321066
350180
300032
361614
280188
270484
270404
250168
220460
220090
230067
240211
361619
250110
361171
300175
240277
350380
250359
230273
300058
290053
300450
240018
250163
230005
320595
360556
361862
210061
310274
290183
221388
221063
221183
320319
221011
300129
320789
320532
260012
360418
300088
320242
361647
330512
320757
250308
350227
330088
361433
240203
320787
320754
270382
260085
230166
240020
330415
260151
321057
240170
330150
230131
280121
350167
250292
350385
260135
361608
280101
310180
330756
220050
380011
330094
280107
260332
220455
230070
360965
361968
320611
300306
280023
220733
280014
210190
320179
360999
361735
320075
350381
260055
361624
240174
350485
360191
240389
270507
210055
270080
360146
220473
250070
210297
330173
221033
330090
300480
210349
221131
280227
310283
221326
230348
360433
260320
360860
360627
221111
350300
221134
360781
210167
330475
280166
220496
230394
310038
330580
320298
330442
221342
300363
350068
230136
361649
260190
210345
360238
310055
360208
361139
221066
210170
250331
360457
361718
220426
360190
320898
330012
300398
240099
230489
260295
320132
220313
250024
360988
361595
361085
320473
330041
360580
361422
220032
320719
361059
361588
270207
250289
220301
260279
221222
220608
260202
250141
221090
361455
321005
280207
230213
290070
330410
240204
330105
250030
220331
221188
221195
300298
260299
360234
250267
360129
320836
330376
361713
260122
230206
230125
300082
330377
350011
320514
361666
221169
300571
350321
260140
321064
220898
300441
320400
300221
360259
270496
250128
360425
330655
210410
270055
220354
360393
220402
260017
230158
240459
330496
230432
250175
280124
310077
330308
360176
320552
220670
260118
240403
260107
360465
330200
320693
320915
350107
290020
361845
360079
330145
360800
250264
280175
310012
350408
250043
230403
210174
321073
361429
250061
280040
330567
250075
360758
280156
330295
350106
310137
300503
361408
240180
260297
240371
300575
270152
221039
270371
260145
361064
230367
221095
320984
220577
350351
220808
260203
330451
360704
361321
361350
230376
300366
300020
220147
220704
350200
290139
320978
300329
361499
361871
360575
360193
300261
220728
361069
220321
310178
220724
250052
240329
230509
361634
330436
270042
221362
361236
360949
361317
220442
260018
210318
270466
260042
350354
320867
250280
290011
350270
360090
361424
240077
361100
360241
221181
220712
220490
361832
360235
220307
361340
240201
330622
350062
220456
330233
320123
220605
350233
220481
360161
210073
320723
220820
360911
270132
350278
210144
250032
310107
230148
361073
260060
320626
230370
320884
330685
210455
220870
321013
310069
230445
250303
230165
270378
221028
361272
320080
300208
230375
220195
330172
210478
221308
320116
360709
350388
220448
300068
210477
360516
361212
260033
320203
310031
220741
361597
270349
230356
360124
330745
330183
230520
280230
300153
220220
320483
320002
250218
270257
330392
300139
380027
361426
361612
310170
270197
240351
330641
360874
361987
230130
250040
320920
230354
350297
240252
361265
300094
320966
210013
330271
350334
320894
361289
260061
360154
310094
321056
220068
310141
220812
300463
250358
330642
350312
220400
361855
270441
330428
221043
320879
350362
360602
210043
330229
310194
230535
361349
260162
321100
240090
210048
330142
330673
330019
300491
350073
361209
320819
280199
320840
361203
240226
260348
280233
330737
320643
320691
360231
240286
350258
360669
361538
260059
320411
260239
221137
270027
221259
320890
360606
361483
220292
220499
330555
220351
360413
310019
350173
230360
361559
361596
360541
350378
320205
360482
220970
260070
361011
320431
230334
361825
360344
221115
320828
230207
250231
220829
361163
270072
361098
250042
210486
320847
260197
221289
320977
221105
270166
360206
300429
320332
320240
361431
240101
320533
350291
361585
221219
270298
230094
320178
361875
330391
250376
320506
330743
250063
330152
360202
221051
220858
350439
360445
250001
320290
320093
350054
270011
210163
360832
360130
210361
320798
361777
221189
250119
310098
360390
361593
220912
350032
240345
360506
350303
210302
360173
320899
360464
220869
320441
330479
270220
210030
330209
300529
220944
230340
230087
360972
221277
360424
260075
330752
361056
210383
361262
360244
361760
240118
360503
240249
360903
310307
380007
320492
330577
320590
250360
240145
320795
220074
210023
240089
280164
360267
250304
290135
321058
360166
310302
310203
220369
290025
221157
300388
300056
221317
360222
300241
361486
270364
350228
300581
300146
220413
360066
320805
320032
320261
361096
230434
270273
361399
240337
220556
220861
350445
310264
330378
350257
300034
350021
300169
250381
360346
280226
361109
250246
250298
220783
220881
220706
240017
221268
230289
220245
320961
360120
230355
240078
360260
361032
320788
230110
361766
361680
350462
230105
220287
221421
320519
350157
230144
360955
250309
220491
270391
360884
270491
360892
361490
330026
210362
310261
320628
320018
321088
221417
361536
310005
320971
320965
330278
250316
250320
240195
361425
220306
250323
230053
240179
320113
320521
290055
300197
360687
280087
270427
320377
221166
221006
361450
220216
270133
330631
221273
250037
210158
240289
240122
310066
230350
321099
210275
230307
270306
361361
361800
361123
360981
230377
300326
210020
220198
260163
361776
290105
360102
221037
221420
361235
320498
360101
260234
360404
280117
220681
230016
310265
240227
300092
321086
260161
350072
320349
220001
300542
361687
230478
270290
210125
230336
250073
210097
350344
240248
300373
280016
290166
280100
320571
220114
310087
330500
240183
221392
300385
360376
250154
221022
230187
361625
360211
240218
361954
320012
330326
330296
360377
220888
230020
220520
220080
350042
320708
300157
240419
210089
280214
361258
330677
210262
220450
210467
250018
310174
350039
360607
361116
300147
320365
320821
220973
280184
250286
230161
361023
220830
310244
361788
221009
360579
220221
361053
210077
320184
220438
260159
330740
320833
330639
300217
360026
270449
310289
220098
310060
240031
300479
300101
320863
310136
361168
280153
210109
260001
270007
361439
210299
270429
230267
220039
360035
361274
330032
250393
250241
250349
210358
360921
210016
221007
210084
220974
221263
221255
270169
320158
361874
360782
260072
350272
210408
220089
220145
320964
240262
210094
270043
320099
221271
310127
210487
320396
250031
280150
220148
361826
361895
270297
300415
360230
300509
321081
360383
220620
220171
360872
240383
260101
360630
300359
250028
290017
270097
220262
260110
361801
330079
360597
360326
210424
221089
220745
210169
350047
240253
240084
230518
210033
240347
220160
320164
361013
250400
260226
360456
240055
290047
320781
270301
330597
360421
290014
210008
230002
380026
280152
270428
350424
320006
361071
380014
360642
350135
220447
220567
290043
290128
310216
300569
321076
330429
220412
221292
240374
270088
310267
230205
361985
330287
240406
220383
270405
250319
360331
260244
260263
210233
230170
230379
290001
230036
210255
360979
300059
350250
361297
221053
230227
361360
230268
310252
361565
220033
361415
210278
210420
300013
350400
221074
361041
230405
250198
320988
250244
360452
260035
220100
350339
310149
300247
320527
350315
320525
310086
270310
320721
321079
320806
320856
320838
220177
210475
320823
320246
220863
360432
270249
300526
230475
320776
300152
350463
250269
361765
361723
250346
300380
221425
210414
270077
361757
360672
210217
360718
290096
310007
330499
320102
220980
350186
360615
210075
350195
360258
220838
320588
221247
320968
240184
210066
290124
220060
300593
320413
220798
220464
361668
350500
310057
320794
360356
360667
321078
240408
240096
260160
360180
320751
220069
220743
310251
360324
320594
270006
300130
350108
361761
300477
230411
360221
320281
320824
220136
210384
360132
330102
221029
220055
270113
290077
250336
220361
210214
260093
360159
210138
300205
310126
210067
240188
330492
220667
310177
330650
300563
320111
210056
250182
350212
350358
361288
220736
220349
361206
230521
280154
320222
230137
270081
221364
361865
320861
320888
210489
250223
250068
270518
230325
220929
330112
300493
330269
360698
270361
320038
270513
210346
320187
360436
250277
360624
350048
360594
220156
360192
220170
360122
300365
350376
361674
240206
361756
270464
320634
260350
330119
210105
210120
250083
240104
280204
361599
221041
220043
230015
250138
290083
260193
300514
300051
210431
270370
210150
300334
300065
300016
360293
360247
260078
330246
280038
210483
360438
260224
360616
220449
221211
210351
250071
320564
330111
330072
330351
210201
210088
360562
260041
321096
320950
320608
220126
360348
210103
361378
221298
220710
250038
210264
240407
230225
220596
320217
361858
300362
330388
280085
240028
320355
270194
320286
360937
360365
320417
350232
230010
360359
320135
250256
210019
220111
230455
210133
300580
360298
221185
350122
361303
360956
300085
230134
220129
360422
280146
350240
320672
361742
250191
361839
220809
270189
320325
230333
300453
330204
260296
220686
350307
260131
310067
350162
330358
360198
260062
260249
361060
300256
280172
270071
230040
210327
310009
320871
360294
240186
360833
320089
230359
330571
330175
270497
250207
361313
270369
250375
360769
210171
360140
361022
300159
210285
350037
270112
280220
330510
220422
300484
230291
320273
321091
361852
330093
220135
250193
361427
361178
270443
310188
210476
290119
290023
330749
300331
210224
220887
260304
350391
361237
280037
350017
210250
280219
270015
230160
310173
250235
270366
360255
221067
310053
360633
360590
320064
320175
361379
320768
290146
361205
230162
270202
361449
230389
280033
300486
300155
220372
360109
321071
250164
360537
221378
220679
320455
221224
220747
330417
280158
350459
320085
210108
220049
320451
221250
260323
360744
320878
220122
310078
360317
210325
240295
320713
210053
361729
361077
320292
230484
220196
361404
361033
361219
230504
221012
360966
220108
330694
221367
210348
290151
330605
220429
360357
350063
310241
310143
320549
361738
270395
300053
210186
270140
330616
240014
290051
220254
330508
360471
220529
221122
360823
210231
210052
360454
360350
361017
240071
221036
250299
360138
210459
290113
310179
320013
210273
240271
320288
361243
230256
250210
320309
230505
360168
320545
260010
280039
320226
270452
260076
360517
360932
250185
210356
361133
361093
290175
310034
221121
361589
221153
221019
220962
220186
310171
360468
350091
220269
210283
320523
361014
350061
300505
310032
230310
361362
330277
270445
360977
220768
320180
321037
300114
320641
350432
221008
250099
220436
320701
360876
320414
330268
220157
250209
330720
330397
220955
360426
240405
220723
360319
361308
220479
230017
360187
230460
350377
220190
361509
270401
290127
361878
220552
361575
320529
210371
220862
250367
361421
300518
230485
220470
230043
270353
220599
330398
330221
221397
330595
250023
330329
240032
361736
230191
250196
360756
240064
300227
270151
290089
361524
330197
350274
361388
240210
240172
260191
360271
330480
250171
250105
360308
220760
320536
290162
320458
270046
260153
221130
230163
320103
280008
360266
320476
210044
240390
230246
360522
361046
220597
220367
220564
330382
220505
360116
321023
350481
210309
210405
210050
230042
230413
350474
330238
361089
300026
320078
350053
361840
260307
360417
330122
240134
260213
210142
320746
350045
220978
320613
320034
210022
320383
330247
361030
310118
220545
350260
220414
240349
250180
300052
361714
360006
330171
330612
290134
270198
360686
221323
320057
360295
300594
350417
330263
360428
270200
360660
320679
361347
220584
330431
300444
360215
330674
280145
320345
220646
350030
330528
240207
240429
300245
360152
310172
350304
210437
330683
360162
350487
221108
260056
220343
210434
330462
230467
290167
260336
270324
330074
220094
221436
260229
300576
320919
220701
270217
260309
220180
220175
300182
220534
360369
360171
320862
360280
210456
230265
360658
320609
310148
350052
250219
361520
260134
360653
270295
330636
320914
320186
330732
361692
330267
270258
260314
250172
270093
220884
240034
240209
230217
240287
350248
361815
300416
361528
260032
350448
360392
210454
300263
230185
210189
330465
300578
240085
300166
310160
260013
350370
320070
320649
320927
330623
350455
361245
300443
220885
260349
330002
310102
250142
250407
320139
350415
210240
240052
280057
320674
220720
361618
250192
310073
300389
220907
350150
240312
330525
360291
220212
230085
310121
320447
260014
250159
230045
300165
360207
310147
260124
221408
210461
220622
360789
360019
250253
360301
221401
330711
220260
320341
320303
361623
250340
230468
270083
250087
360796
270004
230103
320073
310225
220817
360608
270332
330675
321068
361799
240061
360137
220502
300432
230363
300282
360825
300485
320917
220857
280209
300474
220585
250004
290190
220325
330279
240328
330148
360689
300290
330063
210404
300393
360041
290054
220653
250240
360785
320975
360082
350451
350364
350229
330634
270373
220017
361413
260176
250082
360957
230208
260175
270471
230269
320520
330027
210265
310083
360493
290131
360273
310200
330060
220425
220428
220115
240243
310152
300358
221405
210444
361306
310297
320404
280077
361630
220193
361720
361091
360976
361754
260269
220397
270426
220328
300189
300063
250179
320651
320736
221097
300469
250247
330307
330203
360953
250065
360278
360770
361400
221186
360108
230508
221125
220360
320644
360640
270457
210468
290147
221058
330440
280059
210341
361447
320266
250213
310084
230093
220983
270224
361021
220077
220636
360798
210374
270231
230511
270352
230078
361414
360441
350383
210155
270209
290123
330611
210239
330481
210482
361814
221096
350140
220294
320508
260198
320928
360227
330236
250389
330463
350124
310139
361416
221187
330013
361897
330485
240197
240016
221327
320485
361844
330437
300349
330344
361354
320027
300468
240387
320443
210284
310030
361095
221025
330399
300110
260009
230353
221084
210465
240306
360839
230537
361689
210392
361780
240019
230352
220497
350298
310169
220441
221207
230211
310144
210007
320989
360985
361186
360591
240167
220917
210339
300162
250077
360738
320071
280001
320935
380030
270244
240151
360188
320280
310037
361755
310072
270179
300465
350090
300322
260057
360604
220391
350159
300499
360626
350317
360461
221057
320245
361145
300149
250140
360297
330253
320534
270114
220946
360865
210205
320115
300038
300124
320392
250096
210272
320293
300426
290155
310001
361988
230428
290152
220541
250295
220411
361375
360075
210222
350283
280125
361448
280052
360757
330213
361137
240175
250139
240035
220804
300475
361791
220079
350094
361583
220644
260130
320969
330523
270465
221098
240087
270412
320326
270327
270248
230063
320128
220498
361907
310159
320681
210280
330270
350028
310123
230532
260133
350164
361359
320539
320886
321069
230286
320945
360490
210245
250302
330374
210119
360790
230451
240435
361248
360654
320831
360117
360223
361181
320622
361074
250022
361831
220266
220052
350075
210366
350486
230525
240199
330422
321022
320046
360657
320796
230195
350382
361075
240002
270108
210495
240111
310262
320827
210303
250176
310227
300030
240397
310275
350130
221106
360632
260143
240021
361185
350422
210215
300042
240047
290044
360057
350138
350118
361234
320322
260165
350225
360286
300236
360322
221216
220865
320416
330178
360882
361508
280159
220495
220872
330280
270510
230028
361280
221044
320908
221060
360598
360209
361547
220961
260029
320761
310100
300511
240292
360126
270467
350134
220439
361112
330073
330713
210176
360549
220257
270487
220288
310181
360491
230189
360694
320379
330005
360954
210462
210180
260063
221238
270107
280191
240283
230145
280045
360940
361332
220273
360119
330621
270302
290125
300470
270330
350352
361225
240070
361122
361417
310024
280006
210425
240141
260254
330262
230285
260289
250373
240048
321083
250324
360821
360992
290056
230546
250007
320307
221180
250386
260340
320385
260241
250049
221140
260004
350023
250046
300464
300430
270337
360096
210340
360504
220913
320512
280080
270145
361159
230048
310299
240114
300036
320535
300305
300313
270146
320575
360363
221114
220692
361079
290179
300312
350326
320420
250123
240194
270447
260312
310110
330653
230431
240158
360205
230071
300372
320680
260064
360747
361474
320141
360077
250322
220311
361642
360920
220182
220003
330513
310248
230540
330362
240294
230117
320457
270356
220614
230527
280197
300384
220997
360386
250263
240410
300251
220926
320172
210095
360463
320270
360829
221171
360859
330030
250390
220095
330281
220484
320574
360050
350193
270111
330746
361198
260273
221346
230022
361679
350295
320844
220330
220018
310016
260337
310082
270138
300132
260245
230264
330020
330624
330353
361504
270502
210406
240108
220164
250255
240066
350425
300539
330419
220197
220133
361044
250328
350077
330293
360311
230329
210352
360083
220899
300394
360439
361324
300440
320658
330583
330705
280177
300341
270250
221294
361958
270384
280116
320201
360891
330706
360862
230100
310176
210492
360179
221215
221091
250314
361162
310233
330533
220420
360135
270342
210368
360037
330043
221220
230142
300293
300231
250169
361794
280194
220036
240297
321077
330132
350097
320998
360460
361270
280007
270499
230378
280067
210208
240182
360093
300272
320663
310003
361273
240073
361544
230089
250121
270503
310125
210172
300541
220758
250262
210025
350294
320475
330323
220555
350395
360347
360512
321104
330206
330493
320104
260073
320204
230061
220119
210173
250181
270355
320493
280140
361711
260287
210054
280086
350306
210387
361915
300338
260330
300582
361327
300327
210330
260168
350223
300417
230164
361734
220773
240217
240056
350419
330215
360573
300210
360663
360303
260262
330357
350366
361018
361382
270019
230442
361468
250039
360554
210124
210149
320518
230497
270462
360732
321030
300023
300006
221307
360693
330106
361383
330275
240044
361664
300102
330548
210229
270199
350051
260290
210021
250236
350322
260218
220705
330495
220265
210277
300553
361566
220508
210484
270317
330584
250152
350194
220364
360886
260126
320136
360760
230539
221026
230059
360827
290032
320837
360472
330695
280229
280054
220232
360866
360316
350035
350083
361180
310242
320953
300022
360459
230230
330626
240259
220201
360555
250177
230469
350059
290106
350126
320620
320700
361254
320109
330044
361367
350264
290161
320430
220531
330735
361850
361644
320296
361454
300184
330257
290168
360375
361781
320236
350182
361103
360572
320526
361927
270514
330403
210421
320142
310266
270472
350442
361971
330343
350142
361513
300163
360091
310128
220657
300108
240421
250173
320850
320561
210246
350015
360028
360987
270421
360923
250019
330181
250294
361657
260052
250404
260300
220233
220409
320127
210063
300176
360153
310074
360502
320410
240443
270517
350143
230172
220700
270118
360592
260115
361027
360370
360588
330113
240041
350101
320143
221283
220533
330423
240319
220267
240015
270287
280173
360507
221267
320983
270318
250147
300048
280185
361548
361653
320124
220715
220315
360729
210470
220431
310295
260280
360622
300517
361271
220083
220398
220936
220421
280179
360762
350249
230178
220062
361752
270397
220240
320044
320864
300573
350456
361978
360473
360022
230300
350065
290189
290052
240270
210062
361860
320541
270026
360971
310285
220365
360934
240361
320758
240171
220314
250382
320987
360656
361980
220621
240258
270172
360110
361310
210132
230152
330755
250107
361284
221129
360933
350123
330046
360842
230242
220547
230116
220329
220659
360332
220410
220557
250306
290050
230233
320725
360052
320047
210282
210005
230092
360501
240445
270203
270261
320815
270130
320384
220071
220316
270460
260339
210448
320219
260092
320673
320618
270294
290187
230039
360690
270262
320129
330227
240370
361542
230341
361266
220485
361202
230459
300374
320213
270157
270264
321004
210382
240107
320125
240215
361120
350433
360505
210220
360805
330386
260246
360172
360661
221338
230444
330194
220382
350253
300128
280215
220891
360148
330017
320755
260326
220405
330747
250015
210355
220040
361506
360367
330526
330354
350241
221201
330349
280183
230095
260105
350356
320407
240392
290082
240299
220408
290169
361233
360569
320881
290104
300207
240168
360403
320031
360372
260074
221339
290007
360136
270296
300516
230003
300392
220818
220850
330245
240202
361637
361731
380025
221205
350340
290031
210183
320589
350436
300062
361906
320388
360453
300527
300498
270057
360411
320738
221274
320007
300024
240340
310085
360042
270174
240001
240318
350499
350095
240069
220548
230024
300427
330288
360629
361452
350263
221404
220337
320843
360340
360226
220748
360877
380001
250076
361869
300455
320193
361828
350443
280070
280103
270212
320237
270313
220918
240456
220231
310115
350087
360915
360816
350093
250313
320239
230257
260322
350102
361260
330748
220823
361909
360620
250232
260317
250348
210179
320948
270408
221229
310258
320797
220610
300229
260112
220463
330334
320024
361290
220027
221015
320196
360763
300597
250327
300073
270167
221328
360123
221245
220592
220097
300014
330470
320083
220341
260242
360710
300535
250279
300543
220697
361396
330037
361039
270033
330518
360967
220641
221196
350279
270511
360024
310095
220565
230056
230522
360262
210449
230491
360099
320088
240364
321019
250170
350136
350027
210036
250333
240231
220103
280072
361213
300011
240075
230306
230239
210093
270061
270438
250211
300121
220299
320488
360998
270402
350349
321102
361070
320191
361419
350384
270486
321107
350368
220030
361182
300069
220672
220332
220258
310209
280058
221087
310191
310277
360429
360685
361285
260067
320235
300343
250396
221038
220666
361812
210006
230305
220419
330509
320600
330564
280108
310071
220634
240060
290138
220651
361177
250104
360488
321063
230324
240451
220088
320714
330600
221382
310263
320615
240119
360381
300435
240335
210004
360261
300295
361545
220167
240398
270099
321028
330189
220856
320359
260104
220368
220046
221073
361371
360410
361292
320922
240437
210045
360345
320157
360837
230030
360801
330298
240161
361402
230452
380032
321046
270164
360321
220678
361016
250183
300138
210296
360133
220668
360930
320870
330630
320403
260008
290180
360020
330714
220179
320612
330751
361530
250242
280222
240409
240334
221175
250272
320603
350479
300168
360339
220101
290101
330370
361004
270213
300100
240327
320210
320008
350410
290116
210413
361816
320053
320676
210490
230279
310161
320244
321054
230384
230524
360861
220457
360511
361307
310056
360895
221256
270365
350244
360962
360513
280005
360749
300368
300390
300040
270381
210072
360189
360325
240385
330049
280093
260204
300307
360683
280190
330656
360451
210364
250350
361055
360366
230443
330324
330340
220035
300072
270206
360397
210184
250329
220308
361810
360333
330316
221165
300589
210168
220494
360809
260023
220298
310096
270469
360700
350020
300143
350330
230068
210432
250307
320938
230139
221170
270393
210305
360334
310090
361251
360904
280078
250357
220810
361789
221213
360329
220034
360994
221113
360643
210257
220602
330447
230514
210178
220165
320958
270455
221365
260108
330352
361436
320436
250114
330052
210058
230220
330678
240037
321043
240146
230294
350216
290088
330332
210498
330467
220821
250257
300173
361434
330070
320542
310249
330477
220628
270325
210129
240257
250353
320875
360194
320305
280011
360913
330413
250155
350310
310027
320616
360272
270398
300044
290141
320900
220128
330716
220423
330177
270488
220766
220076
240222
250369
361316
300400
220889
280162
360011
361779
290060
280170
320153
230492
320059
320009
260236
361407
361191
270339
300041
221372
360167
240046
220107
361026
230075
210087
361891
300260
330474
221000
250398
220278
221252
320344
330539
270184
290072
360727
250362
300105
330426
321015
220117
220388
230169
260231
270314
220335
220063
330573
300035
220142
320497
361819
240230
220988
330347
360777
361282
240103
290176
320056
360614
361107
330135
221345
220376
330243
320336
260341
321049
221059
221042
300497
250006
230295
210370
320904
250343
360854
360061
220131
320077
270153
300222
300446
270322
221049
221290
300317
361020
310029
361131
270396
240265
230499
280084
380004
361701
290063
361551
300579
320996
270270
330434
230119
330519
240187
330303
210252
300420
220507
310309
330154
230299
360320
230037
240100
220843
250227
250085
210453
260223
330151
221280
350333
320812
320799
361838
300584
320049
320120
310129
361857
220038
220374
310153
350176
221070
300554
230102
270265
250234
270255
220786
220280
361043
310281
350198
270372
240113
240123
361607
221155
330587
270242
310039
350453
361281
300461
350209
220275
360991
300206
240080
300568
350033
360720
350335
361519
320962
320081
250281
310220
361389
210185
361704
240144
300209
250254
320581
221001
360783
361255
320429
360759
290019
310021
280225
330202
330014
300360
300164
230147
350411
330056
250321
360875
210212
330425
350301
221282
360084
350285
350004
210438
220465
290078
361478
220140
360539
300500
360287
220396
220404
330418
230126
330726
300512
330654
270247
320333
360676
330542
360095
230049
250054
330147
360217
270333
320809
350111
310317
321101
360768
361579
280171
320982
270192
280213
250010
250252
360449
330473
350342
350457
240131
290184
270283
361709
320937
220920
290100
210202
361472
320197
300525
230288
360561
320949
310131
260277
330003
300253
221176
250379
320630
290165
360986
320378
220900
330686
220194
310101
270289
361876
320233
300075
220711
361678
360752
350196
240026
220919
350396
230044
320069
220139
321044
250174
240288
360073
320668
360292
240449
330248
220561
210295
310215
260039
320168
320737
240448
361956
361247
330011
221160
230436
360571
300572
210196
360696
230221
230464
320980
361343
240192
310162
350488
290062
290003
360430
220996
250347
260079
230349
210203
240049
360645
330396
220283
230418
220075
361863
320432
360156
320174
330638
330125
320733
220432
330710
250112
220152
320973
350336
210140
320211
350313
320066
310208
250100
350081
220053
250335
330301
290065
350276
280205
320685
300111
220056
361101
320744
210460
220593
320709
300096
361655
300342
270239
360678
320340
321052
270362
361341
280075
330276
360337
320889
230318
230190
280091
221309
350245
220227
330483
361466
360396
330672
350166
310239
240388
320391
320100
360649
221132
350177
320826
320421
210116
361175
221240
220239
260173
210112
320321
320706
361083
320942
360766
360996
230196
240268
260037
360018
310184
360639
360302
240440
240004
361252
361331
300315
361279
290079
221409
220536
320351
220058
310135
360664
280092
361227
240458
270193
361645
360532
321031
361156
230474
270237
321000
320854
361211
220271
361192
310150
240315
220443
221334
270141
360200
270135
260208
360743
320582
260302
250160
210115
320218
221419
320036
361539
290163
300304
350129
220765
361512
330609
210106
210334
230151
290039
220228
360355
330225
240247
350461
310041
260261
230202
330438
270044
250201
210443
361529
260235
361403
220215
361443
361194
240373
360671
330231
310068
361373
220693
300288
270368
210380
230283
221293
290114
220243
220345
320912
320955
230427
320399
330309
240135
240224
250131
240244
360252
260169
310097
240065
270360
221286
250115
270319
240404
260268
270185
330121
330535
210194
210107
220392
361076
220882
360056
220734
220013
210070
330342
240228
230313
220138
360049
320921
220721
240115
240454
320918
320735
240232
361323
360186
360565
330486
320729
321084
270272
350146
300115
270498
221071
210402
250408
260005
240082
290034
350238
360916
310011
320437
290153
330023
270048
320632
270291
250275
361879
360883
320375
220924
320818
220730
330064
360922
320567
310089
310199
240395
260342
270286
330572
260276
220014
320171
250167
300049
330606
221099
300492
240023
350113
250158
240074
220386
220459
220162
290018
360249
290145
320274
361355
360282
240391
360814
221118
361038
221023
260228
310234
330337
230270
361920
350026
361872
230197
360003
230466
360725
361896
210242
350221
230060
220972
290098
250126
221297
361438
220740
361230
361621
280157
360843
260109
321094
230441
361573
360813
360708
360092
230287
330511
361463
360281
320531
250092
270285
360474
221325
350348
250344
270454
220021
270123
361158
210357
321092
250278
260049
310214
330717
361697
361009
270516
240346
310099
321027
300555
210136
270505
350088
300002
361312
230332
300375
290154
320724
270380
361084
230315
361268
220104
360779
320647
300442
210130
350080
330692
350292
361695
310158
250205
310300
210162
260114
210199
221204
350018
220539
270266
360197
320718
270023
320427
360014
320540
240027
350473
300340
320959
360679
290029
330228
220264
321017
360735
221433
310270
310269
361330
361380
330754
310312
361784
360545
240416
360603
320352
360570
240127
240092
330554
240355
220698
240120
220183
210047
321010
361835
230284
330591
320543
220155
240298
270009
230369
320851
270191
320811
330562
290177
350454
350262
360023
260195
240322
330143
220777
321042
300120
320547
260149
330427
300225
260319
310111
280198
230453
310163
300458
330313
240302
230346
320817
290102
260352
230374
250268
250248
320131
330187
320808
221168
280165
350478
220206
240279
360557
221218
360143
250249
321002
210096
361880
300076
310205
320133
280098
260308
360943
210157
260274
361484
321080
330404
330164
330736
220519
221093
280203
270478
240321
220985
210260
350218
360894
221174
330188
330166
280118
361691
240237
221253
330272
360960
361005
310193
360550
360524
221182
270316
361662
320891
220373
320690
210156
330527
330503
320880
270515
321065
210145
240394
270345
210123
280074
320134
320555
290099
360224
250017
240139
300489
350392
220778
221235
350002
220042
321097
360609
220084
320042
290085
250103
220616
210192
360631
320159
350044
330729
320585
220890
210032
320194
360794
240376
220603
220086
320635
330448
330126
310247
230302
310155
230447
260184
320145
361628
220509
361353
350187
361152
290178
320148
250194
300141
350117
220224
250148
300502
361843
250189
250014
230192
310288
320671
310254
310048
330701
361294
221314
270470
240362
360164
260019
221281
230216
270090
221348
220105
220073
350222
300402
361113
220673
210164
320107
210298
230155
330018
320151
300574
260178
310022
260240
220002
320650
320331
361357
220151
300179
240225
360819
360852
300226
360831
350402
310202
361295
230274
210152
350494
330220
260298
360220
360525
360469
280142
330709
320763
260007
320357
360151
320793
361351
230297
220247
360450
230201
350350
361142
320229
300183
361635
320481
300399
210122
361250
361733
320095
240152
221394
270143
240154
330464
210010
220684
320023
220922
320173
220562
360338
220150
320834
210481
270022
250225
220729
330006
221075
300508
290094
270034
240358
210015
350367
361346
240079
361747
361942
361164
360131
380010
250034
221266
230234
330040
361517
330294
220099
230298
221363
360688
230263
350119
260137
270346
270058
210379
220878
330083
310245
221438
260182
320250
330546
210316
210313
320566
360104
280019
350319
310190
361768
360306
210500
230052
360902
250111
220213
361824
260106
320504
360285
230074
360237
361498
360644
360389
210065
270461
361253
320478
230184
250413
360659
220064
230143
221179
310015
221054
300320
240051
360849
220943
250300
360928
350492
220551
320110
220384
320648
210234
330552
360924
210247
230439
240309
270020
220430
350268
360106
260142
250134
220121
220199
220875
361442
330081
221190
300027
230278
220016
210385
221088
320910
360128
221426
320028
360951
230446
320207
260247
360196
240003
210289
360040
360010
330718
350114
221369
330320
361807
260271
250053
360374
230086
220029
250011
270334
270168
270495
361888
220725
221086
320291
361391
320370
260313
220967
360748
361737
330045
320016
330251
310140
330252
240043
320952
360716
360989
320324
320662
360362
350071
210397
260200
220416
320279
220424
361778
270473
330593
320546
350041
300337
250045
220028
250372
361445
320986
210029
320428
330162
221400
350092
210086
250062
300239
350465
330077
280105
320339
210497
361546
260116
220718
240444
230188
220782
310298
310108
260036
250224
221146
210403
360797
320696
360544
310260
361870
300596
220048
250311
320767
230409
270095
310276
210336
320678
220006
360218
360914
330155
330098
270116
360578
240255
330490
360846
361105
360518
320991
260181
230054
210398
260227
230226
350214
350421
250361
310028
250056
320484
210137
310023
220750
280082
260357
330449
310224
360947
230342
230404
360868
300335
360214
310026
330144
300318
260172
330522
220274
320606
220318
350206
350181
350269
270142
220828
240450
320868
230021
221141
280168
220143
360327
290144
300300
250326
220057
221269
220506
310292
360534
330008
350435
280079
310006
221193
310316
360203
290059
320230
320183
220085
350389
350493
300107
350172
220789
361386
350397
290122
310313
360147
350168
360423
221136
210391
220403
360765
320653
360910
350399
320665
360560
230109
260189
360761
210110
230204
330385
300095
330201
250021
360420
240159
360307
220703
320284
220775
350208
210373
230383
320412
280151
260031
240007
290129
221217
210259
330411
300422
330104
221117
210251
290049
360264
361818
230107
320308
250377
270010
320119
210068
360826
361277
360864
310051
290118
360434
320022
330069
220680
220911
360730
230494
320593
320418
300223
360213
221047
220474
221427
300103
330389
270154
220353
230259
270284
240102
220437
350161
330053
220120
361153
260209
330390
270328
320021
240305
220417
220544
330371
310257
361037
270225
321026
360043
360897
320960
290097
300577
310036
361883
321055
350311
220109
320362
360447
350014
230545
350418
360165
220297
330160
280143
240269
361982
270320
361601
260264
250206
300520
320710
300521
320394
270233
320759
320117
250226
220336
210064
350372
361099
240256
300099
270367
280062
300339
230138
320199
361505
230200
320530
361081
260121
220883
221192
221407
360893
260185
230408
240177
361097
310154
220532
230498
230366
290182
320979
361119
210223
300113
221163
330505
240198
220806
361000
330315
210333
270232
330311
221379
270394
230533
230209
320317
221398
290150
220640
361796
360863
320060
270479
360354
361147
250325
270485
360997
230096
330250
210471
360341
240399
360047
210235
220248
260154
320936
310223
361979
360521
260358
380020
300549
250243
270463
230402
220166
220303
361136
300127
230254
250013
320015
320269
210388
360053
280097
250341
361365
350407
220051
360802
321039
330075
300244
320426
280200
300347
280088
260054
260329
360942
360492
270392
220178
360361
210306
270280
360380
361220
300524
250187
270482
260186
320883
260084
360379
300188
350483
330383
330471
220277
320621
210464
221352
240185
350152
350426
320225
350428
361249
360481
300090
360754
220966
221173
361102
350005
310052
350484
230422
320587
240324
270504
240091
350103
320440
320816
320926
321035
300588
320839
220844
220731
300332
290136
300434
250069
350215
330728
330068
360111
350267
230501
330255
310286
220379
330721
361166
350190
350296
330076
360529
360415
230407
360113
360406
360675
361287
360078
330092
240354
330317
360312
250356
250059
320897
270032
330375
250202
361006
320263
360799
300405
300433
350261
270407
310106
320045
210249
270446
350420
350230
330095
320248
361901
300583
320208
210433
320577
361224
361078
320337
220811
330230
361034
320294
260089
250186
330117
240116
300297
350179
361537
360665
361337
220468
210446
330524
350057
220606
300431
220125
220418
330380
360336
350237
210436
260119
270002
221020
250156
350338
300218
310008
220780
221333
240229
360044
220744
361710
360032
280046
320479
330586
230023
290071
230224
360036
230168
230463
210026
300407
221331
260086
350331
240415
300344
360559
320944
280110
330441
230033
210331
210407
300213
300353
260334
280182
260252
230248
330291
230506
330489
221072
250088
280180
220078
270052
270347
260117
350280
260215
250260
270305
300333
330009
300118
320364
230531
320599
320264
361951
360378
280163
350476
221143
350255
310070
230393
330433
330368
210335
240348
300050
361309
320832
260038
240423
260100
230372
300376
320803
300204
361299
321020
320972
310235
290143
250296
361627
330699
220087
270073
210028
280139
360803
310166
330596
280060
361369
230317
310020
280018
361193
260361
210216
310250
360907
280069
360155
360755
270201
350082
360936
360486
300254
221035
300438
270424
350131
361525
240076
290091
260077
330260
330558
221389
360959
290022
270269
310033
360127
220144
361322
360746
270031
320098
300413
360103
361805
240377
330024
360974
250394
360107
210342
320433
260174
320513
320869
280089
361673
330286
220482
221312
240433
280212
320500
270070
361540
320368
221027
290159
361334
361646
260354
280119
300135
361507
350357
350165
360586
210308
240332
320885
320406
220647
330348
360601
320496
270341
310075
220514
210294
330400
240030
220963
260301
330628
330657
360912
330619
350394
220580
330134
320877
270137
320224
260097
210323
270029
260136
320770
260048
360499
230245
240176
220008
330207
230528
320275
320963
361562
220910
350498
361141
290033
360952
360201
210051
361199
361051
270085
221016
260069
321090
350434
210153
240093
230515
310014
320528
240369
360033
290036
350401
320323
361315
270117
320381
350183
320469
350247
300150
320360
290160
380012
210071
270357
361489
320149
320739
360275
320419
360498
250282
330640
320137
330521
320228
210141
260180
250222
320019
360853
330450
230098
250166
220652
320872
360274
220510
300200
230199
221030
360731
360692
220779
221296
260082
250044
210012
221354
361155
270489
270238
260150
330196
250283
350116
361048
310284
210350
230311
330731
250345
320161
221305
361609
320645
330118
361652
210188
310175
361144
250305
320933
361856
360593
210009
300534
210248
220964
310293
300185
320591
320182
360680
350128
300060
230123
361293
320304
350154
330659
310167
221092
300172
361730
260363
300490
210310
220339
220300
221295
361286
330568
310059
221390
320214
321014
250406
220522
221304
360547
230382
350441
300436
330707
240352
220931
360587
221371
240121
330158
210440
360890
230035
270126
330456
220796
361444
361564
361751
320165
270178
290148
280094
320094
360681
250020
270125
360149
350277
360600
300278
221226
350067
361019
320707
270210
320328
250060
240344
240353
320783
350341
220204
360751
350273
320065
220581
320940
220609
360871
320852
220792
320636
230410
300198
260081
361568
230322
280032
280041
250199
240128
250058
230345
260043
221100
220956
360773
360097
361231
361820
320557
230012
221034
220406
360523
250095
210034
270468
320347
320646
240109
230335
350137
270230
240296
270444
320118
270508
360254
320544
330124
221083
220942
320033
330264
330416
361592
300280
330501
260338
220338
221318
360845
361259
250233
221340
220066
221284
240133
230115
320911
210376
260248
330080
240242
310017
361358
350213
230476
290030
250315
260071
350403
220208
270016
220877
361161
240303
250239
360806
320338
330541
350444
361743
220770
230156
320929
361560
230011
361432
270159
361633
220015
360412
220873
290186
220191
230326
330025
320354
361501
360623
361740
250091
290004
210099
330174
320162
230159
361409
330033
300391
221135
300193
361150
361769
220477
360530
220263
210337
330101
300240
361570
361412
260220
270205
350314
240009
350096
320387
320629
270012
300387
260132
361669
320285
361042
380023
210279
360703
320415
361715
320302
210134
240273
300151
360905
361555
220876
220381
320830
270089
221272
230429
250342
220211
380006
330219
330407
350375
320395
221112
361479
361066
300190
320766
320583
230507
250215
230253
360983
360584
260123
320067
270176
280021
320999
350430
361859
220476
361771
330156
360485
220348
210139
250153
280174
270204
350251
320505
320358
220192
260068
270025
300548
260098
230173
290109
350369
361638
360263
290041
330163
220444
360385
330182
330402
220515
270131
230426
220268
260282
210102
240300
330157
270331
220867
220512
250217
290028
300397
350275
350226
321059
361518
330408
360239
290084
220081
260288
361469
360682
230312
360304
320491
350482
220954
361753
240094
280122
310058
221116
221161
360072
260233
330610
320924
320310
250066
360195
360435
240039
300066
240396
250354
290173
300324
330058
221264
330341
300561
360448
230203
220304
210473
300560
360387
321025
330704
250312
320058
320853
220113
360030
320689
220279
330671
361326
360906
270309
260359
330387
361189
361558
320448
361955
330016
250339
240341
361541
210338
350343
240212
270134
380016
361497
250401
361114
250072
220023
350016
230420
360054
310050
240380
320050
361477
320389
230292
270253
220326
360185
260333
220093
330214
320667
320277
270059
210227
360408
270236
320694
350438
240190
220047
270422
220694
361024
230077
230419
240241
361304
360636
320442
210458
290115
250133
320363
360528
230483
240005
210290
350495
270182
360958
380015
360500
220837
300057
360841
360478
220203
361411
270018
300377
360807
360536
220235
360784
240136
220998
350160
310164
321001
360055
230276
230050
220764
310197
360961
221300
380031
270180
221167
360031
320138
230423
260147
220696
220285
360929
350079
230361
360089
360533
320619
300383
221040
260324
361717
230001
330594
210321
360139
230004
210394
361296
220757
280030
230365
330218
300456
250143
250161
330128
350235
230140
270161
210195
220223
330648
300276
361893
290073
361830
350363
361894
361200
250352
220236
260259
300595
221158
210114
221330
280208
361683
330289
361126
270050
230309
360225
220065
250378
270017
210113
290048
220639
350477
361007
361744
230097
320800
360029
230132
210377
320434
220842
250108
270235
361050
360726
330199
350055
361631
221248
250200
220041
250184
210389
221434
220921
300279
360931
360548
221381
240125
320607
240173
320976
360007
320212
360121
361688
210427
240311
230526
320687
360856
350175
330131
250250
220390
300158
330130
210143
361549
350185
270103
320749
320810
220930
240350
300097
310287
250220
270279
260230
330645
361534
300045
320553
290013
240068
220158
210218
360394
220007
360926
260199
230433
361090
320901
380017
310157
360144
350458
270163
320238
230128
360427
350287
320625
330637
210213
270263
360948
330328
330534
230062
290171
361677
320438
290074
330452
300112
361685
360509
221080
210267
350414
270434
240386
270406
330497
230536
220096
220518
240455
220415
220785
350305
230304
320268
360621
220146
221082
270065
221202
360398
350308
360564
221313
230440
320216
240264
361125
330345
220322
361117
310061
300382
250035
320084
230357
360944
220123
250050
260080
280003
240293
350293
361311
361366
361762
270268
320063
330741
300246
361437
220238
230237
360887
320946
361238
250402
250228
250122
360736
240137
210326
221045
320054
250090
240400
230113
310301
300291
300411
210429
270038
240040
360767
230149
330491
220752
220587
300122
300369
220116
260170
221102
230064
360480
330099
220805
230260
220591
210243
360551
350318
361726
220454
230127
360477
300356
220504
240012
330601
221062
360938
330498
220852
360975
330618
220462
260294
280002
230534
270066
220991
361758
230364
250334
360015
260212
320335
361283
310132
300386
350490
330629
330559
270051
320254
260255
320774
300379
361201
350109
361650
240163
300528
230454
260325
360577
330331
361725
330127
330273
210003
350447
250129
360288
360885
361015
250395
240058
280020
210485
270086
361222
221319
330110
361392
290185
220259
230396
330588
290133
230051
360712
310198
350288
350219
220594
330339
300381
210148
240124
220472
360046
260291
220118
230293
221423
270158
350029
360455
330103
300186
290093
210197
220378
260044
221148
240110
360702
220010
230406
210230
240434
360067
240033
321016
221332
330373
220487
250003
220895
350153
210127
300109
361656
320372
260099
250259
320231
290108
350346
361550
360538
320572
300192
300270
330647
300566
240178
220607
220691
250078
230544
330516
321098
320283
360467
210091
320550
300408
350066
220241
230477
360400
221376
210059
240310
361387
361663
300552
240053
310268
300064
220153
360699
320631
300054
360792
360734
220475
360068
361151
361082
330235
210261
361686
270216
221357
221128
220346
320329
360818
360566
320655
300370
221231
220658
320061
220393
240246
361641
280042
270459
320657
250124
300570
210288
221336
220399
320740
361325
361244
260183
310064
240420
220746
300067
350320
330690
220897
350332
220347
230084
210263
350290
230343
330114
270188
220334
290010
240234
361759
210090
270105
360878
221013
361868
360742
220635
350133
221366
361049
300401
300445
221241
330312
250258
280024
221341
220130
220309
300277
320913
350141
260179
361908
361473
250245
250414
290126
330424
320480
360917
350243
240301
210493
221396
330159
230247
361242
350286
220958
360677
360901
300522
320720
230461
350398
260328
220256
250089
250029
230388
321018
361602
361132
361699
350475
221239
361721
360212
220218
250293
210293
221214
220611
350345
260210
361672
230542
361012
330476
320563
360851
320558
220849
240166
300180
320537
320699
270056
300077
361732
270069
260316
360290
270068
320741
300273
240402
250041
360870
361591
310079
260283
350471
330658
230194
330184
220092
230502
320742
320683
240325
350491
360027
250230
360299
361676
230337
321093
230448
330536
240165
220355
260141
220492
220261
300471
210166
221133
280181
210104
361571
270091
210360
220716
210154
330625
250388
220835
250310
260292
350089
360246
361706
330688
320640
230099
320873
361035
361040
230503
361080
350009
361440
210324
210375
360701
260188
360820
230114
230108
230057
221242
320829
270494
220407
361405
320802
330603
250151
350337
320892
360174
361590
210400
330570
361232
361058
360437
361552
250097
280017
221395
250190
320997
330652
220291
330635
221262
360112
270386
230316
270054
330460
240417
220689
220249
360969
260026
361670
360219
260028
270350
350074
270450
361338
220576
320062
330538
210147
230488
350104
360595
280193
350008
290037
240428
220742
210060
250364
330502
230058
221233
260362
300423
210135
360647
210378
240438
230041
221077
350224
270377
320195
270067
361684
320807
360371
361068
350024
270359
360233
220451
210151
260102
330696
240339
230112
361772
320091
230519
320637
290181
330210
270211
220932
240320
300255
361471
360540
210254
360982
260050
221270
221172
230027
221003
240360
361210
221232
221199
240363
300071
270129
330444
250027
330405
220801
360118
360980
220154
310062
361543
361563
210304
221018
270024
270208
230373
210204
300140
310296
270155
220453
360641
220560
320092
361983
220999
330097
270082
260237
220574
330133
250237
360335
350316
221244
360970
210160
221048
320773
350387
230055
250355
260083
361160
360668
220759
250411
330116
300286
320604
361154
330459
210258
270326
361329
210226
320903
361423
240072
210244
221359
230368
220305
310308
260167
321095
320272
220469
320715
210038
230080
361352
240024
270053
250365
330078
300404
361047
230167
321008
280102
230412
360098
240338
350210
360074
361675
210328
320330
320371
360476
220523
221393
250301
360772
210266
330165
361148
310047
350497
220333
250229
350203
320846
230323
360815
361792
210409
250127
230390
220229
360650
360898
330750
320459
210469
361682
330366
360786
270181
230025
270432
230082
360094
361903
360945
330632
360323
350281
221391
360824
330660
210439
320166
220020
330322
320265
350464
320517
250409
221069
250125
260034
240106
300410
320782
221415
270388
360276
280218
270383
270480
300345
361516
361533
360739
250165
321061
220563
270119
350329
360655
330446
360605
350413
210452
270271
221429
300215
310195
221138
221200
300473
360531
221085
350076
360248
240393
250370
250363
221050
260310
230228
360836
260355
350217
220925
361458
350470
360822
221413
330700
320596
230046
360835
361475
250036
221432
220713
361179
220655
300010
210395
270227
310168
270005
220990
361336
320223
230449
300586
360775
240059
250109
360599
330067
360210
221380
300029
240330
320374
361532
320356
330394
240162
280068
320380
250016
230124
330590
360401
280195
330240
330643
320522
360039
221329
220467
360978
280048
321036
360134
330689
320167
230141
220102
310088
210232
210291
361216
350191
260096
360497
240083
320784
230029
220458
361659
280135
230034
270358
361169
221437
300187
210177
310253
321070
361111
320489
320393
260088
310092
280113
240342
210014
361521
270430
230032
361394
380008
361829
210450
360900
300081
360388
250033
320614
360844
221237
360674
330592
240063
320569
330615
300544
360568
321085
220971
230470
220894
330363
300357
280201
360012
300257
320121
360160
360182
221374
320156
320297
250374
210347
280141
330191
320163
361418
280036
230090
221278
350429
300156
350406
360722
300419
230223
360048
360004
360034
240181
321106
361626
290005
310255
360268
221343
300015
361146
280050
220538
361939
221383
210426
330109
221109
361702
330138
240446
361456
350480
360774
221198
320825
361057
310156
230281
360373
220072
220174
380019
330029
220906
210001
290112
330381
361072
260051
230314
260157
230381
221275
360141
270375
330734
300161
330038
320313
320775
250008
210018
361553
330514
230421
320468
240245
300559
230222
321072
320477
320905
360889
220629
230250
330336
330712
280096
360628
270173
240343
290117
320316
270195
361257
330697
320040
210253
280095
280106
310165
270120
360059
350069
321006
360741
310104
260045
330627
361842
270036
210074
250221
221164
320259
320051
220375
320990
361054
320592
260040
360284
320154
321033
361176
361503
230387
260331
330537
230069
221260
230026
230471
250274
320423
290058
230153
221335
210319
270431
330087
221094
280217
240196
350064
220461
220061
360637
260187
290090
220517
290046
220771
320656
360142
270423
330461
330517
350256
360740
320106
250113
330330
250284
220210
330553
300148
220590
210131
350371
360470
220953
360419
250273
280015
321048
361578
330687
300250
310063
210268
221055
221124
220632
220371
330681
330401
230218
260002
221418
230081
300481
380002
230047
361061
220127
300501
361110
361523
360175
361763
320262
320684
260346
210238
220901
250351
350309
221005
330338
360232
270156
360834
260053
320682
320660
220163
361320
221353
320052
221230
320390
361108
221056
230181
240008
210011
350405
360646
360025
230235
221177
300214
240278
230266
350234
230006
250080
360065
230517
220948
250197
230398
210317
361174
320906
270136
320342
210207
320361
361617
240266
220903
270256
330237
250067
361482
350184
230238
210314
230146
320101
220933
210271
360776
350205
240431
220225
361940
330170
220540
300018
260347
360618
310230
210363
210499
361218
220791
320256
210209
210027
220615
360270
300039
220984
230175
361616
330469
361301
350174
310040
360995
361128
360705
320711
290067
330393
320311
350252
320026
330292
361239
320727
320876
320993
320551
220784
330050
360309
350188
321032
350204
240411
361750
330284
290095
250332
210365
260293
270303
361149
220542
330582
300412
221301
360158
240156
310217
280111
300448
220902
350361
210046
250338
280051
300425
300061
250337
221324
220687
220387
360795
280234
260238
220726
320295
270292
330108
230321
320902
240384
320350
240336
330120
210126
361395
270177
230513
220433
240081
210301
260065
330217
290016
361746
230236
350202
300540
300496
280083
240426
250288
320598
280161
360250
320258
240285
220708
270275
320895
270037
220255
361773
260225
330730
300454
360399
220226
221061
210480
361712
330021
221212
290174
321045
320934
230018
230486
220859
280231
220807
230177
361356
221194
240357
320035
361919
360310
210037
320743
350259
230133
220754
330123
320353
361339
230182
320565
240453
320422
300361
221285
330241
220478
300296
270519
250081
360925
230482
230472
361036
350353
300364
300592
361264
210315
240112
320249
321007
220772
320318
330149
240290
221206
360888
330115
210312
221375
220389
240425
210187
330367
320703
320004
300031
350289
361526
320692
250261
360855
360444
360184
290188
250157
270100
230150
320155
221078
290132
361067
230331
310256
320697
230538
310240
380018
270150
350325
310151
230009
270030
221120
300536
210041
290026
260250
300567
360395
350393
330015
360229
270419
230380
230529
361467
250330
320114
260267
240441
300243
361622
220452
250251
220284
210181
361118
361127
361115
220735
230296
360546
270049
310282
360368
210040
361214
360181
330333
361065
220860
360662
220511
360431
221406
210200
240418
320734
220923
361606
290156
330186
361851
361561
310273
290120
280136
220026
260058
350404
220070
320306
361130
361604
350012
320605
250145
350472
221276
310013
320462
270147
361221
330504
350156
330139
361581
270509
221152
221065
220803
290137
360100
220986
320221
350148
250208
240291
361594
290157
280224
320728
220401
220289
220091
330319
360243
320874
321082
260094
320857
220252
320470
320466
360869
330300
360283
260286
320003
320704
220559
240267
221236
240200
220124
330198
230493
320087
210401
320010
320882
310204
320907
360496
361276
330725
250368
210343
360625
300098
221203
300074
330414
210039
270413
360567
240088
210221
250403
361129
221014
220516
361397
360553
210098
320289
220493
330608
320602
360314
310259
300314
361398
320845
360634
320765
220112
361028
321012
250064
361867
220486
300259
270074
250162
320801
270226
270252
240220
330738
210017
230244
270101
360183
230014
361364
240442
270175
310192
360788
220699
361406
210415
230415
210002
280129
330211
210079
310221
280055
270183
280031
250290
310243
220004
221361
221428
310291
260211
220366
300170
361305
320627
320509
221021
210445
350158
360328
361457
220022
360289
360071
361767
260144
221024
210332
300005
270512
321087
361632
361567
350019
360487
361138
221349
290130
330048
330350
220161
220816
240130
330244
221017
320037
230523
240067
360984
280169
290170
230120
220011
361813
270344
320215
230219
320487
310294
330549
361770
230101
221139
320247
361716
320146
320346
320367
250079
270416
330327
270122
220380
280138
361008
360899
250397
360157
320860
360351
230462
360670
230231
330193
321047
360277
270403
320312
360058
280104
360589
300587
360927
230417
360169
230229
360358
360251
350412
240126
220685
270245
250317
310210
260265
220825
330684
260278
361572
350468
361966
320055
230280
250137
230007
330290
210354
330651
221410
210069
270425
330179
221311
250135
320688
220045
330719
310186
220141
221316
300556
220342
361667
330239
220209
361952
360848
330314
330176
300144
360177
310222
221368
360081
330563
270060
330084
240105
250149
330515
310201
260201
361420
330532
360750
290075
230351
361172
330059
361333
230543
250057
320185
320192
360402
330739
361476
350007
320790
320452
210372
270008
220359
220947
330274
210092
250384
270439
361370
321034
230473
361694
300078
250383
330256
361514
361574
270474
221154
230424
260066
260003
220024
230241
330283
360508
330359
320848
270338
210085
320779
330560
330318
230154
220570
360697
220960
330061
220595
300336
270348
360170
360552
360009
220253
210083
350058
330412
320386
230174
361636
300510
330190
310304
300142
360585
310229
330468
260006
240366
330607
221411
330379
270363
250102
220320
320108
320516
220357
310218
321011
220572
210430
360808
240098
230111
260344
310133
210322
361052
230438
300523
360941
220149
320730
350046
361223
330085
360648
360771
361045
240316
361363
270187
361739
300017
280035
360330
270282
270121
360150
350115
320147
221387
361795
221344
320096
361749
360069
361228
300091
210111
260253
240367
220272
361809
221431
330691
260047
230073
320446
270435
330466
240457
221064
330599
330544
320181
300557
220217
210210
260303
361094
220207
250387
361981
330742
270092
300083
230282
300258
300084
360695
321053
330620
320105
330261
360005
361410
361401
321103
270493
350201
360489
250238
310213
361485
320020
320804
250074
280029
330169
280160
270041
310219
220546
230512
350001
330604
220645
210287
290015
260260
350189
260335
330192
300025
221412
240223
300242
310049
310002
260148
270329
240036
361215
220643
361348
220819
240221
360440
220340
300519
380029
320994
360778
360652
300395
320849
320780
350355
270098
361368
230243
210451
300352
330266
280127
330557
320251
260194
360269
360414
270308
321060
220106
330439
300055
330042
350022
360360
320373
361643
230450
220394
361846
310046
300439
330585
260315
220513
300012
220968
300459
210057
210236
240205
250291
230480
350207
330071
330589
320206
310290
360240
250214
280232
350347
260214
350386
320716
250026
360114
220787
210474
210175
230215
361481
310278
310103
270104
360881
300196
240314
350178
280149
240372
320424
320025
330195
250266
320568
330617
220440
260266
361640
361741
240317
300466
300348
230083
270149
221197
230290
220181
270451
320866
320082
220893
350199
320941
270062
270477
250412
220434
320376
280028
321074
321067
310080
361783
260030
210496
230414
280216
221104
270035
360847
330443
330445
310025
350211
360908
221384
361318
320995
220941
210386
361921
290081
270196
290069
360651
260243
220370
350006
220992
230118
280178
220362
221320
320717
360828
320112
360342
210049
220377
360279
300287
320814
320126
300378
360804
250094
240307
320315
360076
220230
240452
360257
360793
310091
220874
280187
221439
240379
280147
360791
221127
210466
360613
220935
361241
230066
361556
360409
361088
280176
361902
210024
220037
240326
360724
330054
361170
220717
290038
210381
240368
230076
360063
361459
360918
210399
330676
260343
300145
350449
361515
210418
220159
360858
361465
220656
230251
310226
230240
310185
250178
270288
320449
360733
320072
221246
300047
361143
250101
221386
240263
350145
360753
210353
320011
210225
280065
320762
360619
330047
230397
330335
260113
250025
330185
361502
320813
361580
310211
361480
220317
240233
230347
361802
320382
230495
230275
300562
240038
220623
240138
220059
350050
360017
221119
320152
230065
220323
260011
310187
230214
221370
361195
260270
270251
361937
361527
310112
210390
360830
330086
310105
240193
230252
220110
350105
300264
330224
310303
361511
300321
250203
270190
361063
330551
240216
250270
361173
230176
320686
270229
360045
230338
361510
360016
270458
360080
221251
280115
270414
220937
290140
270304
300248
221435
221126
300285
320661
280027
330168
240280
320916
280223
230129
250146
270078
300201
361188
360635
220219
210422
330146
240011
361881
360515
210412
230435
361187
270039
360484
260196
360495
240436
270139
361104
220797
220082
230358
230157
360519
220848
270354
210491
300202
220344
220293
230258
300451
270481
330435
300328
210128
250371
230179
330305
361569
