1006337
1011963
1011654
1002591
1011079
1001293
1003346
1004747
1012593
1009912
1001756
1009702
1006212
1010379
1011473
1001425
1000622
1000758
1005369
1006841
1010672
1001152
1004200
1002844
1012561
1008831
1002130
1006360
1000368
1000057
1010349
1001822
1001127
1005688
1010915
1004652
1006729
1001040
1009095
1012432
1004996
1003231
1012363
1010727
1004727
1003129
1005337
1001521
1010982
1000912
1010465
1005813
1007150
1001606
1006709
1010103
1011021
1011612
1003378
1011391
1002868
1012143
1006854
1012010
1004879
1006773
1009837
1006885
1003788
1000672
1002014
1000544
1012624
1003314
1006392
1011773
1007137
1007222
1011526
1003436
1003940
1001404
1010803
1001530
1007361
1006663
1008855
1000879
1009712
1010326
1006642
1008925
1006071
1006456
1001547
1003726
1011533
1003904
1007294
1000785
1009590
1001260
1001707
1008909
1005711
1010965
1001721
1002305
1003722
1004323
1001431
1004579
1011124
1010775
1012923
1009897
1000575
1011836
1010513
1000558
1002877
1012506
1000162
1003938
1011667
1003232
1005826
1011033
1003930
1000716
1003306
1012737
1009888
1011036
1009465
1002460
1007012
1011043
1012473
1007764
1012651
1010786
1005793
1011909
1001062
1005393
1000053
1006100
1003911
1000387
1001174
1000177
1003561
1000470
1012172
1007307
1010818
1004786
1000201
1006981
1007866
1006553
1003354
1003791
1006644
1000836
1002104
1009488
1001189
1003173
1007775
1006742
1009924
1002715
1004235
1008861
1010089
1006760
1010299
1011556
1012893
1009882
1002320
1005431
1002379
1004820
1011303
1002194
1001799
1005695
1010845
1005071
1010032
1002732
1004070
1006191
1002853
1012144
1012394
1007269
1004321
1009346
1009082
1006226
1010015
1008984
1011770
1002125
1005627
1012163
1004870
1002650
1007450
1002581
1005245
1001360
1012944
1011983
1004463
1001584
1007429
1007601
1000243
1005720
1000859
1011065
1010277
1005587
1008874
1002948
1000381
1005875
1003821
1001045
1005218
1003194
1005394
1004495
1003840
1006593
1010420
1008823
1012209
1011636
1006806
1004637
1006596
1009871
1002390
1004802
1001768
1003873
1010352
1006569
1002834
1006447
1012083
1006457
1003767
1004737
1000320
1011996
1000150
1009055
1012359
1003166
1004942
1003483
1000597
1000589
1003033
1001921
1012744
1001492
1001368
1007367
1010850
1000328
1004513
1007181
1003024
1007173
1003028
1010933
1011746
1000586
1003432
1011122
1011777
1009509
1011330
1004207
1009830
1002076
1001554
1003238
1002551
1001979
1001900
1012019
1000160
1004999
1000059
1010460
1004288
1009281
1005188
1010279
1011950
1007773
1010251
1006045
1003646
1010897
1007169
1002469
1009455
1006209
1011742
1010810
1005162
1009115
1005985
1012234
1003123
1010146
1002643
1007338
1005579
1005763
1011062
1005286
1001078
1003637
1004770
1000793
1010475
1011153
1009546
1012783
1000393
1009289
1006675
1012435
1006706
1006842
1001076
1000449
1011620
1004170
1000701
1000655
1002611
1010796
1005768
1007189
1009824
1004515
1005566
1007669
1003373
1001290
1011555
1007067
1004028
1011660
1007334
1002865
1004449
1003415
1001918
1001032
1000790
1011760
1010862
1011788
1002773
1009941
1010836
1000080
1011369
1005035
1003948
1004602
1009732
1004567
1012103
1002017
1012351
1010849
1012064
1012001
1010791
1011058
1010260
1002849
1006899
1003660
1007171
1002231
1004699
1010869
1005400
1004344
1000365
1005476
1011373
1005559
1002641
1012662
1006793
1007365
1009415
1003856
1011420
1012757
1003849
1010202
1002590
1004271
1003608
1003748
1011797
1009392
1005519
1012341
1011769
1007694
1001940
1010006
1009866
1011594
1000927
1009771
1001749
1001915
1007074
1002297
1012965
1009750
1002954
1012179
1006410
1001858
1005652
1005636
1005873
1003533
1004498
1010530
1002498
1007031
1005904
1012441
1005537
1000806
1010887
1002208
1004494
1009591
1005441
1011212
1008917
1003254
1012507
1001958
1003511
1004116
1002137
1001996
1000662
1011881
1011644
1006080
1012212
1010899
1010793
1003345
1011923
1006539
1012953
1004572
1009689
1009795
1000103
1005128
1007227
1009235
1012885
1003990
1011678
1003009
1012620
1010130
1012818
1009479
1001158
1003974
1009744
1007647
1000442
1000605
1005610
1004868
1008849
1006584
1003826
1005931
1006429
1009832
1004418
1002594
1000125
1010120
1010649
1006277
1006911
1009260
1001068
1006155
1011568
1000370
1000974
1009366
1006114
1010209
1012318
1009575
1000873
1007813
1002152
1011621
1003683
1010577
1000199
1001248
1005265
1012261
1005116
1007015
1010402
1005159
1006401
1000402
1004428
1008964
1012708
1002572
1006428
1006725
1006365
1005618
1012215
1010248
1011185
1007403
1011936
1003992
1006814
1009921
1003710
1010961
1007264
1001577
1009451
1011976
1010705
1010517
1009035
1000178
1009382
1001284
1009013
1012224
1004104
1012376
1000225
1000473
1009182
1010725
1002496
1002943
1006821
1000837
1011496
1001977
1010559
1012270
1003827
1012565
1004629
1010375
1002911
1003292
1006144
1011460
1010960
1004534
1004022
1003476
1009344
1004013
1011271
1005988
1007336
1005603
1007223
1004511
1012300
1000284
1007811
1011086
1004377
1008901
1009636
1003296
1002604
1002071
1011053
1004510
1000962
1012409
1007451
1003514
1003615
1004536
1009315
1012362
1012173
1002432
1000421
1007654
1007490
1007029
1004655
1007867
1012294
1010207
1002345
1006323
1011168
1006791
1003225
1009305
1010394
1000463
1005540
1010415
1004852
1007537
1009834
1009543
1002080
1006822
1000532
1009453
1007033
1009421
1011952
1002040
1011529
1006865
1000644
1010846
1009594
1003684
1009649
1003528
1009544
1006673
1001395
1000660
1005583
1011275
1008975
1007112
1010437
1010223
1005378
1004537
1009606
1001527
1011478
1012113
1008886
1007751
1011986
1005764
1004804
1004818
1009980
1011006
1000074
1000541
1006194
1006468
1011683
1002524
1009484
1002264
1010036
1011041
1006153
1006178
1006514
1010376
1006229
1001387
1004113
1003150
1003417
1006338
1012495
1000445
1000732
1012196
1007078
1006520
1010731
1006384
1011551
1011810
1004729
1007848
1009439
1010985
1006605
1010360
1008801
1002427
1004497
1003547
1006571
1012892
1009183
1009534
1012761
1005021
1003918
1010823
1005486
1000504
1005464
1010205
1006720
1012451
1000499
1011228
1004424
1001526
1012450
1008868
1001524
1005105
1004988
1010313
1004435
1003644
1000118
1007512
1009280
1003981
1007707
1003815
1003409
1001212
1005112
1011867
1005201
1003157
1012175
1009112
1012153
1002879
1009363
1009031
1011421
1003176
1001593
1011698
1000040
1001725
1009803
1006426
1001041
1011967
1011921
1000395
1007035
1002396
1012677
1004964
1009351
1010752
1005818
1000045
1010633
1002763
1004007
1012667
1000543
1003851
1005802
1010563
1001441
1001847
1007092
1006590
1006496
1003908
1000190
1007144
1011998
1010323
1010678
1005410
1000411
1000956
1001411
1000567
1009768
1005042
1003311
1004573
1000698
1002229
1010421
1012412
1006358
1012277
1005357
1011862
1003921
1002043
1007296
1010594
1001637
1001712
1002748
1005836
1004462
1011372
1002740
1009005
1012202
1008845
1006233
1000977
1007060
1003984
1007229
1010342
1005535
1004648
1006196
1003497
1004522
1004249
1009910
1001272
1006167
1005647
1011609
1002275
1000254
1007392
1004641
1002512
1011377
1001654
1012047
1011255
1002299
1006130
1002340
1011567
1010835
1005104
1001796
1005111
1012859
1001664
1011078
1009782
1004336
1010190
1010028
1012029
1012992
1000992
1002380
1002933
1005227
1010055
1007301
1011926
1002712
1004226
1002719
1000744
1000414
1012567
1000760
1011922
1012293
1009162
1007342
1005872
1010407
1007674
1007306
1011388
1003344
1010592
1012542
1004440
1010232
1004709
1012384
1012592
1000206
1011052
1007745
1009908
1006656
1000269
1001190
1008944
1010780
1001136
1005922
1002032
1003127
1006129
1006794
1010585
1011914
1000230
1004129
1009433
1012093
1000604
1010259
1007405
1001932
1010079
1002348
1002610
1008915
1004334
1002842
1000452
1009052
1002552
1011132
1000531
1001689
1002409
1011641
1000943
1006764
1007314
1001274
1009986
1009549
1005258
1009647
1001128
1009626
1004615
1012740
1007091
1001119
1004953
1001399
1009731
1000283
1000731
1007008
1002910
1009125
1012607
1004849
1003820
1012390
1006737
1007748
1001798
1007504
1007602
1012374
1000082
1012314
1004444
1006851
1004432
1011706
1009940
1003205
1009393
1011945
1010842
1009107
1012445
1012313
1003349
1003628
1001089
1007079
1001839
1012015
1002388
1001423
1006956
1003505
1005095
1007300
1010231
1005682
1005685
1008816
1006048
1006818
1004237
1002007
1005857
1011112
1005523
1005923
1003229
1010534
1002548
1001886
1002369
1011718
1011159
1006240
1009576
1007373
1011730
1004246
1003298
1004587
1010657
1004878
1010417
1002160
1006966
1003363
1000955
1001427
1010595
1006260
1006163
1009265
1006414
1008957
1007649
1012626
1011322
1005370
1000614
1001686
1012135
1004166
1001761
1007715
1011592
1011267
1002881
1005126
1006888
1003084
1001718
1001766
1004575
1007507
1001632
1009378
1002716
1012276
1009395
1004051
1010904
1001687
1009041
1012545
1001910
1006861
1009719
1008885
1010206
1005762
1003937
1005412
1000078
1002777
1001564
1011541
1010242
1003162
1008860
1003412
1002478
1003805
1004300
1001769
1012917
1003267
1012509
1004163
1006090
1011995
1010423
1008908
1004307
1005048
1008903
1004061
1005747
1001465
1007827
1003730
1002856
1004908
1003464
1002093
1009883
1002894
1006722
1011890
1002397
1005993
1001166
1007871
1006202
1011630
1011119
1010825
1009767
1004387
1003317
1003321
1002375
1010954
1001639
1006120
1012748
1001634
1005007
1004409
1006440
1010889
1004278
1005997
1010821
1003404
1004031
1002178
1012137
1002685
1004707
1001328
1004718
1006444
1006111
1000675
1007408
1009028
1002242
1002077
1011809
1001981
1003919
1009116
1009350
1000743
1012381
1011799
1010094
1010941
1003625
1006049
1011899
1009396
1001644
1003792
1009548
1002614
1007001
1001579
1002096
1006878
1012936
1005650
1000932
1001568
1011095
1004359
1012843
1000431
1004280
1012922
1005725
1004230
1005355
1009381
1007325
1006152
1003301
1000430
1000290
1001813
1010478
1012395
1006389
1000167
1002352
1006003
1006458
1006903
1008812
1006800
1009814
1006501
1007506
1009495
1012051
1006390
1011482
1002660
1010622
1007754
1012098
1011957
1003210
1009087
1003472
1007774
1009981
1002888
1011162
1006311
1001512
1000768
1011859
1012988
1012033
1011286
1009091
1009108
1007472
1009476
1004412
1007713
1003749
1002993
1009485
1009822
1000474
1006082
1003597
1000462
1006555
1000717
1010452
1001227
1006708
1001098
1001469
1011028
1011397
1006655
1012232
1009752
1001285
1010071
1003038
1000616
1007298
1001566
1005820
1009481
1003486
1001600
1011184
1011758
1009167
1011702
1002207
1006839
1010662
1007249
1009014
1011449
1009975
1007657
1012627
1012743
1000466
1012547
1011387
1006640
1004100
1008880
1001336
1001760
1003824
1009300
1011089
1004326
1007280
1000939
1002962
1003701
1001047
1006473
1000121
1009620
1003712
1010685
1007121
1000055
1002197
1004060
1002422
1009053
1011068
1010149
1011456
1012287
1002181
1006698
1000902
1002452
1002164
1012694
1005661
1000002
1009290
1000447
1003739
1003203
1001172
1009880
1004869
1009699
1006142
1002012
1004441
1002902
1011851
1009598
1011090
1011964
1010831
1008813
1005770
1004755
1000084
1011241
1002153
1004614
1002191
1007214
1006844
1004355
1012071
1005588
1006327
1006700
1001007
1007683
1003319
1004791
1010805
1005115
1000022
1001907
1012655
1003638
1004932
1000896
1011834
1007100
1002223
1010021
1012882
1000990
1006552
1002006
1000039
1003392
1009748
1009953
1003850
1003108
1000383
1009215
1008864
1009418
1000479
1005213
1007855
1003433
1007089
1005388
1001006
1001325
1005121
1002267
1012352
1006096
1003676
1009860
1009969
1005704
1007812
1004626
1010173
1001439
1012600
1011110
1011442
1001459
1001035
1011584
1004155
1000174
1000935
1003582
1005046
1004623
1012396
1005780
1000889
1009869
1000386
1003899
1004184
1007284
1002035
1005527
1009330
1002085
1009174
1000132
1011754
1006380
1007622
1009181
1012942
1003542
1004967
1011618
1007536
1002744
1000205
1000761
1012644
1000884
1002343
1009564
1012764
1012505
1012970
1002421
1008947
1000280
1009861
1009088
1003414
1005555
1004341
1011135
1007575
1005512
1002520
1007374
1009180
1003371
1000249
1003705
1006533
1011340
1006272
1005088
1000434
1002224
1005166
1012514
1002455
1003118
1006635
1011327
1006513
1010794
1012555
1011673
1005585
1006862
1010316
1012844
1000227
1011076
1001978
1000779
1012061
1002680
1004253
1010425
1005596
1004290
1002935
1012682
1004044
1008887
1006259
1001624
1001191
1004809
1012758
1006730
1011763
1005455
1000752
1006777
1001968
1000083
1002754
1010214
1002295
1002920
1003156
1012544
1012006
1002830
1004781
1003180
1009010
1010167
1011007
1002078
1006107
1009403
1012991
1000851
1000813
1005680
1012853
1006331
1005416
1001252
1004171
1011243
1001289
1003924
1003082
1012654
1006019
1004187
1002790
1009384
1009105
1009468
1005325
1002092
1001596
1004909
1005573
1010956
1009169
1007576
1001647
1004753
1000385
1003377
1006570
1011351
1000566
1007496
1011531
1001150
1009523
1010939
1010454
1011294
1005253
1009444
1003670
1001493
1009857
1011402
1002440
1011394
1012192
1012865
1004454
1002118
1004080
1002612
1007628
1012962
1004796
1012460
1002882
1011624
1004370
1003702
1012868
1010124
1000100
1012286
1001655
1006665
1003134
1003648
1005184
1000338
1010116
1008948
1006864
1001169
1009299
1007059
1012550
1007436
1012899
1012058
1002561
1007603
1007712
1005047
1006359
1005049
1010980
1009650
1012050
1005842
1003732
1010645
1010139
1012511
1009362
1008872
1007261
1002011
1003246
1004793
1008806
1012369
1006557
1004123
1004095
1001112
1009794
1010512
1000472
1004082
1009617
1003580
1011744
1000582
1001913
1005488
1011695
1012319
1012617
1003217
1000904
1011037
1002804
1000786
1007781
1006218
1011005
1011318
1007831
1006371
1003382
1007376
1002504
1005216
1009951
1006618
1009881
1006636
1011593
1010370
1005775
1011847
1001930
1010131
1000607
1002230
1012551
1003594
1006819
1001156
1005136
1006029
1009083
1006516
1010858
1003846
1001300
1003110
1002683
1012199
1010944
1001793
1006059
1002624
1001037
1002645
1000994
1012672
1002989
1000277
1005336
1000721
1005910
1003964
1002141
1010069
1000848
1005087
1010499
1011338
1011345
1010287
1006758
1010106
1003480
1010542
1005390
1006265
1006548
1002941
1002636
1012452
1006739
1000669
1001885
1007480
1012611
1000727
1000341
1000156
1004392
1000685
1005032
1002924
1012602
1011735
1006013
1001888
1003758
1010141
1010191
1012536
1001124
1001471
1001876
1007138
1002147
1006150
1005169
1002518
1005744
1012729
1004035
1002859
1000799
1005053
1007268
1003256
1003799
1001784
1010343
1005586
1005663
1006508
1005781
1012291
1003421
1006043
1012692
1011101
1000498
1012095
1000416
1009839
1012726
1004041
1003495
1003606
1001168
1003886
1006000
1002122
1007339
1010527
1006951
1012427
1000984
1001970
1007427
1006484
1012118
1011116
1002337
1005785
1001352
1007350
1004212
1006455
1004828
1001049
1007066
1003252
1006388
1003623
1009604
1004886
1004962
1002220
1009927
1006297
1006364
1010237
1002668
1005276
1009178
1001199
1012056
1006166
1000011
1011469
1012623
1009978
1009952
1006718
1002145
1005303
1012840
1011136
1007262
1009017
1007383
1004105
1012269
1012759
1006660
1004821
1000724
1000478
1009820
1009823
1002826
1003442
1011399
1005607
1007493
1000168
1000194
1007578
1010817
1006295
1006068
1006915
1010673
1007287
1011953
1002359
1009423
1003316
1011997
1006953
1007446
1005323
1002981
1010605
1007874
1012904
1009224
1004545
1002818
1007016
1005029
1010873
1003403
1001895
1009383
1007782
1004706
1007797
1010152
1004960
1002928
1004842
1006574
1006330
1002786
1001294
1000699
1006247
1010866
1009151
1004052
1005848
1003776
1000826
1007380
1011871
1005264
1000561
1002454
1001887
1008940
1010642
1010282
1006329
1012189
1002288
1012732
1009656
1012011
1005081
1010090
1011623
1004389
1003768
1002976
1007503
1006227
1002967
1007452
1003241
1009001
1010565
1000003
1005181
1009918
1009833
1002462
1003408
1012494
1006441
1006870
1007509
1006974
1009551
1000821
1010374
1004817
1004693
1001694
1004606
1012702
1010486
1006852
1010520
1003681
1000834
1010540
1004328
1003504
1009205
1001500
1004039
1010020
1012404
1005090
1012907
1007562
1009527
1010854
1007447
1002251
1003315
1009475
1012597
1005467
1012526
1007818
1012963
1012043
1000824
1009152
1004907
1000508
1005385
1011940
1010650
1011428
1009858
1002726
1002564
1010876
1012839
1009859
1006601
1005497
1001409
1012171
1004776
1000382
1002495
1009936
1000461
1006905
1004473
1012628
1010868
1005628
1012808
1007731
1010000
1012204
1001971
1009560
1006984
1007286
1012513
1012782
1004882
1009735
1008928
1010023
1006756
1010030
1003153
1009562
1004690
1011092
1007231
1011164
1010373
1001002
1000801
1008835
1003503
1001257
1004609
1000735
1007607
1012126
1012469
1001585
1005057
1001741
1005917
1001942
1005815
1002100
1009602
1005977
1006303
1012184
1009269
1007064
1007218
1002837
1005678
1009446
1006932
1004711
1003994
1006973
1006934
1007796
1007685
1006453
1003689
1000304
1003649
1007864
1000481
1002936
1009147
1008967
1007870
1002336
1006257
1002374
1003639
1001893
1009629
1001331
1007619
1009533
1011944
1010700
1003213
1002647
1003737
1002463
1010764
1010660
1012128
1006524
1002075
1003364
1012229
1006850
1005856
1011930
1005477
1004772
1006646
1007270
1004460
1007288
1011081
1004090
1004973
1000403
1003906
1011499
1012517
1009160
1001735
1003647
1011573
1005474
1011870
1012686
1006534
1009177
1007330
1001806
1012575
1006490
1006846
1005605
1005297
1003839
1003004
1012929
1004194
1000188
1000722
1012285
1004011
1007484
1000767
1010208
1007394
1004946
1006609
1001253
1001107
1003532
1007000
1011725
1009641
1012417
1001992
1005913
1012190
1004050
1006328
1002015
1009754
1010321
1004597
1012211
1001622
1001535
1000155
1005691
1005448
1000841
1010829
1002399
1006293
1002908
1006535
1005950
1007630
1009705
1005403
1000296
1006835
1002307
1005360
1002254
1007629
1007800
1006683
1001571
1012187
1010844
1012794
1000469
1000730
1006746
1006219
1004591
1001563
1003227
1010907
1000550
1011598
1004217
1008926
1007340
1007233
1005707
1011426
1011904
1012546
1009958
1004486
1011401
1011350
1003892
1004094
1001491
1001319
1011591
1005772
1010217
1003521
1005173
1001889
1004488
1004500
1011188
1000840
1011854
1007230
1005955
1005635
1010993
1003752
1012772
1005686
1004110
1002613
1009376
1004099
1011328
1011446
1007399
1003968
1008890
1003358
1012609
1000329
1005129
1004121
1007680
1006267
1004975
1007766
1000725
1009099
1006132
1004018
1003538
1008850
1001386
1011586
1003898
1006961
1006469
1009261
1011800
1011613
1000868
1007069
1011764
1005612
1012461
1011910
1002722
1005648
1010509
1010782
1007382
1005229
1004844
1009568
1010433
1010145
1002940
1002481
1002062
1009389
1010856
1002582
1006638
1012418
1011484
1002310
1002272
1007234
1003493
1010049
1010273
1012110
1000391
1002565
1001187
1011360
1006928
1004566
1012183
1004613
1000925
1005092
1004436
1000763
1012397
1012065
1012851
1001497
1009093
1000538
1010014
1004201
1007675
1006610
1000700
1012774
1004937
1004977
1009998
1004984
1002557
1007525
1009175
1003230
1007351
1006876
1012164
1011897
1005864
1003868
1000265
1009730
1012149
1012279
1004154
1004065
1001347
1011197
1006375
1006667
1012114
1007357
1012338
1009786
1001965
1010056
1007596
1001137
1008920
1003860
1012345
1004726
1006959
1002595
1007678
1010477
1004361
1003667
1001446
1001572
1012499
1010160
1008983
1003112
1011008
1010890
1009625
1007225
1006632
1001852
1009413
1011438
1005118
1011395
1007123
1002393
1003757
1003605
1009231
1007639
1001394
1011649
1006987
1005152
1007276
1010154
1004650
1004803
1007329
1002435
1007122
1012251
1005668
1004590
1005233
1012598
1004580
1010422
1011724
1011160
1003942
1005500
1006235
1000056
1011087
1005099
1004625
1005271
1007104
1011719
1012524
1012689
1007155
1012101
1003376
1000423
1002741
1000101
1009843
1012822
1009139
1011508
1010779
1006613
1004229
1006385
1007729
1000852
1012474
1010521
1006782
1004053
1004933
1000877
1005399
1005700
1003782
1006653
1004251
1010340
1008904
1006751
1007662
1006492
1012272
1010905
1005326
1001351
1012274
1012559
1010760
1003435
1004676
1012014
1012664
1004309
1001590
1009558
1006159
1006315
1010134
1012013
1011557
1005257
1009219
1011098
1000742
1004275
1004186
1006322
1001283
1001337
1001250
1000729
1005569
1006097
1008854
1007353
1009593
1000354
1007498
1007643
1003682
1004482
1010038
1003261
1012809
1006703
1004992
1006624
1012194
1009072
1004320
1005461
1003128
1012583
1000344
1002166
1011002
1001801
1012831
1011059
1006011
1002507
1002637
1012680
1004130
1010198
1002084
1011611
1003236
1002405
1012666
1002753
1000782
1007698
1010128
1005531
1006783
1009320
1011046
1009596
1003956
1001923
1001630
1009518
1004112
1010353
1009949
1000213
1003250
1009613
1010479
1003069
1010401
1012852
1000592
1009157
1012792
1007209
1012816
1006487
1004951
1007620
1012763
1011602
1000894
1005992
1004824
1008856
1004531
1010256
1009039
1006305
1011709
1005843
1000714
1003700
1007310
1009906
1012382
1001379
1001922
1001229
1004478
1006393
1009338
1011895
1007251
1001656
1005225
1002988
1004103
1012020
1000557
1011326
1005317
1007529
1000642
1001104
1008902
1005219
1005315
1003621
1010834
1004608
1004958
1005595
1000633
1011292
1009123
1005122
1000260
1011615
1005846
1001541
1010709
1006816
1010822
1005017
1000878
1010661
1000238
1010748
1010867
1009460
1009892
1005422
1012424
1010364
1006025
1005959
1012239
1009529
1002234
1002778
1001851
1000034
1010677
1006339
1009166
1003457
1004873
1004319
1001831
1001945
1011705
1009187
1010610
1006583
1010807
1010384
1000371
1000632
1002661
1004474
1012720
1004274
1009797
1007545
1006696
1007689
1000600
1005490
1004451
1006566
1005798
1006735
1011056
1009422
1004569
1005667
1007505
1000211
1000309
1012037
1011490
1009438
1011200
1000810
1003215
1004929
1000229
1010637
1004571
1000527
1006046
1004371
1002250
1000424
1006512
1007236
1003980
1010613
1010169
1005350
1003410
1006480
1001702
1009499
1000611
1004827
1010471
1005239
1002598
1008888
1003530
1002873
1003970
1000261
1000300
1010274
1003143
1012420
1012606
1004797
1000734
1007285
1012021
1006935
1002795
1000182
1004368
1006223
1011476
1004547
1011167
1001263
1009130
1002218
1007051
1004146
1007458
1010708
1010494
1004541
1007841
1003662
1004208
1006126
1012067
1004799
1004068
1000814
1006993
1010253
1000140
1001993
1012111
1005302
1004437
1003816
1010718
1005954
1006775
1010159
1000895
1000891
1000468
1000584
1007500
1002758
1007724
1010920
1000241
1000961
1006857
1007788
1012074
1000307
1008951
1005198
1001548
1002053
1009492
1011911
1000302
1006879
1006745
1007061
1007492
1012129
1009654
1005727
1005179
1000373
1000579
1005898
1005508
1002814
1006276
1002372
1004742
1002571
1002103
1011738
1011468
1004490
1008883
1001877
1009401
1000246
1010926
1000713
1001569
1007106
1004078
1006288
1001012
1001982
1007216
1006050
1006486
1004548
1011474
1001039
1000524
1011134
1006186
1010414
1003184
1002875
1001144
1003872
1005978
1011600
1006022
1012042
1001321
1004810
1007315
1004067
1009309
1000844
1000783
1009885
1002845
1001939
1010841
1012478
1002602
1007331
1009275
1003000
1001692
1003578
1000068
1010643
1006565
1012410
1010998
1004339
1006881
1005558
1004768
1007065
1010264
1004596
1004987
1004564
1009905
1003233
1012586
1008990
1006051
1011675
1009944
1009755
1003243
1009126
1012112
1012727
1010734
1005673
1003375
1009208
1012082
1012108
1009155
1002655
1009427
1003593
1003977
1010787
1004262
1012780
1000324
1006039
1004347
1009683
1001022
1009623
1006774
1012004
1007787
1004592
1002292
1009207
1007332
1003804
1009997
1011060
1006757
1008974
1005932
1001533
1009603
1007858
1002290
1006509
1011848
1002785
1008978
1002179
1007635
1002698
1003741
1012054
1012913
1000130
1002705
1012185
1003287
1007256
1010511
1006866
1012750
1003422
1001605
1009496
1009586
1009369
1007411
1004783
1001077
1000104
1012641
1005449
1007865
1001929
1001381
1011626
1001029
1007861
1007146
1000973
1003952
1000319
1005777
1010589
1012156
1003258
1001415
1010255
1005637
1011315
1001938
1002930
1010524
1007517
1007755
1001417
1001458
1007203
1012298
1011829
1007618
1005790
1002408
1001182
1005306
1006245
1011405
1010816
1004812
1012659
1000950
1007235
1005244
1006041
1011117
1003383
1012795
1010405
1001552
1004286
1001896
1011619
1002282
1010712
1004945
1011048
1004313
1004302
1003102
1002167
1002389
1012618
1002203
1007582
1007391
1012360
1003394
1005043
1004577
1006643
1010054
1007130
1006286
1006511
1009799
1001453
1009507
1006104
1007653
1009672
1012200
1002477
1001314
1009770
1010640
1001148
1010436
1007453
1002029
1003810
1005472
1008863
1003299
1003884
1001110
1001318
1006688
1006181
1003420
1003130
1006236
1012687
1006361
1009835
1005440
1000860
1012538
1010333
1005141
1004578
1011075
1012436
1000212
1002058
1008994
1001297
1005285
1003467
1003352
1003622
1005645
1000830
1005821
1002546
1007722
1011710
1006503
1004254
1012725
1010611
1001034
1004698
1011545
1007650
1006147
1009879
1006904
1007780
1008942
1004724
1001581
1010268
1006128
1005383
1006923
1003021
1001785
1001443
1011093
1003390
1002216
1007876
1007733
1010766
1007023
1004611
1008950
1001868
1010063
1006909
1002384
1010695
1007412
1003630
1001247
1006776
1011535
1005973
1005026
1007434
1010168
1002974
1002458
1000443
1012264
1005546
1002270
1003147
1012336
1003800
1010665
1005108
1005366
1011066
1003168
1002699
1004944
1001878
1009000
1009048
1011274
1009137
1005789
1006658
1004670
1004666
1005632
1002341
1000900
1007161
1007771
1006200
1005962
1006619
1012718
1002932
1007140
1002739
1003889
1007564
1002925
1004835
1002752
1009995
1001219
1001912
1006302
1009203
1012444
1000664
1002618
1012614
1006918
1007593
1001302
1007696
1011240
1010616
1007136
1009513
1010431
1012383
1010580
1005594
1009907
1006395
1000965
1009064
1010318
1005572
1012238
1009293
1000989
1002922
1000359
1002508
1004563
1000193
1009331
1012834
1010389
1010155
1009504
1010568
1005565
1007212
1006472
1010638
1003471
1002649
1012167
1003188
1002129
1011014
1007790
1009020
1005600
1011487
1009956
1010900
1010488
1003120
1007875
1004994
1012330
1006246
1001357
1009781
1002971
1009965
1004096
1010236
1006645
1007829
1011363
1002587
1004356
1001155
1006807
1001906
1002327
1001080
1007438
1007267
1012398
1010005
1012162
1003310
1000957
1009848
1002921
1006452
1011582
1006960
1012254
1011783
1006156
1001601
1009176
1002235
1004703
1011690
1004735
1012265
1001819
1000954
1012784
1012241
1004144
1012747
1009493
1009676
1000587
1003372
1006680
1000200
1012306
1005054
1011590
1010338
1004071
1009898
1001635
1010332
1011913
1002232
1010355
1011989
1012403
1002812
1003909
1011416
1002131
1012800
1006895
1000791
1012035
1010549
1003962
1007018
1004921
1007638
1004526
1005687
1003923
1004487
1005024
1007243
1010395
1007387
1000520
1011980
1002847
1011982
1010572
1001532
1002667
1006634
1007802
1009566
1001231
1004420
1008821
1011723
1012777
1009764
1000874
1002505
1004995
1009877
1001515
1011252
1003119
1002538
1002819
1010239
1012981
1012769
1003655
1006031
1012087
1004404
1004159
1002733
1005191
1009133
1009798
1011447
1012413
1005854
1006379
1001835
1006648
1003888
1000857
1003416
1006753
1009635
1005237
1005132
1007148
1004438
1010140
1004269
1012520
1010317
1002355
1010531
1003488
1010461
1004101
1009426
1011161
1006723
1000643
1000691
1011183
1004000
1005748
1001483
1002406
1004782
1000934
1005840
1000050
1011805
1010247
1005217
1012388
1007250
1005823
1005312
1005002
1003569
1001134
1011333
1002600
1004074
1002265
1000037
1006478
1005858
1012715
1009449
1012647
1005599
1002120
1003262
1000906
1005318
1006317
1009270
1005435
1009173
1010361
1011259
1006531
1010553
1012604
1001008
1001278
1005398
1010496
1007038
1012250
1012752
1012203
1005834
1005151
1004197
1006547
1012092
1000562
1003144
1002961
1004373
1001988
1006902
1006086
1006939
1005693
1009692
1012222
1010711
1002042
1010951
1007526
1012671
1006639
1012590
1000796
1010456
1007499
1003679
1000775
1004934
1004165
1001775
1002138
1003197
1001941
1000556
1000197
1004872
1007466
1010354
1006628
1011170
1002314
1001865
1004634
1005269
1004024
1007343
1012622
1010082
1002192
1000323
1011726
1004242
1006614
1002332
1010658
1011189
1002747
1005577
1006157
1005207
1010181
1003081
1005041
1009718
1011254
1005935
1012908
1012207
1002300
1004970
1004136
1010429
1012309
1006711
1001111
1002142
1011578
1007174
1009398
1004754
1005786
1008892
1006275
1000485
1002016
1004750
1005672
1011381
1001206
1003050
1012097
1002893
1010132
1004968
1009291
1009709
1007333
1001961
1007186
1000390
1004658
1000258
1012697
1004362
1012707
1001523
1001538
1003294
1009440
1002082
1011941
1011803
1005254
1000968
1005624
1005592
1008851
1012304
1008869
1004222
1002917
1000858
1001747
1005036
1002195
1006750
1000530
1002979
1009926
1007510
1012433
1010229
1004790
1012178
1007188
1010017
1010683
1010808
1011145
1005868
1010419
1010225
1010964
1010087
1001609
1005409
1004895
1010193
1012030
1001998
1007815
1007109
1012941
1006073
1005733
1009875
1005176
1011339
1008963
1001843
1003611
1012674
1003249
1005849
1007401
1005070
1000281
1001480
1010027
1007767
1007196
1002905
1009664
1009263
1002672
1007346
1000525
1002711
1006840
1010988
1001046
1000278
1004430
1001126
1004400
1003536
1007554
1012244
1000849
1012471
1012860
1010262
1004662
1011835
1010945
1008972
1012475
1001864
1005905
1003463
1009142
1001513
1002759
1002269
1005640
1006714
1000702
1005183
1007515
1011284
1007553
1011152
1005554
1002099
1012776
1006095
1002528
1009519
1009827
1009141
1004468
1003516
1002537
1003019
1000347
1006556
1006900
1001320
1005809
1000271
1012350
1012012
1007025
1005534
1001518
1001849
1006573
1007700
1011489
1011465
1012770
1004506
1011500
1007580
1012407
1001516
1007005
1012926
1012916
1005525
1000948
1005737
1007543
1001778
1004762
1004931
1011483
1002545
1009600
1006065
1004289
1002673
1001529
1006273
1007043
1011960
1001623
1001073
1005351
1009684
1012650
1010012
1007028
1000815
1005086
1004935
1006201
1003719
1005133
1002816
1003140
1001125
1000509
1001317
1009677
1000306
1004667
1002249
1004408
1006916
1005243
1010590
1010948
1004620
1001071
1002584
1012790
1009605
1005952
1004162
1006749
1007040
1012903
1009234
1001176
1010047
1009855
1010569
1011457
1012016
1004840
1002170
1004244
1003895
1009561
1007777
1004365
1003214
1009862
1011664
1010439
1000495
1012201
1011032
1004439
1003529
1003668
1003943
1005887
1006363
1006985
1010455
1009469
1009124
1004780
1003501
1012746
1007586
1006991
1009933
1009127
1011436
1007758
1010194
1002648
1012085
1004001
1004189
1012442
1012076
1007444
1010654
1012871
1012048
1010095
1002963
1004745
1003862
1009437
1004927
1007414
1009696
1001802
1009667
1000091
1011148
1009502
1004774
1005675
1000464
1003313
1011094
1009375
1007840
1011283
1008809
1005895
1002640
1012788
1008804
1011358
1001973
1012008
1012220
1006162
1003746
1010962
1007116
1005445
1011366
1010967
1011532
1001974
1009278
1007247
1007441
1001237
1010112
1002521
1001001
1002301
1002298
1010533
1007664
1001340
1001014
1004600
1004038
1000602
1012195
1009140
1006255
1007117
1003139
1007621
1002559
1011178
1002090
1010583
1007110
1011319
1007746
1004032
1010007
1008859
1012558
1004285
1001486
1011150
1006576
1006139
1002420
1010593
1000486
1004348
1012181
1009772
1002280
1010990
1004005
1000115
1009925
1003218
1008841
1004120
1000380
1007022
1006710
1001830
1002240
1006617
1001641
1010514
1003029
1010526
1009845
1003348
1004584
1001218
1006164
1005805
1004295
1005794
1005975
1002972
1001837
1002101
1003769
1009445
1004533
1000488
1000110
1004966
1000864
1004991
1012119
1006734
1000580
1009643
1004475
1007570
1007206
1001426
1006189
1007204
1008943
1012257
1004491
1001038
1007319
1005557
1001236
1003190
1003369
1001946
1009711
1006040
1011813
1009379
1012778
1007322
1001811
1006336
1000937
1003154
1004928
1010166
1006411
1010739
1005094
1003228
1005928
1011320
1008814
1010903
1009813
1005277
1011919
1009277
1008981
1011199
1004702
1004489
1012079
1004250
1010412
1000773
1012379
1009360
1010390
1005783
1000352
1007422
1006056
1000349
1003430
1010599
1004854
1001023
1012121
1005615
1005759
1006558
1010118
1003715
1005374
1007660
1010295
1002800
1001385
1003751
1003817
1007111
1001162
1011144
1002159
1006290
1004043
1011614
1010493
1011022
1001344
1004961
1003697
1004784
1004890
1002423
1002098
1006205
1000537
1004619
1001771
1001323
1005242
1009653
1010754
1004843
1005520
1003811
1011715
1003073
1010339
1004847
1001838
1004593
1009878
1007479
1006372
1006242
1003928
1002281
1005068
1005340
1002569
1001807
1012053
1004941
1001442
1000641
1003240
1003775
1010623
1012046
1006607
1004896
1000049
1009262
1012024
1005247
1009188
1002133
1011245
1001717
1000832
1000516
1002802
1007687
1005003
1009920
1006551
1009990
1006867
1011461
1001693
1002330
1002284
1003253
1012883
1012639
1010051
1002560
1006599
1000886
1005960
1001995
1001276
1010246
1008895
1012523
1004956
1007152
1000618
1000355
1002794
1010771
1002350
1007086
1006213
1002202
1005496
1011234
1004883
1001853
1007149
1012952
1007477
1010398
1000017
1011171
1003065
1012977
1010682
1012281
1005608
1001361
1007014
1003107
1008923
1011802
1002671
1007511
1004132
1001736
1010952
1009563
1007011
1000750
1007847
1010411
1009957
1006427
1011807
1001763
1006278
1002312
1004415
1010959
1010107
1005653
1005984
1000521
1005831
1003759
1001598
1012464
1002510
1005000
1011064
1004622
1003398
1011157
1000865
1012268
1001358
1010019
1005717
1001730
1009019
1004282
1003126
1007244
1010772
1003785
1005492
1008929
1012608
1002027
1003088
1004172
1001105
1011784
1002964
1005279
1010603
1007220
1008933
1012349
1012978
1010597
1003935
1012240
1000847
1006926
1001309
1000248
1011608
1011688
1004303
1011808
1009993
1006677
1011550
1011721
1010618
1010447
1001602
1005510
1010765
1001787
1010991
1005944
1006362
1008914
1011331
1007651
1001307
1011218
1006413
1002482
1001894
1012157
1001662
1007665
1011679
1007254
1009985
1003836
1011796
1004388
1011386
1012998
1009202
1009659
1004470
1007625
1011852
1004087
1011179
1001161
1006078
1005576
1000336
1006523
1000850
1012377
1011443
1003779
1006198
1010544
1002625
1011732
1004457
1012829
1000459
1003077
1004947
1001370
1011548
1005462
1000222
1009084
1011570
1005266
1002433
1003342
1012370
1004743
1003738
1007263
1005847
1011728
1010740
1005593
1006692
1000764
1010135
1003185
1010432
1010426
1005832
1006069
1002805
1010306
1010797
1001673
1006883
1012901
1005419
1006459
1004684
1011713
1005423
1009111
1000350
1010062
1006799
1012601
1006798
1012872
1011488
1001401
1011310
1012361
1003096
1006808
1003650
1012198
1010792
1001629
1010137
1005281
1003425
1004178
1003881
1012648
1012735
1009436
1007279
1007344
1006207
1005375
1008999
1010547
1000970
1004411
1007807
1012751
1002316
1000802
1011353
1006301
1003234
1007624
1004715
1004751
1006869
1012152
1004064
1000436
1006173
1007475
1002797
1001081
1007636
1007063
1008802
1009929
1001826
1006550
1002323
1003771
1008946
1011140
1012312
1009477
1003795
1012321
1009101
1004485
1003518
1007719
1007597
1002938
1007402
1006592
1011181
1005659
1001018
1007476
1003061
1012068
1006125
1009226
1001855
1011349
1009569
1010304
1012288
1009580
1002366
1003976
1001947
1012534
1011263
1011237
1012976
1009424
1003694
1002436
1002346
1009673
1004505
1012939
1005819
1005750
1011866
1001422
1000749
1006463
1010607
1009657
1003803
1007435
1000967
1005745
1012573
1009206
1001256
1002738
1000217
1003367
1006283
1006530
1007711
1008837
1012355
1008993
1012295
1001539
1001142
1012177
1006347
1004496
1001829
1012367
1000933
1002663
1004059
1004301
1001232
1012947
1011741
1010730
1001905
1000291
1011104
1000617
1009639
1009002
1008858
1005631
1006809
1004157
1007226
1012635
1004380
1006979
1006949
1003305
1006890
1006633
1010289
1011012
1010357
1012206
1012996
1010629
1009619
1011525
1000697
1003877
1012070
1002606
1010091
1000428
1010966
1012728
1010228
1001226
1005127
1011131
1012681
1011622
1010882
1003512
1011398
1002669
1005927
1011301
1009745
1011477
1002895
1002237
1010254
1006674
1007167
1009512
1008826
1003265
1010861
1004446
1007806
1000565
1009599
1011376
1010627
1010860
1007337
1009134
1005150
1009847
1009190
1003875
1002018
1004616
1001976
1001243
1010699
1006763
1003993
1000931
1002171
1001095
1009156
1003470
1006309
1003876
1010561
1012120
1006537
1003813
1010138
1007070
1005964
1000123
1011424
1000233
1011939
1009007
1012736
1009557
1011219
1012060
1003056
1012670
1011113
1005505
1010612
1009074
1003499
1003600
1003653
1003556
1009816
1010150
1012151
1011233
1010902
1003844
1001989
1002620
1009223
1003196
1005552
1000440
1004316
1006515
1001902
1012734
1001470
1001701
1001251
1005741
1011309
1012502
1000415
1000313
1002953
1009297
1011280
1007749
1011357
1000811
1005356
1003049
1000709
1004372
1000058
1001506
1008896
1009336
1007462
1005778
1009409
1004057
1002912
1009789
1001786
1007849
1003400
1009161
1007124
1005799
1004760
1012557
1006010
1006968
1007567
1010386
1005504
1003474
1009844
1009737
1009419
1007862
1011295
1002987
1002468
1000374
1004236
1009741
1009567
1006239
1003489
1007672
1005453
1004862
1003574
1004142
1009686
1011242
1000063
1009982
1005447
1010986
1006801
1009756
1007524
1007544
1004527
1009738
1001711
1007676
1010283
1002553
1000887
1012438
1001472
1002013
1004443
1003269
1010371
1012168
1011815
1009582
1002820
1010773
1006176
1004814
1004218
1010188
1001754
1010806
1011203
1012337
1002306
1002629
1009328
1010515
1002059
1000215
1006652
1000647
1000179
1004401
1009876
1001476
1007278
1009163
1006820
1005261
1002031
1009694
1004310
1002186
1000419
1001757
1010743
1006355
1001678
1011631
1003381
1007127
1010369
1000467
1007073
1002835
1003517
1001207
1007147
1004427
1007742
1007425
1006182
1000803
1005103
1006335
1006418
1000224
1002896
1012284
1007205
1004888
1001967
1009472
1005991
1002766
1006038
1002172
1012155
1006630
1011787
1011293
1010368
1001477
1009828
1007083
1011540
1010050
1011703
1003072
1009210
1011365
1004963
1005250
1010490
1009805
1005221
1001842
1005143
1012476
1001591
1009742
1002978
1003838
1004382
1002756
1010144
1002585
1001645
1004939
1002915
1005417
1003272
1010347
1000487
1007820
1012571
1010715
1010707
1009212
1010365
1000839
1007652
1012971
1005830
1010548
1006681
1007795
1002927
1007299
1004403
1012556
1009385
1003074
1004183
1009056
1011034
1009478
1009589
1012289
1001118
1011288
1003786
1012773
1002757
1003975
1011524
1010538
1000808
1007356
1007759
1004378
1002037
1004631
1003043
1005300
1003764
1000997
1009979
1012940
1005560
1003619
1005797
1000102
1004672
1007386
1011632
1007404
1009856
1009128
1010979
1007081
1004202
1005377
1002527
1001746
1003485
1002926
1003658
1009909
1011984
1003109
1000913
1007195
1002069
1007583
1001135
1005012
1003506
1002459
1000552
1000340
1003552
1007732
1002674
1006752
1000317
1006969
1012914
1007323
1000510
1008889
1006009
1003490
1012630
1002074
1009923
1005135
1012302
1000333
1003020
1011750
1010382
1001495
1010476
1003837
1000629
1011314
1005883
1000681
1004119
1002975
1011588
1000952
1011700
1005604
1003832
1005030
1004456
1000728
1007352
1005974
1004543
1002576
1004293
1003756
1012585
1007101
1011955
1009171
1007317
1009172
1000941
1010720
1004345
1002287
1001643
1011701
1006580
1009541
1001517
1002368
1011475
1004518
1010886
1011257
1006532
1009032
1009787
1002407
1005304
1000711
1010541
1008910
1007281
1004731
1009117
1001555
1011542
1001117
1001447
1007641
1010550
1012477
1005617
1007633
1007527
1002544
1000244
1012633
1001608
1010252
1003777
1007316
1000920
1004993
1002395
1010702
1005837
1000095
1005502
1003411
1003735
1009974
1006391
1004900
1001805
1012738
1007557
1006232
1006168
1010689
1011781
1000606
1011521
1012462
1009390
1001382
1006109
1006366
1006434
1002475
1004710
1000405
1000708
1011603
1001983
1009246
1006421
1009043
1003716
1003867
1005362
1000548
1005344
1010626
1006264
1011776
1003640
1003721
1007197
1001327
1010325
1003438
1007442
1009357
1000777
1002690
1003991
1006477
1002704
1012896
1007036
1009081
1003259
1002687
1001857
1012100
1010278
1006544
1001211
1001388
1002362
1012716
1005330
1000853
1009353
1001871
1007042
1000794
1009258
1002162
1012228
1006623
1005694
1009076
1010163
1004083
1005408
1005646
1006741
1012077
1005106
1009763
1005662
1011759
1007832
1011932
1008980
1000673
1009079
1012827
1004209
1005480
1004431
1012299
1005365
1003527
1003787
1000754
1005718
1003015
1007107
1012821
1009070
1012426
1011906
1000756
1004811
1002597
1011054
1007433
1009769
1003794
1009964
1010427
1012933
1006980
1011507
1003891
1010485
1003132
1000410
1009113
1000996
1006433
1001543
1006116
1000202
1012562
1011025
1010973
1002353
1011931
1011761
1000748
1010483
1006920
1004111
1011486
1010385
1001726
1004551
1011493
1000158
1002255
1000778
1005267
1009301
1009229
1004905
1000396
1004036
1010744
1002764
1010397
1011480
1011780
1003905
1004425
1011685
1009251
1003587
1011627
1007194
1007589
1004153
1005493
1004173
1000511
1012243
1010790
1002154
1008955
1007467
1004127
1003005
1003068
1006333
1009950
1011514
1004206
1009976
1011681
1009983
1010272
1005458
1006747
1004771
1000001
1003437
1004899
1003385
1011265
1004700
1005795
1011901
1011917
1005444
1005479
1001369
1002539
1005452
1009374
1012387
1010492
1011512
1011959
1001848
1001553
1005130
1006451
1007541
1007765
1011811
1000299
1012741
1002004
1009132
1004595
1000276
1002401
1001734
1006079
1007568
1011868
1009259
1012993
1001438
1009943
1011771
1007419
1001050
1002735
1005463
1006405
1000892
1007573
1000242
1011817
1007614
1011114
1009896
1006978
1006324
1003035
1004660
1009836
1000591
1004730
1010435
1012836
1012886
1002750
1005124
1004175
1010558
1000863
1002326
1012712
1009726
1009578
1010280
1007257
1010238
1007549
1004583
1000112
1005180
1010735
1004556
1002319
1006893
1010101
1005006
1010983
1000603
1009595
1007673
1001670
1002579
1007432
1000255
1001919
1005825
1000420
1003666
1012522
1010046
1003216
1007105
1001103
1006505
1002892
1006471
1012833
1003350
1010736
1000737
1011102
1006136
1001192
1000398
1012323
1004815
1000781
1010500
1008881
1007753
1005893
1009701
1000085
1009854
1001731
1003822
1003753
1003690
1008810
1002094
1010443
1010906
1011606
1002483
1004880
1000506
1007032
1000356
1005625
1002864
1010573
1001481
1003492
1003191
1010029
1012091
1003449
1010669
1003954
1012525
1010226
1010108
1009669
1000747
1011549
1011009
1000631
1010963
1004628
1004221
1011467
1011332
1002262
1001305
1011999
1000327
1012122
1005998
1004181
1012448
1010383
1003152
1000325
1004086
1010839
1009150
1009189
1000163
1006306
1009954
1009988
1011070
1001790
1006886
1003067
1002652
1012246
1000846
1003357
1001937
1001115
1005381
1009734
1006357
1007853
1005564
1012248
1005671
1012835
1005886
1011789
1003626
1006351
1011061
1009632
1012705
1004193
1008953
1001183
1011966
1012009
1010261
1003059
1012357
1011640
1011659
1005723
1005969
1003500
1010018
1012088
1001677
1010656
1012124
1010917
1000986
1009793
1012612
1005391
1003040
1002688
1002091
1011757
1001084
1010002
1004980
1006691
1011561
1001713
1010987
1010052
1010507
1006353
1003450
1009340
1003051
1007833
1004553
1001682
1001355
1007463
1008960
1005892
1003204
1011885
1006917
1009319
1011302
1002886
1005501
1004176
1002466
1007184
1002036
1006238
1004763
1006108
1005190
1004331
1007816
1009889
1004012
1006797
1002511
1011495
1012613
1000993
1006251
1008962
1010314
1012679
1003469
1012057
1009806
1003871
1012699
1009685
1005327
1002057
1000107
1001556
1012406
1003596
1005824
1012307
1002113
1011227
1011378
1005760
1001097
1006705
1000628
1005994
1005454
1012393
1004795
1000626
1003931
1012430
1011308
1006930
1006314
1011814
1011697
1005429
1007839
1003567
1001322
1002996
1010320
1012621
1001804
1011651
1007456
1001066
1006829
1010891
1002079
1007034
1002499
1004627
1006684
1003327
1009464
1012582
1000408
1003247
1002256
1005172
1011429
1009530
1001714
1010655
1004903
1009776
1011099
1008927
1006972
1000926
1010872
1002706
1000176
1002447
1004263
1006312
1002382
1001613
1001416
1001216
1001239
1004405
1010119
1004507
1007799
1005807
1002540
1000671
1003772
1000594
1011311
1001214
1003189
1000139
1000843
1001259
1008931
1007182
1006716
1006442
1003537
1005100
1004243
1001445
1010075
1004885
1001695
1003052
1005364
1010574
1008921
1003439
1006479
1006812
1006772
1003181
1007132
1001060
1007159
1011107
1004916
1003401
1011892
1004826
1001944
1001899
1008893
1012910
1005642
1006052
1005270
1009274
1011857
1002219
1005307
1012271
1006863
1002691
1011968
1003159
1007293
1011765
1000126
1004118
1010972
1007371
1006254
1011699
1010750
1011543
1002846
1002081
1002222
1007634
1012468
1003907
1005107
1011347
1003248
1011316
1012463
1011564
1001776
1006244
1009553
1003576
1006740
1006386
1004708
1008828
1005862
1002823
1012710
1002589
1008825
1003477
1009110
1001460
1011743
1009247
1001498
1004769
1009698
1010250
1005101
1012025
1010800
1006437
1005929
1007516
1007560
1005196
1000388
1002322
1002047
1000583
1012411
1003711
1010072
1001534
1007242
1003494
1007178
1007679
1004508
1001879
1005757
1001003
1000771
1007592
1001345
1009721
1002796
1002095
1011666
1003819
1012864
1005185
1011804
1011861
1001160
1010086
1012486
1006424
1003023
1010670
1001116
1006094
1012504
1006341
1001343
1000514
1001779
1005702
1004521
1001911
1003014
1003070
1005728
1005434
1011822
1006174
1004832
1007563
1009354
1000144
1010307
1011498
1002188
1012443
1010726
1012673
1001086
1001428
1004324
1001755
1005436
1003565
1003076
1000287
1011680
1002531
1004004
1007697
1009420
1000523
1003535
1004375
1000342
1005280
1009170
1012237
1011105
1002412
1001452
1002850
1006748
1004397
1001496
1007534
1000180
1000547
1002813
1001005
1006931
1012519
1000534
1011597
1000114
1006538
1002465
1002373
1006690
1009994
1000822
1005069
1000262
1005314
1005749
1012002
1005658
1005986
1010910
1000536
1000170
1005743
1003431
1003558
1005392
1003507
1010291
1005894
1006367
1005976
1001733
1010694
1011937
1011260
1006525
1012235
1004893
1004076
1000256
1003818
1011256
1002634
1004656
1002003
1001154
1002273
1009688
1011534
1000576
1004003
1006736
1006500
1001699
1006491
1006299
1012466
1003989
1006018
1002885
1005189
1007372
1007738
1002425
1012247
1005263
1003842
1007145
1004856
1004738
1009788
1004137
1007201
1002456
1000099
1011908
1012760
1006141
1010196
1010781
1009466
1003326
1002533
1009416
1002833
1006671
1006554
1007443
1002243
1009508
1000507
1006175
1011671
1005278
1009097
1011634
1003801
1002644
1004741
1011407
1004876
1012373
1011676
1011230
1000189
1011751
1003333
1012969
1003281
1010564
1003864
1005940
1012472
1000128
1011546
1003664
1012106
1010757
1009524
1001777
1007397
1009267
1000666
1011031
1005914
1007275
1012457
1011020
1012501
1002291
1007478
1000054
1010096
1010877
1012032
1006704
1004259
1007369
1012283
1003733
1012733
1010930
1007217
1004544
1008938
1000448
1000916
1003916
1001917
1001561
1012979
1007348
1009565
1011583
1002549
1004594
1004131
1000253
1002575
1004538
1006443
1006824
1004610
1006249
1009068
1010048
1005751
1003242
1001607
1011691
1011838
1000979
1010566
1003699
1001501
1005320
1004258
1003445
1000829
1003295
1004971
1001378
1005137
1000043
1003027
1009498
1000568
1007162
1008907
1003522
1008879
1009587
1006924
1003473
1002994
1012553
1009325
1001374
1012779
1009388
1006002
1006481
1011044
1000897
1005371
1000044
1003428
1011886
1001241
1006184
1010441
1000915
1004211
1003098
1012594
1009511
1003861
1004270
1002156
1003302
1002418
1003339
1005456
1002760
1012273
1009024
1005146
1010911
1006686
1000624
1011733
1003402
1005396
1001818
1003634
1011874
1002784
1000081
1005334
1011599
1000963
1004504
1000638
1004822
1008932
1007303
1000635
1006185
1002182
1006702
1003780
1004562
1002696
1011324
1002532
1004077
1006952
1004808
1004871
1012136
1000809
1010098
1000573
1011423
1011027
1003303
1001222
1002509
1003513
1009230
1011616
1010446
1001833
1010462
1005078
1004379
1011464
1005009
1004021
1011073
1006907
1012386
1003685
1007538
1000969
1004126
1005570
1000595
1005851
1010824
1012632
1001657
1001204
1004740
1012678
1003629
1003220
1007528
1000872
1012161
1006436
1011123
1007437
1004857
1001359
1007481
1009960
1007321
1007844
1000245
1012165
1009809
1006072
1006088
1003039
1006403
1006092
1010838
1004448
1010497
1005352
1001862
1000526
1007177
1003443
1004149
1000704
1006712
1001636
1012391
1006506
1000976
1007241
1003387
1004535
1007062
1010641
1012305
1000670
1012492
1011455
1005767
1003900
1011085
1012878
1006669
1005205
1005308
1009216
1009192
1010330
1012581
1011210
1010213
1000297
1011522
1009194
1002838
1005165
1005037
1010667
1007684
1009642
1007851
1006836
1005349
1010946
1012416
1010828
1004434
1009556
1011682
1000120
1009397
1000590
1001010
1000563
1011905
1010345
1004027
1006416
1005421
1010646
1001597
1004499
1007521
1006832
1009785
1011563
1012605
1005224
1006493
1010241
1011818
1011182
1010286
1000367
1011798
1002772
1009253
1010588
1003396
1001367
1004391
1004122
1012346
1005427
1005980
1001810
1000483
1007045
1000353
1001310
1004225
1002692
1001362
1003145
1004972
1010681
1011501
1004696
1011518
1001209
1001171
1009447
1000885
1007671
1001582
1001578
1010066
1011853
1007358
1001667
1006448
1005581
1003915
1001261
1011430
1003013
1006332
1006124
1005147
1006591
1002476
1003740
1003945
1010619
1000953
1011155
1000358
1006990
1002416
1002263
1002461
1011296
1001861
1012951
1006495
1010057
1005425
1012909
1001762
1005013
1005996
1010210
1010896
1008937
1002990
1001429
1012905
1012496
1009868
1010647
1003064
1003016
1009948
1002054
1000484
1007497
1012401
1004686
1009574
1012845
1011577
1010481
1007854
1006210
1004582
1010073
1004736
1012127
1004682
1010551
1011693
1007311
1002836
1009248
1011215
1002973
1001221
1000131
1004673
1006187
1005331
1002206
1010832
1002050
1011352
1001157
1012713
1001668
1003008
1005223
1005774
1003125
1011100
1003986
1011209
1000921
1000599
1012231
1005466
1012000
1001651
1009609
1004850
1003365
1009740
1012724
1009807
1002530
1006810
1009501
1002840
1003335
1003370
1006701
1007393
1001927
1000890
1012580
1002942
1000231
1000433
1006269
1000805
1000454
1001897
1009118
1011516
1002780
1006077
1009114
1006058
1012258
1000677
1002151
1011030
1003086
1003572
1004761
1001028
1001407
1001085
1011992
1004042
1003784
1009326
1001468
1000551
1005841
1000308
1002190
1003094
1001233
1009038
1010310
1011596
1006397
1007769
1000680
1011898
1012688
1004247
1012649
1005677
1004062
1006016
1007533
1002632
1000175
1004092
1003633
1012031
1001791
1010102
1007822
1005907
1011451
1007335
1007415
1011003
1001215
1007717
1003858
1006622
1010380
1011792
1003105
1009059
1010172
1004864
1006572
1004758
1010950
1006944
1010506
1012693
1005912
1005956
1010033
1005005
1005044
1012603
1000804
1002065
1002424
1002852
1000692
1001866
1002370
1009634
1007341
1000505
1012145
1003012
1007041
1009972
1011385
1011165
1000366
1004294
1007501
1004675
1001487
1011192
1003996
1002593
1009627
1005499
1002442
1002490
1012997
1010974
1009298
1012347
1003882
1001408
1008998
1000800
1004223
1011285
1012577
1004107
1007455
1011938
1000438
1010408
1001860
1000930
1010362
1000113
1005522
1010567
1012920
1012972
1005919
1009506
1001788
1003531
1002205
1011103
1012957
1005571
1010510
1008985
1012934
1007378
1005010
1011536
1007739
1002742
1006007
1005869
1002890
1000684
1007151
1004308
1004794
1000947
1009728
1009245
1012949
1004801
1000924
1010406
1001950
1009759
1003750
1011560
1001924
1001560
1010996
1010177
1009241
1012570
1000867
1000649
1010543
1004689
1006253
1007645
1001234
1010970
1006631
1007305
1003278
1000111
1002086
1005186
1000164
1009842
1007588
1005548
1005549
1000186
1005580
1002371
1003651
1007459
1011794
1010008
1012950
1009651
1008842
1003709
1006755
1004014
1003175
1005446
1005584
1010975
1012817
1003036
1005638
1007400
1009917
1010815
1011661
1004335
1002867
1012022
1001963
1012629
1011038
1004901
1006417
1002028
1011739
1005313
1009819
1003388
1000404
1011013
1000657
1007644
1001366
1001475
1001063
1003482
1001823
1002212
1012980
1011821
1000560
1011988
1000513
1005709
1011755
1001619
1010666
1005131
1001330
1005838
1012453
1003887
1007120
1007819
1012508
1000048
1001696
1009238
1004855
1006106
1006831
1002061
1000875
1007705
1005656
1001828
1005926
1005168
1011084
1006190
1002603
1007474
1006789
1012797
1007642
1012703
1005754
1003677
1003309
1011158
1005065
1010728
1002608
1004948
1012706
1005309
1010322
1001079
1010034
1003982
1011839
1000608
1006431
1003902
1002030
1003570
1009841
1009588
1004167
1010762
1009717
1003324
1000639
1010848
1000746
1004574
1004332
1012292
1005507
1001592
1007099
1010827
1001936
1002126
1005722
1009579
1012753
1011396
1012378
1005568
1000257
1011001
1011137
1011177
1012431
1001652
1001536
1000475
1004974
1001315
1010013
1001825
1011576
1002386
1001594
1002550
1006559
1009327
1010474
1002615
1003283
1002268
1001722
1009825
1012989
1005881
1004683
1000392
1003277
1003946
1007164
1007413
1002045
1009159
1007798
1006127
1006076
1007347
1010114
1012317
1011907
1001268
1006099
1002271
1005803
1010777
1011894
1011404
1003901
1003331
1005433
1006274
1012631
1001313
1004261
1003586
1003360
1007355
1006319
1012263
1002283
1012684
1009652
1002002
1000637
1005491
1009015
1006792
1010686
1006172
1002358
1004838
1011823
1010244
1010880
1009333
1001705
1010129
1002642
1006214
1005539
1012530
1002020
1005655
1000753
1004017
1000738
1012841
1006008
1006464
1002410
1001188
1002318
1001353
1000710
1007050
1005167
1011538
1000129
1000288
1009054
1009873
1000035
1001440
1012459
1012837
1012930
1011925
1002985
1004421
1011334
1007469
1002666
1007084
1012881
1012825
1000908
1006221
1000985
1003330
1012888
1000577
1004329
1007024
1009186
1005602
1012415
1005804
1006266
1004033
1002966
1011262
1001531
1006378
1010789
1012863
1002897
1007550
1007494
1007617
1005606
1006666
1010769
1012652
1011841
1005782
1007221
1000412
1003427
1012589
1011481
1004759
1011047
1005273
1012918
1002677
1000888
1000739
1012848
1004881
1004413
1009387
1001685
1011831
1007631
1003100
1011772
1002769
1012422
1006933
1011174
1001816
1002807
1007274
1011708
1004540
1010409
1006954
1010221
1011323
1000661
1009408
1007491
1006119
1010179
1009646
1009931
1000529
1010170
1003451
1004644
1002770
1009628
1001149
1009062
1005752
1002952
1002730
1001348
1002817
1012806
1006838
1011639
1005614
1005871
1003264
1009674
1010218
1006075
1012832
1011562
1001841
1005538
1012371
1004779
1007055
1001792
1009751
1003355
1005289
1012576
1009505
1003273
1004546
1004565
1009003
1010367
1006047
1011024
1006589
1012402
1007590
1000088
1002607
1002357
1002728
1002788
1011948
1009347
1005018
1000228
1002526
1007817
1004292
1003936
1002765
1006896
1002106
1001390
1009004
1009758
1009367
1010508
1012303
1004423
1012414
1000938
1010281
1012086
1006054
1000683
1001418
1000923
1009930
1003601
1004084
1005899
1008977
1011253
1005703
1012456
1008916
1004910
1010749
1001574
1010197
1009743
1001153
1004343
1010738
1011537
1011572
1009486
1005697
1005953
1008848
1004315
1009272
1006091
1011915
1010026
1003062
1012094
1003044
1012216
1000292
1012356
1000451
1001952
1005163
1007585
1000818
1001783
1005866
1011589
1011427
1009428
1003729
1000518
1012768
1003063
1011450
1000539
1006940
1009335
1012675
1011928
1000134
1011390
1011258
1006958
1000087
1004983
1005272
1006802
1009903
1005970
1001299
1012789
1001371
1006744
1002782
1000108
1004789
1003997
1011400
1010546
1008987
1004367
1005791
1005339
1010539
1011224
1009800
1007768
1007824
1011520
1004514
1007710
1003006
1005853
1011016
1012133
1000535
1001298
1003280
1001164
1010450
1006527
1011714
1000301
1012282
1012964
1005249
1009571
1005544
1004472
1010186
1005591
1011281
1006998
1003066
1006891
1000936
1012188
1006577
1012105
1001959
1004532
1010528
1006971
1000394
1003122
1011026
1000769
1004858
1003177
1010113
1007828
1008834
1009630
1002367
1010620
1003774
1012342
1009096
1002919
1004943
1000379
1001603
1012745
1011845
1010888
1000636
1000798
1007770
1001589
1004836
1010776
1002945
1002258
1004322
1002068
1000094
1005808
1010445
1009296
1000152
1009179
1007026
1006651
1010913
1004959
1002563
1000751
1005719
1003731
1011837
1004642
1003221
1001505
1011348
1007530
1003755
1010596
1003201
1011434
1009774
1011458
1011638
1000958
1011306
1002484
1008969
1010396
1010201
1010153
1011934
1002201
1003389
1011010
1006504
1004369
1004063
1002136
1007655
1011492
1001599
1001909
1012935
1002364
1012236
1007080
1007792
1011229
1003165
1003727
1005194
1004216
1001244
1010830
1007693
1000185
1010653
1007587
1006761
1010037
1012900
1007579
1009938
1003969
1005284
1000268
1002313
1005734
1003290
1001954
1012722
1007126
1012343
1010319
1009034
1011305
1012327
1003632
1001334
1006994
1009025
1004630
1003260
1010092
1012653
1004054
1009838
1005639
1000098
1005073
1004140
1001626
1012830
1005489
1003933
1012186
1006853
1002209
1000726
1002107
1002506
1010126
1002723
1005861
1009487
1000833
1009201
1004198
1002108
1003671
1000133
1011317
1001265
1003222
1000640
1004792
1001093
1001015
1000517
1005404
1010581
1010957
1009016
1003275
1007760
1006435
1009522
1004557
1000740
1005402
1005874
1002199
1005812
1012771
1001881
1007691
1006123
1001595
1000678
1012862
1004219
1000285
1009780
1001856
1009808
1004640
1003672
1011208
1009136
1006999
1005232
1007291
1009442
1000795
1002304
1001466
1009648
1009218
1003524
1009773
1008936
1010328
1011977
1002497
1009503
1009030
1006913
1010756
1004674
1008949
1012596
1008820
1000389
1004889
1005215
1004997
1002737
1001504
1004680
1008968
1012615
1010404
1002150
1012045
1012756
1007172
1003545
1000446
1006754
1012166
1003255
1011130
1001342
1012428
1003960
1003866
1006540
1001604
1009273
1002115
1000345
1012906
1011994
1006901
1011506
1002083
1009934
1010192
1002501
1008827
1011408
1001147
1012775
1011354
1009937
1010165
1004607
1000138
1003669
1000854
1009935
1009271
1004833
1010875
1010811
1009640
1007430
1011312
1010178
1009661
1009722
1002839
1003903
1006356
1005788
1001675
1001130
1009358
1007627
1011668
1008958
1012039
1012233
1005202
1009307
1000207
1003441
1011411
1002329
1003725
1005015
1007599
1007030
1003995
1011121
1000784
1004296
1010784
1012643
1003544
1009846
1000305
1005016
1005475
1007695
1004466
1012946
1010233
1007810
1010076
1007835
1005160
1001758
1007406
1007324
1010916
1007584
1012311
1005098
1003164
1007703
1010366
1009962
1010923
1004406
1009037
1002880
1002547
1000570
1004151
1004749
1004714
1004938
1007605
1003223
1002863
1004350
1007860
1002654
1012329
1011920
1003734
1009520
1002944
1002163
1009916
1006880
1011015
1011595
1009257
1011226
1007761
1010675
1012968
1010976
1007075
1001432
1001522
1001016
1001123
1002274
1011149
1004778
1009145
1003944
1002870
1005034
1000825
1004952
1003149
1005075
1009715
1003479
1008836
1002761
1000500
1000883
1001217
1011510
1005066
1011642
1012569
1007208
1006970
1010768
1002918
1007158
1004530
1004925
1012176
1009658
1012791
1012219
1005965
1003549
1004390
1000181
1011840
1003847
1004576
1000331
1003742
1001494
1003829
1001827
1002365
1009318
1001165
1003680
1007200
1009086
1007531
1012731
1006528
1002898
1011896
1006140
1000492
1003754
1004757
1001797
1004519
1002155
1001845
1004177
1009919
1000610
1005234
1010176
1003366
1009850
1000210
1011269
1002851
1011655
1010115
1001612
1009757
1005294
1009489
1004340
1004040
1011392
1010303
1005153
1005203
1001200
1003111
1002441
1003057
1006689
1009026
1006682
1009131
1007659
1002391
1012148
1002855
1001724
1012658
1001282
1012894
1007240
1010122
1012372
1004020
1010125
1001625
1003917
1001874
1011133
1006462
1009370
1009148
1004015
1002492
1012982
1003092
1007850
1001738
1004955
1007581
1005487
1001545
1000219
1000465
1003883
1003135
1011793
1000653
1000946
1010901
1012018
1000945
1004860
1001044
1005064
1000172
1000491
1006541
1004394
1003079
1001502
1007258
1009090
1000831
1006343
1010628
1005415
1000151
1009200
1009525
1003458
1006780
1011011
1004241
1003713
1004701
1010601
1005729
1006595
1000919
1012089
1006597
1006465
1006346
1012973
1003124
1004453
1010189
1012253
1009295
1004663
1005045
1002534
1011154
1009462
1000975
1008961
1001235
1007388
1011193
1003830
1002596
1003802
1004649
1009018
1001751
1000335
1003999
1012389
1009810
1003988
1009968
1010690
1005773
1004976
1000917
1000076
1012579
1004085
1012588
1002998
1004108
1004238
1006955
1003434
1006855
1001271
1002513
1005735
1005598
1006942
1004904
1010267
1002556
1005948
1002021
1002217
1005649
1006685
1010099
1002457
1004046
1007547
1006770
1010258
1011993
1000252
1002140
1001185
1012380
1001301
1003167
1001280
1011509
1008846
1003104
1007648
1002939
1012141
1001740
1000944
1003959
1001178
1004357
1003841
1003568
1002721
1007047
1012230
1011956
1006466
1005367
1004549
1011109
1012344
1002034
1005389
1001094
1000515
1002309
1002811
1009680
1010451
1005342
1011552
1006070
1004079
1003459
1010348
1005859
1006641
1012316
1003659
1008815
1007046
1011422
1005916
1006937
1004483
1002023
1010722
1012915
1002333
1009143
1001980
1011747
1005420
1003178
1006992
1000978
1006543
1003854
1005739
1005062
1009431
1003171
1001812
1002213
1007736
1004555
1006352
1010894
1009135
1011850
1009317
1002097
1005971
1005345
1010484
1011355
1011432
1004342
1005879
1012227
1006877
1003071
1000116
1010826
1001055
1007778
1003773
1000223
1012256
1004777
1004455
1005908
1011692
1011842
1004657
1001000
1012334
1006787
1012385
1012828
1005698
1002429
1008819
1006368
1011657
1002810
1002700
1008992
1005138
1001058
1000625
1010809
1003760
1005909
1011017
1000106
1003047
1012521
1004570
1009220
1000274
1011748
1007756
1009414
1004998
1011519
1007613
1011343
1010164
1000828
1007037
1002675
1001133
1011088
1005696
1006579
1012353
1004139
1007604
1006668
1012516
1010257
1012218
1007384
1009429
1002829
1004214
1002378
1004469
1001660
1007519
1008954
1000348
1011336
1005968
1010636
1006612
1007390
1012587
1006598
1004133
1009386
1012711
1003589
1010174
1009583
1003693
1001803
1011553
1001072
1003897
1002746
1009146
1000571
1006719
1002980
1006626
1006470
1000270
1004161
1000788
1001061
1000827
1009899
1000192
1004550
1003182
1009510
1002485
1007502
1011513
1012439
1010615
1004353
1007175
1000630
1004647
1005382
1010820
1011893
1000866
1001884
1010701
1003585
1006419
1003158
1003312
1012423
1006134
1005063
1004075
1005353
1008930
1004304
1007677
1005567
1007266
1003696
1005061
1005033
1011307
1001195
1001611
1001436
1004147
1009459
1003922
1011435
1000998
1007253
1001669
1002149
1006439
1010227
1010204
1009276
1005287
1007612
1006859
1010802
1000294
1009547
1000165
1010275
1012807
1001132
1006062
1011146
1002635
1004930
1004841
1002694
1007090
1003496
1003386
1000362
1008996
1012096
1001485
1005742
1010679
1009168
1011409
1009597
1001051
1006294
1003706
1000623
1012539
1012638
1003423
1009802
1001292
1003424
1003219
1003674
1011231
1002792
1009334
1010148
1006575
1004906
1005990
1003812
1011971
1002889
1002809
1003617
1007118
1006287
1001326
1007013
1007611
1007449
1012017
1003379
1005485
1007021
1001203
1003789
1010315
1000755
1006035
1010235
1012003
1009371
1000559
1010713
1001406
1000214
1003343
1006224
1000378
1004624
1004720
1011173
1003089
1000918
1011884
1001744
1009497
1012813
1011669
1010591
1012766
1002736
1004479
1011882
1003138
1005755
1001679
1007003
1002947
1005792
1009644
1000502
1009252
1002321
1005880
1002822
1002431
1010746
1011628
1007595
1001882
1001141
1003307
1002658
1007740
1000161
1004333
1001795
1010814
1001648
1009185
1009706
1010881
1010265
1000686
1007552
1005022
1002311
1006408
1005089
1003939
1003454
1010537
1010004
1005256
1004330
1011444
1007166
1001567
1007623
1010609
1010003
1002044
1012857
1009714
1005373
1001210
1009165
1004800
1011448
1009377
1001354
1009707
1006921
1012995
1007125
1011270
1004204
1009063
1003880
1010503
1004398
1009040
1002361
1004922
1003687
1010311
1001380
1005072
1006843
1002825
1009197
1004523
1001550
1010458
1001953
1002259
1005509
1001834
1010560
1004447
1005674
1012985
1004503
1006057
1000208
1011737
1002414
1000812
1010416
1001069
1009239
1005347
1002630
1005796
1009829
1007762
1001519
1010151
1007396
1011539
1009818
1010491
1010480
1011264
1009526
1001296
1007704
1010065
1000949
1007471
1009051
1009012
1012656
1012055
1009154
1003048
1006507
1011051
1010489
1007049
1002248
1011069
1001928
1000960
1007093
1004512
1004314
1011497
1006432
1010270
1005296
1000143
1003090
1010022
1006103
1010804
1012405
1011891
1007068
1004073
1000209
1009364
1004395
1012948
1001349
1012954
1007409
1003927
1011929
1006304
1006289
1006957
1001753
1009009
1005305
1002791
1006256
1004773
1010203
1009666
1000496
1009872
1003973
1001151
1003268
1010403
1002824
1010664
1010635
1010874
1007318
1007439
1004299
1004407
1009491
1012510
1011335
1002211
1010932
1009863
1002117
1001509
1002221
1002189
1001873
1012986
1003557
1011126
1000522
1009164
1009778
1001661
1009410
1007708
1004897
1012297
1012958
1000856
1001100
1004399
1011687
1010123
1008805
1005901
1009204
1000196
1010697
1003592
1009209
1002315
1006151
1004125
1010001
1012147
1005226
1010578
1011635
1006892
1011607
1008965
1000413
1001412
1005407
1002543
1001540
1007246
1010600
1000458
1009570
1006001
1004969
1009790
1009760
1002165
1005113
1010290
1006138
1010648
1002070
1006578
1011786
1008986
1000141
1006028
1003550
1010010
1004185
1004661
1011472
1005963
1007556
1010136
1005096
1010043
1002907
1005689
1005082
1004109
1001017
1000613
1011138
1009662
1001863
1009310
1012102
1012320
1011707
1003564
1006042
1005654
1001990
1003675
1002488
1009228
1005164
1004477
1010297
1009355
1012052
1009554
1011791
1001454
1010243
1005031
1011186
1009255
1005692
1005906
1004257
1003007
1009322
1007363
1002446
1004884
1010698
1003042
1010331
1006724
1010285
1012364
1010222
1003183
1011505
1010671
1001653
1010482
1005014
1011711
1012584
1003329
1012339
1001840
1004179
1002707
1011300
1006654
1004124
1011463
1010327
1003618
1005125
1006083
1002535
1002523
1006064
1008830
1010035
1003266
1003353
1005517
1006676
1003941
1011120
1003967
1002419
1007688
1009284
1011494
1011903
1000282
1002072
1007561
1006947
1001511
1006093
1004831
1000363
1003279
1011273
1009368
1000646
1004752
1002821
1005562
1012866
1006030
1006195
1002008
1009480
1001424
1007153
1003793
1006499
1000922
1002204
1007170
1004072
1002638
1007163
1012255
1010359
1010053
1010745
1011585
1007857
1003142
1006848
1006149
1005776
1003336
1012515
1007577
1006188
1007165
1000519
1000232
1011530
1003983
1010185
1005091
1005004
1003211
1012704
1000578
1003575
1001663
1002302
1002646
1000733
1004150
1002695
1011643
1006228
1011663
1000316
1003987
1006112
1009682
1009970
1003207
1001883
1010813
1010767
1000654
1010864
1000942
1004756
1003708
1008894
1000364
1010418
1009724
1002951
1011299
1000694
1012214
1006394
1010143
1010918
1002135
1012802
1007187
1012619
1012484
1003963
1010341
1001430
1002689
1007846
1005051
1012081
1011191
1012568
1007868
1000004
1007539
1011712
1007421
1011696
1000598
1003448
1005251
1006826
1001391
1009840
1009461
1000690
1002024
1010865
1004902
1010041
1003078
1009103
1012007
1009404
1004232
1005019
1000789
1007445
1001242
1005248
1011872
1008873
1012984
1005102
1003925
1002986
1000596
1000995
1005460
1009483
1004461
1005020
1009955
1007115
1003224
1007520
1009071
1009723
1000321
1001638
1012974
1003885
1004358
1002991
1009971
1009573
1010276
1007609
1002087
1009066
1009528
1000695
1004865
1009106
1002709
1012400
1007571
1009195
1010284
1001499
1000346
1010078
1001377
1006868
1008808
1008867
1003284
1009668
1012999
1010448
1004493
1004093
1012107
1004558
1000326
1005578
1009531
1009608
1003929
1001473
1004837
1004143
1009337
1011629
1007692
1002064
1009120
1007239
1010819
1002968
1010919
1012919
1010182
1009585
1005212
1003612
1001710
1003011
1000067
1002957
1009075
1004145
1009987
1006098
1002525
1006778
1006873
1009999
1003652
1005915
1004203
1005079
1002428
1000065
1007626
1010085
1000971
1000880
1001898
1001036
1011958
1002025
1011187
1000546
1010652
1010240
1011223
1007119
1010158
1000437
1010812
1012870
1006145
1000696
1009233
1009690
1004210
1004717
1004722
1011198
1011756
1007190
1002278
1012785
1005329
1005746
1001170
1006769
1007210
1005860
1005148
1006695
1006795
1001448
1002724
1003761
1004502
1007706
1004839
1012210
1010925
1003641
1006234
1012036
1001266
1005529
1010981
1012170
1007385
1003235
1006912
1012858
1004459
1006300
1005933
1010220
1001715
1011790
1012465
1009323
1011816
1012960
1005643
1002781
1000124
1002843
1012069
1012483
1011978
1001042
1007027
1005413
1011216
1002799
1010927
1007572
1009612
1005178
1009412
1005473
1000982
1007793
1010523
1006154
1000109
1011981
1001610
1005669
1000835
1010271
1002686
1004911
1006693
1008995
1005332
1009967
1006672
1005629
1004266
1002184
1003347
1005228
1007007
1005275
1006657
1011341
1010024
1006997
1012408
1006768
1011637
1010105
1000264
1008918
1006922
1012315
1004450
1004766
1005621
1006647
1001306
1012875
1005299
1011439
1006995
1003645
1005359
1006326
1010378
1001544
1006489
1011785
1008966
1002701
1005829
1001562
1004220
1001727
1012275
1003714
1003034
1007072
1001198
1004019
1006307
1011587
1001615
1002026
1003624
1012921
1012610
1009942
1011151
1005951
1000173
1002703
1005937
1011658
1001742
1006005
1010269
1003136
1000645
1010117
1003508
1009693
1001383
1006450
1004525
1009812
1006925
1005457
1001163
1004875
1000480
1004853
1001384
1012873
1006060
1004480
1010576
1007804
1007077
1005483
1008973
1005835
1012754
1012419
1005114
1004798
1011656
1002631
1002542
1002450
1003481
1011445
1002874
1009443
1001880
1009947
1009348
1003487
1011419
1007141
1005732
1007663
1011204
1009391
1009904
1012897
1006908
1006906
1004712
1004023
1010687
1000842
1011077
1012690
1002127
1001926
1003620
1011943
1003060
1001220
1012134
1009887
1006731
1009473
1010358
1001474
1001708
1000240
1010335
1006197
1006650
1002056
1006874
1011856
1002121
1006217
1000512
1011195
1000032
1012535
1000417
1001617
1004037
1000951
1002949
1002684
1010668
1010025
1012278
1004325
1008811
1006483
1007718
1009977
1002233
1000648
1005209
1010184
1003853
1009294
1004654
1012208
1010093
1002437
1012217
1001587
1009268
1001728
1002334
1011057
1007312
1010215
1010212
1003169
1000090
1005235
1007513
1003797
1003447
1001891
1003627
1010602
1008956
1009622
1000940
1010651
1009343
1001449
1009991
1001070
1009313
1003551
1011547
1001558
1004668
1002934
1011949
1002338
1006766
1006158
1000838
1000609
1002161
1005067
1009884
1004585
1007183
1001908
1012640
1009085
1011042
1007198
1003032
1007508
1004048
1004227
1007616
1011035
1001291
1010532
1009865
1006529
1012259
1010230
1000263
1010400
1000136
1002713
1010430
1009753
1002729
1006034
1004552
1011440
1001836
1001709
1011912
1010309
1000298
1008818
1006037
1002277
1001184
1009665
1000871
1009264
1006948
1004601
1001437
1012876
1009046
1003362
1003091
1010392
1003599
1011569
1004476
1002245
1006546
1007728
1010614
1004283
1009749
1000707
1007097
1003707
1010770
1000337
1009339
1006021
1001514
1002806
1006454
1005192
1003141
1012245
1006975
1002858
1006243
1006898
1006627
1009008
1009044
1009864
1003855
1005609
1006449
1009191
1002628
1004914
1007869
1002169
1009729
1012109
1003602
1000540
1001295
1001986
1005292
1003462
1004978
1007095
1007720
1001392
1010434
1006811
1009581
1002779
1008952
1010293
1011359
1011425
1005039
1011916
1001025
1009611
1005077
1006765
1011674
1006502
1007737
1009361
1012174
1007786
1003101
1004195
1004417
1007283
1010885
1006914
1005154
1002878
1005784
1010011
1006313
1003720
1008924
1001969
1002088
1005498
1007377
1006884
1010763
1006027
1001180
1001400
1006856
1010929
1005949
1010457
1006382
1007598
1012358
1001179
1007776
1003654
1003282
1006637
1005867
1006146
1001984
1007551
1011452
1001026
1008979
1004152
1007238
1005324
1000051
1012116
1011753
1012543
1010084
1002177
1007368
1005052
1004509
1002010
1007727
1004284
1003429
1003979
1004874
1003320
1003913
1011111
1001920
1008882
1008838
1006823
1005715
1002909
1002577
1012159
1004352
1000042
1010625
1010104
1002884
1011108
1009471
1005665
1003212
1006115
1004887
1011752
1001467
1011990
1004465
1003115
1002102
1006102
1003958
1011869
1003440
1005040
1000477
1012028
1005766
1010747
1012541
1002500
1009895
1003743
1011924
1012368
1010440
1009713
1003095
1003460
1002605
1002708
1004846
1002831
1005876
1007389
1001729
1007440
1001914
1007606
1005706
1011942
1003859
1004704
1011617
1005738
1012038
1010691
1005363
1000401
1002176
1005651
1002214
1000770
1002914
1004190
1011393
1004687
1005882
1007328
1007002
1003541
1005097
1009292
1011704
1005471
1005341
1001916
1001658
1011987
1004651
1006837
1001484
1011163
1004915
1001193
1010617
1010545
1010067
1004252
1010083
1011082
1007395
1012636
1012889
1011238
1000166
1010714
1011652
1006148
1010621
1006563
1005845
1010413
1009577
1001809
1004276
1001288
1010518
1011367
1012489
1007085
1000581
1012150
1000757
1002344
1001748
1006664
1004926
1011727
1012804
1003271
1004066
1003484
1006728
1006771
1006697
1006192
1012955
1006445
1004224
1005850
1006510
1011653
1005283
1002215
1005613
1010724
1009435
1009542
1006230
1010631
1009545
1005536
1002005
1006387
1010758
1009285
1006081
1002626
1012701
1000351
1009697
1006422
1012487
1000869
1003562
1001621
1007640
1004351
1012854
1007725
1011175
1003745
1011795
1005174
1010710
1009687
1005961
1008847
1009678
1006687
1012249
1000272
1011527
1005085
1011855
1011951
1004386
1003553
1000819
1005494
1007741
1010751
1005208
1006282
1009006
1009304
1007535
1011213
1007082
1011878
1007873
1009022
1006087
1001576
1004554
1007763
1009450
1003031
1002109
1012027
1011849
1008899
1001043
1007830
1004646
1005865
1005023
1003244
1003807
1003831
1006976
1010942
1007289
1000706
1011544
1000881
1009196
1004114
1002430
1006910
1003208
1001088
1005513
1009184
1001846
1012455
1010077
1002562
1006179
1001082
1002266
1009080
1003955
1003121
1007327
1003613
1006012
1002854
1007460
1010940
1001324
1000322
1007054
1009815
1001739
1009100
1009615
1007872
1009411
1000776
1010399
1003806
1011875
1002392
1010774
1002883
1010344
1006834
1010039
1006526
1006404
1010391
1011479
1002445
1005765
1012434
1009456
1004182
1009703
1007750
1005093
1011453
1011342
1000089
1000687
1000766
1012846
1010837
1001780
1005288
1004863
1002246
1011207
1002904
1010692
1003368
1003548
1012820
1003893
1000501
1007637
1002745
1003554
1007320
1006291
1005182
1003894
1009242
1012325
1005657
1010187
1011729
1003835
1000122
1003058
1007734
1012529
1002519
1010171
1006211
1003809
1003133
1011900
1004245
1010785
1010009
1009490
1000817
1006061
1012078
1007179
1005482
1004705
1001732
1010288
1011321
1005690
1002467
1000772
1002403
1012332
1005701
1012308
1011749
1002622
1007265
1002196
1002516
1012787
1002815
1006585
1009893
1009104
1001208
1000719
1000279
1000204
1000901
1010387
1009633
1004912
1012333
1000656
1012877
1001057
1006713
1009089
1012075
1012634
1011566
1007518
1002253
1012123
1001943
1012811
1000983
1007044
1002051
1008875
1009045
1003468
1009329
1007135
1002959
1012698
1001933
1012488
1011767
1001659
1007180
1005354
1010453
1008959
1009610
1003555
1009601
1011779
1003018
1001618
1005541
1011833
1000318
1003359
1010308
1001129
1003661
1006830
1011091
1001750
1011887
1001339
1005724
1009946
1010110
1002623
1000676
1012348
1001488
1002173
1011858
1004006
1001820
1010912
1001573
1005989
1005934
1003598
1006549
1005679
1002798
1011279
1004918
1003131
1006206
1011196
1006988
1004681
1005972
1004265
1006381
1009739
1007836
1008857
1011775
1010504
1000066
1012700
1000357
1009288
1002116
1001245
1005833
1007252
1002929
1002775
1007487
1005145
1002041
1003263
1009349
1005397
1005945
1002657
1012987
1004327
1003636
1001966
1010997
1001972
1002776
1009467
1001890
1009811
1000987
1005080
1000187
1011961
1006143
1006894
1005140
1011249
1009500
1001542
1001781
1012104
1006036
1012945
1004859
1002363
1007523
1012059
1002328
1012781
1006285
1003026
1004919
1009870
1011972
1009474
1002749
1010598
1010336
1003833
1006409
1008935
1010928
1009784
1006248
1006398
1008997
1012549
1000060
1007426
1003595
1010070
1003160
1004134
1007591
1001421
1012719
1009614
1006767
1001312
1005574
1003604
1004363
1010068
1008913
1007113
1009243
1000028
1007271
1011820
1001789
1007714
1012072
1003113
1012616
1006938
1007791
1006715
1006887
1002448
1004422
1006461
1011662
1005230
1001759
1000444
1001691
1004733
1011604
1005414
1012131
1007473
1002033
1009342
1002714
1009098
1006105
1001262
1002112
1005197
1004156
1010895
1002609
1002168
1009158
1007743
1003195
1012967
1002827
1000553
1006733
1004228
1000441
1011762
1010372
1003025
1006121
1009406
1005920
1007370
1005712
1005268
1009911
1001398
1012786
1004954
1000117
1001478
1000038
1012799
1004025
1003825
1001258
1002200
1001743
1010356
1004069
1011812
1008976
1008934
1004148
1001196
1000450
1003663
1003519
1001962
1007423
1010042
1000092
1005406
1006376
1000797
1006117
1009232
1002134
1005921
1003843
1000439
1009886
1002294
1012560
1002621
1011876
1001681
1007699
1006482
1010716
1010016
1001723
1012548
1003998
1009050
1001770
1006220
1005533
1008833
1007483
1001817
1011414
1001240
1002727
1000425
1006996
1010200
1000668
1001303
1002296
1000497
1003643
1012887
1012180
1002210
1005084
1007255
1011575
1005828
1012527
1004940
1001551
1004665
1000667
1002491
1001752
1011684
1011650
1002180
1010914
1005590
1009517
1003022
1012139
1001854
1003678
1007308
1010693
1007558
1006897
1001410
1012326
1006004
1011974
1007845
1003692
1006334
1000679
1010469
1000267
1012480
1011368
1011205
1002238
1007682
1007071
1011067
1012714
1011221
1002046
1001575
1011004
1009266
1009765
1011844
1012223
1004164
1009441
1005050
1007297
1003498
1000311
1010761
1009306
1004231
1005231
1002342
1006026
1009670
1012191
1012026
1001774
1005730
1003041
1012591
1003288
1011648
1003151
1010487
1004788
1010630
1009138
1009961
1000234
1004695
1006171
1011565
1000372
1012819
1003583
1004524
1012625
1003947
1010871
1000239
1004618
1005623
1011415
1004979
1006325
1008829
1012966
1006118
1006122
1006250
1012366
1006825
1002453
1000135
1007228
1006396
1009417
1011574
1005437
1006581
1011511
1006425
1003534
1001121
1012425
1003765
1002089
1001009
1003405
1001020
1001419
1000220
1005611
1001375
1011412
1011282
1003083
1009539
1010659
1003736
1003762
1004605
1001463
1004819
1003293
1002946
1003723
1004861
1004297
1005348
1004728
1010688
1001053
1007555
1011865
1005301
1006726
1001277
1000855
1002073
1005161
1002404
1007215
1001999
1002444
1007566
1002828
1002480
1004830
1004169
1000119
1001627
1009153
1003419
1001052
1006063
1009222
1007366
1012793
1005563
1012267
1005708
1012470
1002992
1005038
1007207
1006919
1000096
1000399
1005274
1012447
1005058
1006602
1005120
1009900
1001201
1003413
1004030
1002451
1010851
1007877
1010498
1005295
1004312
1006006
1012099
1005896
1002472
1005495
1008919
1000153
1001120
1011277
1012742
1006284
1012599
1005903
1011128
1003192
1005282
1010245
1006606
1004464
1005981
1009256
1002982
1002417
1012458
1012961
1007290
1004168
1012005
1000146
1011000
1000482
1005518
1007464
1007838
1011985
1001672
1008870
1007420
1012500
1001649
1009244
1006616
1001230
1009316
1011129
1001197
1002022
1009121
1010438
1003953
1001065
1000682
1011677
1005530
1001640
1002869
1000490
1004492
1009345
1000905
1007488
1001808
1000807
1011965
1003174
1001671
1002128
1006310
1002502
1006963
1000025
1002956
1011232
1003418
1011863
1003117
1011605
1004414
1010468
1010557
1004659
1011645
1000723
1012798
1009193
1003010
1006400
1012260
1011202
1009213
1005170
1005925
1004481
1005885
1012928
1001024
1003030
1011236
1010833
1005817
1003966
1009826
1007784
1002279
1005149
1005027
1010992
1003045
1000980
1003717
1004851
1008884
1001903
1008807
1012290
1005710
1001059
1005059
1011201
1012696
1001087
1011290
1009311
1009094
1005343
1008989
1003304
1003543
1000542
1012824
1011864
1009029
1008991
1002114
1004471
1011979
1012182
1002693
1003610
1005889
1007160
1010554
1009708
1007114
1004561
1010195
1002659
1010525
1005736
1010608
1012481
1010863
1000601
1004688
1006023
1005387
1011717
1004924
1003080
1004364
1012044
1005814
1011991
1006977
1003763
1005430
1001138
1005193
1007514
1003857
1012266
1009538
1012034
1003834
1010505
1000533
1000972
1003926
1003226
1011344
1007489
1006476
1012340
1007465
1009555
1001737
1012931
1011947
1004188
1004559
1004671
1011074
1010852
1006946
1012552
1005503
1004744
1011261
1006629
1007702
1010924
1010080
1005684
1005252
1004010
1007176
1000418
1006521
1007495
1010977
1004892
1006460
1005411
1004950
1004458
1011933
1000191
1012262
1001287
1003914
1009211
1001067
1010296
1007094
1005524
1012252
1005439
1012375
1006193
1011049
1005418
1002536
1005589
1000312
1003453
1010737
1005801
1005335
1010969
1005936
1012354
1001213
1003502
1001099
1010363
1007485
1010949
1010381
1007752
1010644
1003783
1005372
1000903
1004829
1005195
1004239
1004233
1000183
1002751
1004138
1004588
1006017
1006497
1006587
1003257
1003341
1012850
1004694
1012812
1005478
1004633
1009356
1006790
1000659
1003588
1012668
1002702
1012301
1011287
1006318
1002434
1003340
1002239
1002124
1000295
1005597
1006965
1011176
1003778
1002891
1010883
1003985
1009890
1004055
1005134
1002347
1009849
1006133
1005543
1006084
1002055
1002185
1006804
1006320
1007056
1009227
1003093
1009463
1012531
1009399
1001767
1010778
1011417
1007448
1004234
1004381
1005442
1001706
1007349
1007292
1007143
1004617
1011413
1001279
1005368
1006475
1000665
1004894
1012867
1011670
1011559
1007156
1009663
1011313
1007457
1009679
1011180
1011276
1009430
1005469
1004484
1003590
1009021
1009638
1004337
1012578
1000911
1007133
1002681
1007837
1006258
1009655
1007087
1000736
1005726
1004787
1000634
1012721
1006562
1003491
1005526
1005575
1010892
1012310
1001719
1002633
1010799
1005200
1011278
1001674
1009766
1002276
1002983
1004723
1006204
1011431
1010624
1004429
1012994
1011672
1006177
1001794
1002670
1003581
1008988
1002774
1012959
1005967
1004785
1011118
1010562
1010350
1000235
1000273
1006927
1011454
1004298
1007295
1001175
1007185
1005532
1003546
1003559
1000079
1005177
1010300
1012485
1003573
1010586
1005890
1002139
1000720
1011827
1001772
1007128
1005939
1011880
1002541
1004767
1001716
1009607
1005897
1001565
1004376
1010783
1012685
1009452
1012856
1003657
1000384
1012823
1006833
1005211
1006659
1012226
1002157
1002771
1006560
1007852
1012891
1001405
1009078
1001614
1001056
1010971
1004396
1002862
1004848
1009332
1002529
1011523
1004725
1005550
1009762
1000221
1005144
1010234
1000137
1001528
1005713
1012392
1000409
1009198
1011503
1009537
1009470
1002931
1005214
1003704
1000251
1002225
1005957
1006827
1006101
1006344
1000619
1004867
1011647
1011528
1004806
1009303
1002247
1009989
1011361
1004632
1007666
1010604
1011778
1010847
1002331
1010180
1001814
1002470
1001205
1011720
1004098
1004256
1001267
1012849
1011325
1006536
1012528
1001765
1009716
1000718
1012937
1011441
1003520
1001054
1012041
1007157
1001633
1012084
1010634
1009058
1004645
1002515
1006216
1011579
1004598
1001434
1002999
1010696
1003003
1002656
1009783
1010582
1007690
1008853
1009746
1002303
1007721
1000148
1005506
1006407
1011766
1002402
1000376
1001033
1009660
1004264
1001311
1002570
1000330
1001616
1007418
1010040
1006796
1010161
1007407
1003002
1011877
1005240
1010893
1007154
1000369
1005405
1000093
1006813
1003890
1005310
1003452
1011736
1007202
1002789
1004920
1006252
1005055
1006131
1009831
1010721
1001403
1006208
1004240
1001420
1011722
1003286
1000910
1011768
1000218
1010199
1009984
1010334
1010884
1011289
1011143
1002718
1007730
1009725
1001482
1011832
1005714
1000787
1003046
1004026
1003635
1010584
1002144
1006406
1005298
1007309
1008844
1003728
1004049
1007326
1005451
1002599
1000006
1012874
1011633
1003525
1009616
1010060
1009144
1012554
1012660
1011962
1003053
1002574
1005756
1004891
1009681
1001333
1003374
1000663
1005683
1003957
1010742
1002052
1010703
1006803
1011515
1011485
1005620
1009675
1011782
1013000
1005155
1001389
1009434
1001773
1000460
1009932
1010142
1006370
1000765
1010464
1011403
1006033
1011297
1011580
1009804
1004639
1004354
1010097
1002111
1012796
1006020
1007709
1005634
1006805
1011581
1003351
1002148
1006420
1002678
1011689
1002743
1006732
1003251
1000407
1000097
1000489
1006014
1001090
1010795
1006270
1009761
1009042
1002580
1001254
1012755
1004305
1003328
1007096
1010045
1004273
1005468
1012563
1002793
1007569
1012884
1006345
1011902
1012117
1011166
1006620
1003971
1003245
1011380
1001075
1004520
1010684
1006943
1012880
1006074
1010536
1004719
1003950
1001167
1012801
1005210
1007379
1005844
1003540
1000289
1004765
1009584
1011235
1006717
1003337
1005542
1002317
1009747
1009695
1002503
1000149
1005884
1006350
1012739
1006354
1010717
1011050
1009060
1001457
1010968
1003186
1007302
1007546
1003869
1010388
1012146
1011740
1006982
1012695
1010606
1010733
1003017
1011142
1011517
1011471
1000169
1007354
1001027
1003393
1002860
1005943
1012512
1012440
1006779
1000332
1005918
1009516
1006271
1003603
1000457
1003270
1009073
1003879
1011055
1012080
1001680
1007825
1011337
1011433
1003334
1009913
1002801
1010953
1003920
1002665
1007381
1009321
1000375
1000275
1005025
1011125
1010183
1000907
1005947
1010337
1008945
1007139
1010224
1012890
1007808
1003137
1009482
1005241
1002286
1006785
1001202
1007142
1011665
1006679
1000266
1006412
1010263
1004192
1005380
1011268
1006781
1005810
1004748
1002848
1005117
1000959
1002187
1009671
1007856
1000774
1012842
1002308
1012574
1001935
1007431
1000528
1012322
1009720
1005290
1007522
1010855
1010529
1002522
1001273
1010162
1005811
1007814
1010879
1002489
1009314
1006941
1004034
1012062
1010249
1004160
1001620
1001444
1012730
1004529
1005681
1002970
1005384
1009432
1012063
1000052
1009733
1012115
1003509
1005852
1005516
1010059
1011946
1004604
1003199
1001955
1004982
1012335
1005428
1003781
1005255
1005619
1007211
1000250
1001704
1009915
1003106
1007772
1011222
1006281
1001048
1003193
1003577
1005995
1005716
1010081
1001464
1012912
1010719
1006518
1006517
1007375
1007470
1007273
1002787
1005946
1010729
1002174
1000303
1012482
1007801
1006699
1003455
1007052
1000426
1002335
1006721
1002486
1012717
1001850
1011214
1010556
1012932
1000572
1001956
1009448
1002960
1012956
1002110
1001964
1010632
1002398
1010470
1003510
1006377
1006183
1000195
1002906
1000453
1003446
1005139
1002443
1001159
1011147
1001870
1009352
1009779
1007783
1001586
1000909
1006279
1001083
1011019
1003456
1004452
1004047
1004636
1011610
1002038
1005361
1010449
1006872
1012132
1004734
1004291
1009402
1000142
1003665
1002001
1012815
1007010
1004215
1004383
1006268
1003274
1010943
1002473
1010674
1001373
1004272
1011801
1002377
1004117
1002387
1011418
1007248
1010575
1007428
1007661
1011558
1012723
1005076
1007540
1002063
1005816
1002767
1006349
1006089
1001549
1006762
1002324
1000999
1008891
1001875
1005262
1005060
1011389
1007803
1007735
1004517
1002349
1009727
1002923
1004957
1001194
1006983
1012895
1003318
1005769
1009109
1009777
1010931
1006199
1007600
1010801
1002965
1007548
1003688
1005987
1011694
1004016
1006110
1002285
1007794
1003808
1009645
1000688
1004419
1009928
1004306
1009736
1011466
1011190
1010175
1009380
1010552
1009225
1000627
1004029
1004898
1006053
1008970
1009359
1004091
1011072
1009775
1012498
1012493
1006582
1005236
1005109
1010377
1001985
1011491
1011935
1003055
1002717
1009400
1002514
1009821
1004088
1001461
1011250
1007823
1000086
1001987
1009129
1012491
1004248
1000184
1009036
1000455
1012040
1007224
1012169
1010994
1001397
1002257
1002439
1002616
1004467
1011410
1005787
1007088
1010555
1000216
1003163
1007656
1005220
1004677
1011406
1002400
1005386
1003087
1009023
1006340
1004989
1005553
1011889
1006494
1005664
1009618
1003075
1002381
1011883
1005056
1009901
1000422
1001479
1005982
1005123
1003239
1007486
1006561
1011973
1001186
1005481
1009237
1010301
1002977
1000334
1006485
1003308
1011023
1005459
1004402
1002226
1004542
1009592
1001557
1009552
1010516
1009922
1007843
1010211
1005822
1002950
1011251
1003579
1007701
1001957
1012490
1001451
1002426
1003874
1000893
1006135
1007076
1010100
1002228
1011819
1012479
1004965
1011329
1000870
1012646
1004981
1003399
1006945
1012990
1004135
1005001
1009540
1003179
1006423
1001824
1012665
1012090
1004516
1009817
1004009
1009791
1000712
1012803
1003054
1000715
1006738
1011975
1004586
1010843
1002241
1012767
1004775
1010732
1004917
1010759
1006964
1006488
1006399
1005246
1003356
1007686
1012225
1006786
1002554
1006522
1004936
1009621
1007053
1009122
1007615
1001975
1006225
1012826
1012130
1002039
1009902
1001108
1000898
1011346
1010495
1004205
1002710
1004445
1011141
1001031
1001665
1012197
1005855
1010840
1009077
1006889
1000259
1007304
1002517
1009308
1011716
1011462
1008822
1001720
1004866
1009454
1002984
1001901
1011888
1006849
1005983
1003300
1009283
1009312
1007345
1011220
1007058
1010424
1005187
1007103
1001934
1002244
1006298
1006567
1002899
1004923
1012814
1005740
1003698
1004058
1000503
1007398
1007842
1003614
1004746
1004199
1009214
1004374
1000988
1006222
1010878
1002236
1005199
1003965
1000069
1010571
1012657
1005432
1005328
1004268
1011139
1012691
1003798
1001490
1010519
1002808
1004807
1002394
1002383
1002183
1002955
1000071
1001341
1006438
1012661
1002697
1011554
1003978
1009236
1005515
1002639
1005771
1010302
1004089
1012518
1009704
1007019
1011625
1003170
1006625
1007168
1000780
1011071
1000406
1009515
1003426
1007259
1001013
1006858
1002903
1006430
1006280
1009027
1005622
1010305
1004823
1000823
1006860
1005171
1012572
1002143
1002803
1001815
1001537
1002413
1012125
1000882
1000476
1006845
1009254
1005888
1005379
1005676
1003155
1010351
1012642
1001570
1009494
1006415
1001832
1012399
1000456
1001782
1010704
1010473
1005028
1001102
1003085
1002260
1007834
1010706
1010570
1000966
1002261
1002449
1007826
1010853
1006296
1010216
1010898
1011826
1009894
1004255
1003206
1010535
1012205
1012861
1007199
1008905
1005958
1011806
1005238
1008839
1005863
1009341
1012073
1012140
1004985
1002653
1002586
1009049
1007260
1011156
1009365
1009102
1005119
1006828
1009801
1003325
1003276
1001821
1011646
1002679
1006237
1009631
1000377
1005758
1004318
1012566
1012142
1006936
1012160
1004081
1006402
1009550
1005877
1000703
1006137
1001228
1000293
1010522
1003686
1000991
1002887
1010788
1000471
1003865
1002132
1011370
1002558
1009945
1004764
1011172
1005930
1000612
1008922
1006055
1003466
1003099
1002725
1007532
1012023
1001238
1008840
1005601
1010219
1003934
1010755
1011571
1010958
1001683
1007219
1003322
1012869
1004949
1002841
1003972
1007417
1000400
1008877
1012193
1009572
1012421
1009287
1002734
1006967
1011504
1002158
1012066
1012328
1002146
1007424
1006519
1012280
1011039
1010502
1010393
1011686
1007277
1003475
1011083
1009407
1006241
1010938
1002494
1009891
1007468
1010680
1012810
1005630
1010741
1003297
1007461
1010676
1007744
1011843
1005011
1005891
1011828
1011194
1009691
1002617
1011437
1001329
1003814
1005346
1010061
1012324
1010723
1002762
1006066
1009061
1000615
1007789
1003161
1000621
1005157
1004568
1007232
1001364
1003563
1007245
1006044
1011873
1004045
1002066
1004385
1006024
1011502
1012805
1011063
1006369
1006231
1003209
1009279
1011362
1010133
1008941
1001507
1011470
1003172
1012879
1002731
1011601
1012663
1007670
1010467
1009700
1006707
1002768
1000689
1004986
1010294
1001304
1010463
1004317
1009425
1010292
1011106
1001646
1002289
1005206
1004267
1012943
1000493
1004635
1001396
1001109
1002937
1006261
1007004
1002567
1012975
1002916
1007039
1001650
1000198
1001435
1001869
1010857
1005358
1000564
1012537
1003395
1010753
1010501
1010472
1002588
1011169
1007859
1001246
1007020
1009939
1004603
1005547
1005561
1002866
1002339
1012924
1002682
1009065
1001249
1004260
1005941
1002415
1006161
1011734
1011954
1007747
1004825
1005900
1011745
1007057
1009373
1000432
1000549
1011459
1003870
1012595
1009372
1001925
1001402
1002568
1003285
1002471
1003338
1011860
1012049
1006498
1012983
1009282
1002676
1002354
1005626
1000427
1006594
1003607
1000339
1011731
1010410
1003237
1002360
1005839
1004612
1012365
1007454
1001372
1005395
1006989
1003724
1001666
1010324
1012765
1005660
1000588
1012847
1004501
1006871
1002325
1004213
1012669
1007608
1005322
1010111
1003323
1009069
1012925
1001223
1006373
1011879
1006815
1012449
1012503
1009914
1001583
1012676
1001414
1011244
1004196
1009394
1004102
1001365
1005319
1008982
1007482
1008939
1006474
1003932
1009302
1008911
1006342
1003845
1000762
1004097
1011045
1006604
1007006
1009796
1007359
1002356
1005753
1003187
1005110
1004442
1012749
1006545
1012446
1004721
1006882
1012221
1003691
1003584
1005514
1002861
1009973
1005222
1012645
1012564
1002376
1005074
1001139
1009240
1012454
1010266
1004056
1005942
1010947
1001224
1009149
1004913
1006986
1005721
1001949
1003380
1004739
1012429
1000964
1003642
1011304
1006446
1003609
1004990
1009637
1001631
1003461
1005545
1011927
1006788
1002227
1011824
1007668
1001350
1012683
1012437
1001335
1010346
1012331
1008912
1004410
1002252
1012838
1001146
1006600
1003465
1004805
1003616
1006962
1012709
1003910
1009959
1005511
1010329
1002464
1007821
1012138
1006615
1004816
1005938
1003896
1005806
1005641
1001011
1001140
1004589
1012902
1002871
1009092
1009217
1012533
1000741
1009963
1012296
1010798
1012855
1003523
1001376
1001030
1010459
1006262
1003949
1003566
1006847
1003560
1011969
1009710
1000435
1010870
1003770
1005616
1007632
1006929
1012762
1002583
1003631
1001346
1002067
1003148
1004528
1003747
1003114
1006113
1007863
1002351
1007757
1010156
1004360
1001255
1012532
1001270
1000816
1011918
1001316
1003863
1012637
1002958
1011774
1003951
1000494
1006743
1005321
1007017
1006784
1003097
1002119
1011239
1009624
1006694
1006160
1010298
1009458
1002876
1007779
1009514
1001450
1001091
1004008
1009535
1005204
1003766
1010466
1001520
1007272
1000159
1009067
1006670
1002474
1007193
1007565
1012154
1010978
1002857
1004128
1006308
1000650
1004346
1011970
1010908
1007785
1010074
1002651
1000792
1009286
1012540
1009966
1002198
1003291
1010579
1010121
1007364
1000154
1006170
1002592
1002573
1005142
1004732
1011846
1005582
1000861
1012213
1005902
1010147
1001281
1010312
1003200
1011298
1000820
1006383
1005979
1009011
1010909
1012467
1007667
1010157
1009457
1009199
1005528
1007574
1003515
1009559
1009792
1000315
1000914
1005800
1007134
1001764
1005870
1009047
1012497
1010663
1007542
1000693
1012898
1004813
1001690
1003744
1007098
1008906
1007809
1000203
1005699
1002566
1010995
1010044
1005779
1006263
1012242
1001503
1005426
1003961
1009057
1006875
1007716
1011291
1004281
1005878
1004393
1005008
1010088
1002487
1003384
1010064
1001960
1012911
1005316
1005924
1004621
1012158
1011830
1002060
1006608
1007681
1011825
1003912
1006817
