220525
270155
230080
280160
230039
270250
221134
230418
330345
330735
220338
220377
210384
270384
330211
220384
330169
260307
230482
361820
330141
320768
320125
220366
221318
221248
240350
230257
270184
350354
330647
320956
320983
260080
361412
320602
320855
221362
220063
230510
320110
320370
361550
250404
270286
220110
320075
350027
210418
240443
360316
320846
240026
221212
361050
300522
280074
361701
360394
240311
361467
320557
250038
330308
330189
220279
300376
290176
350211
220405
210412
360733
250351
360007
230012
360263
361741
300287
360046
321070
360776
221332
361729
330121
280035
230499
350051
361787
330609
330607
361573
361045
361686
220520
220399
330621
361589
220216
220017
220716
270348
361543
350422
320010
361462
300474
210372
361285
240366
210171
270311
360613
210088
230112
320584
250373
360656
220615
350226
361588
230540
210087
360620
221426
240457
321001
270503
320294
330139
330611
230424
220992
221188
300477
260106
350344
220178
250121
230361
220230
360507
270167
320578
260049
360087
320544
220958
250185
360831
320821
330642
230275
310097
230294
350137
240122
221178
300244
320315
330163
230004
230135
240402
320696
361018
240294
270182
250329
240396
250144
290187
290059
230349
221073
220304
360644
250024
260119
240220
320426
290127
320491
330589
310280
350063
360527
220924
250334
350421
221063
220838
300373
270120
350009
330129
300518
210122
330053
220240
240165
230110
230208
220562
220829
320571
230006
300451
220425
221013
240106
260309
320459
360693
320028
240005
361843
320911
270321
270308
300034
320034
330688
240324
310187
270008
250224
270377
270191
361896
310207
270177
221075
321074
320505
360863
221371
210445
210352
230310
300582
361751
361542
361427
330362
361043
320191
210117
360222
300325
221243
210226
221246
230454
280149
250051
310267
220633
360561
230196
300431
270053
361085
260034
330443
270413
220068
210311
330332
361781
250021
310248
220265
330433
240289
250226
220060
320197
320167
250231
221115
220741
361453
270322
250040
270462
210444
290029
360476
230311
220544
330439
260004
360814
360892
220143
361556
240109
220557
220679
360169
240322
330746
210105
361103
330199
210169
230468
360895
360115
320264
270186
320658
220162
320629
210198
361473
310167
361510
220343
320280
260018
210248
320981
320889
361770
260275
210383
250078
300179
230445
320115
220764
221170
320987
240437
230206
320051
221072
360490
240257
350302
230402
361287
220823
320536
320008
350300
361702
240048
220796
360089
360014
350377
220101
320496
361378
300264
220646
310069
290119
210203
320683
221395
250303
320550
220582
300422
361199
230286
220498
250149
330504
320164
300114
330641
330185
221030
320697
230378
221335
230285
260155
240428
260038
270226
240120
320174
360467
300306
300031
210153
330061
320250
260216
350335
330654
361866
360584
240167
300233
240389
270076
330379
270495
270127
210110
360091
221065
300317
300286
320063
290089
361682
230150
220537
320607
360524
290047
361447
220046
220510
240188
260245
240075
360955
210091
361231
350142
300370
210298
360299
320469
210211
290052
361306
320546
321068
350477
310223
250348
230433
350049
270116
230395
361219
260297
320451
361689
320806
361955
320175
260311
230428
300239
320476
330106
321027
350196
270139
221108
320703
240029
230292
360565
220043
360668
330235
220340
310040
210141
360306
240060
270451
330690
220776
360165
210299
320299
221420
361318
220111
290092
320384
270358
270039
361475
240053
320055
360045
330157
270333
220606
220318
290094
250119
330689
220555
330390
360855
350492
270331
210499
221083
300178
210270
350198
330134
280103
220772
290178
260200
270303
300039
330568
330118
360159
290179
350212
260336
300186
360805
221061
361201
210128
220908
361824
320005
320722
220595
290097
350017
221289
360369
300200
300023
360461
350314
240278
230312
360777
300094
210008
210320
270356
361518
300335
220714
300205
361217
210297
350469
250298
361734
230309
361343
250282
350391
350039
230129
221282
330596
210267
240338
320531
321004
361532
330400
220006
300389
330283
361889
300421
250242
310171
320936
320643
260031
240013
310166
361394
361100
330256
360303
360438
230121
250289
330076
221314
330225
221341
240113
330526
360121
280153
360654
320874
270237
330436
220719
220849
330719
280177
210114
360949
221382
220709
360219
210432
350291
230372
300536
320916
361835
360653
360456
310256
210154
321030
220423
260343
240295
240213
270161
361250
210029
300150
360042
270350
270360
260285
310063
270298
230242
320611
350458
330273
350385
361370
230172
221089
240068
320769
330383
221090
230426
361242
221043
220917
350328
221222
330351
210104
300309
320972
260333
270034
300307
210254
250028
321045
230535
361336
221122
360374
360041
210497
350076
320586
250286
360768
320108
220013
260005
320679
360640
240448
210195
320725
240139
210349
270353
300466
290071
360871
361765
221400
361276
250308
260287
270213
221431
220778
360110
300368
280128
320131
361200
360980
361813
361186
250006
361663
221439
230114
221237
250052
300362
360762
360629
220648
280079
310281
290070
310061
280007
240038
320035
250314
330349
210452
310244
330476
300542
320818
210256
221365
320391
260147
360344
230362
230020
210218
250330
350306
220819
220817
210449
290063
260182
220499
350116
330564
220802
230154
260190
270316
270019
320742
270310
360076
360122
270466
250349
300339
230487
310108
361443
350449
221085
330287
260115
250384
360497
250211
360371
220842
360671
210197
240224
361382
300535
320021
330238
220350
210355
350037
360622
230425
230463
240021
350468
230324
210261
300326
290154
220581
330079
220108
280063
320376
360318
250410
250355
300018
230333
240269
230345
320824
230352
220267
300086
240166
330401
220616
220283
360670
320402
360978
350395
220298
260053
361338
260127
220463
300152
260079
220781
280096
220746
320304
230369
320003
330281
361901
240353
361204
221259
270383
220751
361350
330486
300394
250033
270060
330403
310253
220098
250184
320292
260133
330498
260012
361213
260118
320137
240017
230025
250340
330693
321094
320549
360697
210260
320995
360111
350360
361850
330336
350465
360026
330571
361223
270129
230145
320535
260158
260208
250085
320247
290041
240394
310008
220532
350252
350315
221396
220086
320305
220560
361812
330537
260054
260001
210433
361365
360549
221064
220552
361585
260212
310051
210083
220257
250414
350223
260325
221408
230455
361940
361648
310121
260244
320447
221264
250089
360311
210048
220550
310294
221372
270211
221179
230258
220779
330594
310025
220059
300180
270365
330372
250288
360870
300419
360363
230503
360997
350283
330344
350307
221226
250315
221304
300347
270208
330219
270070
250162
320575
320801
221275
220516
300223
270029
260339
220077
350133
240101
230233
360495
270373
300333
270483
310014
250259
361180
240426
380031
361842
360324
350177
230055
350275
330422
230422
260040
240280
220651
220784
320213
221388
361113
300282
320043
361563
320052
360204
220693
350068
290096
220297
210111
320382
270497
361731
300327
290181
230010
250156
320266
221252
361753
220490
330730
310024
350394
320146
310132
280110
320566
220938
330330
330128
210231
240341
360025
270023
230043
361077
250151
361054
260132
220080
350011
361151
300157
361677
320062
320596
230094
360133
361209
360853
250157
240052
310005
210333
300516
330380
360079
300006
361560
320488
240133
220676
360811
210162
240089
361778
350145
300247
320400
230099
300453
300237
260131
300236
220641
210278
361673
290073
260218
350281
320879
210457
300296
230228
221305
240309
300321
320917
360566
220914
350053
320424
240343
250082
210067
230367
270121
220021
320647
270397
380030
360891
320181
300501
330164
310160
220584
210030
321085
361109
321023
360443
221086
280005
361114
221374
270002
330541
320068
270263
220565
230071
210317
260017
361297
210475
250279
360606
221230
210158
270419
361725
310110
350102
320553
350055
250271
320129
350425
220337
210136
230042
240092
220990
230491
310050
361353
321067
230103
360043
350323
210340
221019
300168
360623
221329
260102
270113
310226
361762
300473
250060
280158
260120
250357
230217
210118
260099
361628
210191
230296
350215
221293
320358
240200
290123
220287
230337
360372
320160
221317
250324
240379
230098
240116
230346
270036
270410
280125
290106
210376
300074
220380
360648
320733
300366
210019
220593
330175
330593
280223
280198
230083
220889
240023
300197
220099
360499
350280
361580
230107
361264
361472
260026
220745
350334
360500
230223
310247
220181
290117
361096
361826
310246
361815
360376
300302
321064
330425
220568
361252
300102
321042
270083
290158
360581
300492
360285
230116
290157
360917
240433
360475
361139
310165
310037
330272
320433
330534
361081
360134
220927
210052
330016
310293
280011
330228
330322
221278
320089
290020
270341
220479
330637
361764
230336
361535
320533
330588
230334
220450
260060
330752
220600
290025
270354
330743
321011
360168
260356
220720
360215
350329
220973
361840
240136
300559
221217
320374
361034
310106
360591
290134
240099
361748
361606
350464
320993
380019
320693
300560
320441
360171
360162
230287
260329
240236
300313
350311
320025
350298
210400
220065
220697
250345
350481
260250
230330
360796
350061
361203
360440
360112
360431
361854
330055
320959
350152
360996
210371
330370
320042
320047
270395
240398
330240
330097
260093
220136
221066
260088
210331
320988
240397
230003
270164
361070
310268
320890
280138
361769
360600
350158
210042
320736
320902
361105
270125
221041
360387
210455
300497
240194
230191
220186
270459
350342
270157
220255
310220
240315
220986
220949
210142
330198
320613
240417
320007
360180
360842
330698
350378
220465
230382
250379
221172
221405
361236
360571
220165
280086
221206
210364
240094
330656
330277
270131
350285
320498
320633
361448
290022
221392
360948
360120
290169
230278
350188
361521
321053
220588
270345
270150
290143
360351
310091
230270
240287
210022
361258
330441
210401
360638
221153
260036
240370
221360
230013
221350
321007
361565
330678
270416
280178
361667
310130
290125
361004
240212
250132
360513
310112
350428
361281
300079
361463
320340
270185
221002
360569
320673
300071
221383
260294
320994
330742
221319
320149
290013
320844
300212
330672
360979
350094
350098
361481
320949
361315
310030
270486
361504
300153
220010
270343
300289
330116
210290
310098
250065
260009
360753
350219
300073
220034
260028
210204
240001
220321
320187
360417
380016
280165
361274
210112
260153
280107
300346
360725
220402
320427
320518
300572
221238
221018
360574
330427
300040
320269
350190
221069
290108
360884
210098
230399
270044
320385
360865
220139
210379
361875
230474
260037
220154
240203
361434
280102
221149
330449
220424
320282
361919
270422
300260
350485
360356
361069
250167
321032
220138
360830
361761
210454
240425
260180
270145
320962
220626
210342
361984
361985
330149
360519
380023
360658
220119
230067
290011
250087
360575
320255
260137
320883
290116
280117
361065
221068
300375
210280
240352
240449
360927
270018
330034
361902
360336
260170
360709
300312
300517
310303
320738
230475
360803
270244
330274
250201
270334
360252
230363
360173
221104
230250
320559
320460
361332
350071
320764
310087
350304
220464
221256
320272
210480
270324
260128
230323
360085
300355
310186
260238
280040
270275
250277
220730
320543
320377
250227
270266
300568
360645
220322
230335
360414
240104
230277
230505
220589
260077
270195
320779
230255
320332
320686
260226
220374
361118
290166
330638
290090
220131
270132
240035
310033
330105
260033
230351
321049
220869
361407
210493
290078
210305
320297
280083
250339
300588
300245
350154
310149
330414
300440
320805
360329
330182
240444
220691
321103
350403
320802
320786
361320
221042
361155
270513
320926
320056
230158
230405
221132
260159
350279
360409
300493
220750
360679
280052
300257
320897
280049
320238
320399
310304
310239
330519
321033
260096
310059
220103
210250
220400
361222
321093
330606
320927
260186
230432
350148
300564
330060
360184
300447
361499
230156
300395
320519
270220
320912
250302
220932
290165
290122
310221
270238
230204
230157
220383
230173
220155
360334
220130
260318
230304
330201
230164
330577
320389
250041
210185
350248
240302
210426
240019
350369
210472
230525
230022
240375
300240
310103
280041
320290
360977
321015
270391
320277
361073
361293
260249
360388
310095
310201
361474
350373
230221
240399
360547
270380
330314
270098
361141
230413
230063
250376
210103
330216
320054
330523
221027
360479
360564
310119
361235
360969
230246
240245
320885
280078
361189
260265
300510
360821
360053
300499
361642
250364
250161
220982
320838
310185
290010
230070
210330
361774
230313
360174
230521
221026
220114
320253
360662
361163
360086
350056
361616
280001
210404
361581
361633
320721
240403
270271
361817
360704
220639
350325
220492
270435
230451
230484
360092
221326
360457
350122
220394
260357
360439
230262
330684
330126
230072
280139
220653
230139
260295
221180
321013
360455
240058
221279
350081
220769
350434
220603
220079
360221
220073
330148
330522
360450
220024
350284
260175
320077
350382
300319
320826
330704
330706
330002
320359
361908
230436
361740
220954
220811
260267
330360
230057
330729
280145
250092
330435
380017
320840
361484
220911
361664
361246
240198
220197
270174
320454
310026
330363
270149
240377
330186
290174
361395
280034
250305
320145
250346
360030
360720
361618
220661
360984
320977
220195
320365
361032
220145
210310
320958
220905
320466
250050
360764
360459
361758
280106
250338
361912
350414
250356
220868
220925
220431
230442
210365
270202
230047
300514
210491
210397
210302
210347
310203
320485
230348
320636
320944
330259
310276
320604
330155
230119
320396
260097
210013
250341
361053
270304
321005
230133
361828
330515
220241
220269
320986
221394
360428
360572
320668
220422
330514
350253
320893
330130
240064
210450
230141
250109
320980
360727
230467
221101
360488
361218
330415
320517
280180
300445
361551
280226
221272
260193
280087
330181
210374
361396
360510
360441
300486
221410
360537
321076
350013
270465
300131
361446
220401
300384
270206
320373
221409
320462
270488
320463
361632
360153
361080
300082
330123
360253
280105
361341
270361
360502
250306
280203
360694
230009
330727
320661
260151
220147
210237
321086
380032
221364
361436
330261
220881
320492
230317
240323
360904
210186
221014
361978
221315
240049
220040
240384
330464
210395
240401
290145
320379
320097
361937
330602
240395
361187
270231
221190
320940
360617
220692
210227
280115
361730
350043
300404
300076
361144
260087
360028
320130
220918
300358
240162
220415
361488
350399
300121
360323
210109
290105
320608
220112
330268
320854
350277
300141
270272
230332
300512
360470
361068
320364
220259
361920
350183
320410
360412
220579
361127
220351
220759
260332
210135
240342
230162
350443
220172
270104
361143
270449
310286
361295
300189
350108
221294
230046
320737
360138
280069
330649
320576
361649
350404
300273
230291
360817
330718
220032
361742
361455
310279
300011
220312
360104
330608
260114
220369
300531
230215
361470
210180
210176
221286
240329
260123
320743
220092
361128
280019
220081
361552
330120
361052
221173
220407
220176
220416
350109
320761
360031
240183
361738
321063
350208
360823
290131
270441
330011
330408
320016
220827
210005
230341
250037
220681
300413
321006
230531
210001
220650
320860
361948
220373
330156
310020
290049
230439
210346
361749
361354
320296
350401
361531
330542
360135
330671
320513
220192
220685
221133
361485
320707
220461
240369
220934
361557
230016
250398
221261
350150
350179
220049
270443
350424
360198
321034
360170
300122
361596
360710
330276
360657
240083
290028
220023
221378
230152
320040
361544
210466
320401
260117
250141
240374
361268
330371
310265
320872
360536
240055
300106
240318
300583
360632
280189
290004
230485
361892
220363
360021
220054
320372
360203
361721
220313
360420
310222
360403
300110
360167
360386
320105
330674
361089
310204
360614
280200
270024
300392
260188
250358
320418
361212
330146
361108
330158
250058
361907
220295
230450
280059
320477
350487
250409
330451
320084
270437
270337
350355
320283
360392
220727
360797
220511
230293
220456
220125
210351
300092
320924
250020
221322
320111
220735
320141
350313
350031
350371
220223
220296
250117
320810
361271
280192
360325
210410
300124
320128
360578
240451
220037
221070
221166
220847
220227
221097
270481
330469
221088
210192
240071
380020
300017
360193
360010
361502
360389
350028
260317
320585
270011
350242
220788
221146
321002
250128
300439
310070
220596
330530
220912
230128
221375
310250
290098
221137
300172
210049
330065
320548
220752
240096
361807
320293
350432
260335
300156
310210
300556
220897
300314
330180
360718
230230
330713
210382
330676
361827
290021
220561
260085
320997
230379
250079
250405
320487
310227
240387
230441
360339
230328
250254
220880
361346
330633
220391
361367
330695
220946
320216
230401
290036
270243
230109
220180
330680
220408
361137
240303
361555
330421
330032
320103
300596
221140
330639
320313
330309
360834
240429
220630
300328
260236
330323
361110
270142
361775
280077
361232
320295
270224
310111
240121
220539
220226
210391
360255
210009
360624
330418
221403
220451
320390
360040
220379
320864
240180
361951
360941
270006
300505
320920
210031
220872
330583
360210
290160
360512
230353
240411
220935
350197
320474
320538
220870
221195
270156
300192
361234
310161
321031
220791
320831
300224
361821
250173
360647
240408
220636
361583
360101
221136
270518
350330
330263
360246
230438
310068
320331
230095
240115
250238
300430
270166
361626
240031
321025
320526
270508
320960
270252
270325
320610
260142
220723
220888
221126
361910
280229
250071
220768
320092
320015
360994
320407
221103
350042
330298
250214
330145
300144
350308
330518
310013
310058
230056
310282
240078
250350
260234
361755
361309
280182
220050
320318
270339
220236
361809
350478
320378
330492
330655
361445
350268
350187
220258
270485
360550
360570
310196
230222
221120
350439
250300
300412
221082
350376
360517
320717
360698
360132
360211
361076
320184
300457
250170
210014
320284
320154
320877
361822
240388
360757
330109
350184
220902
360052
360956
220518
320628
321083
360011
280072
350078
250080
360751
360544
360124
350088
360191
210002
220210
230023
320415
300338
250362
360905
360146
300013
280018
250244
361635
221438
230021
220514
300256
360862
290173
210247
350010
280185
361051
300461
320952
220733
360546
220509
361530
250007
380013
221424
361745
270256
221051
240337
360131
220607
221087
220994
250150
250269
350258
210313
330056
280008
290146
221044
221309
210318
230182
330059
330051
360748
220754
320766
361237
360093
320741
320739
330367
210023
240225
220437
320012
361348
290085
280201
330731
240430
240177
361133
210032
360962
240300
320132
361562
240197
361402
330653
260291
230190
250399
240336
240040
250301
360107
260352
320183
250249
220664
360552
240434
210245
240012
361524
320789
320676
300454
300332
230131
320572
250091
320470
320251
350240
360192
361301
300341
310147
280027
360100
221380
321021
350217
320190
240259
270020
220831
321065
320414
350341
221269
250115
260075
310032
221199
221054
360501
320752
210168
220406
330374
320095
290126
330161
310075
300182
360029
330681
280060
260156
310174
330622
210483
221102
240131
270519
320064
220328
220649
320812
361653
350060
250331
220193
361020
360659
361637
320672
330506
360876
320273
320816
300406
250155
280212
220662
320573
361192
210206
350236
270255
320231
320478
221202
250099
280066
240416
361205
330326
300270
300469
220701
220261
260107
330104
360064
310102
321101
290171
360433
321107
361191
250023
320045
221428
230434
220804
250393
310309
350066
270332
321020
360851
220031
290017
360237
230443
260135
361685
210046
321016
270280
320880
330736
350249
210189
330187
360049
240112
220797
220580
320270
260271
350151
230543
330224
220564
320241
220204
250072
260098
230472
220494
260006
270312
350338
220016
360292
240327
240014
320323
320123
260063
260258
221001
360230
330587
360333
250011
280016
330626
270392
361483
320530
240453
330107
320899
270453
290133
360594
240004
250375
220262
321095
250016
350077
230205
310261
250294
221366
221406
260032
210050
230279
310017
320740
220308
220915
250400
221422
320928
220903
380011
221276
290150
310237
260278
260185
221407
361695
240275
240063
260292
230545
260334
240130
220919
210494
320648
320706
210242
220246
220704
290132
300471
361513
300399
220284
270381
361870
300077
270200
220471
240189
240456
361355
360209
220898
361777
320308
360943
260164
300155
220695
321079
230251
220123
220533
320529
361181
361819
250264
270464
230305
360848
300159
250248
360877
361982
220686
220393
260046
361457
330176
300369
380015
361922
221301
300336
360187
230501
210402
220217
290044
270058
240344
330135
270081
361876
270090
360401
361063
300348
320107
361039
230354
210375
210409
361160
300528
330728
260289
350072
210120
220979
320322
230253
330431
330618
310155
350259
360850
360652
350244
330072
320009
270445
330021
230015
310301
330213
360477
310039
310148
361489
221006
220381
250067
361574
361337
361130
240393
220507
270009
220983
330172
320352
240227
290046
220874
320099
240173
310123
240406
220517
220121
361011
300458
330229
330604
270068
360681
320850
280216
300154
220342
210488
350125
210263
320405
260269
330284
220398
210385
360690
360130
220647
361177
220798
210239
230034
300251
210438
361617
360767
360555
270109
221055
270268
350041
230456
240117
300382
210277
320271
360769
330437
320632
320699
300255
220610
320259
320887
270406
250154
360359
310195
360264
330557
330601
361091
280159
361477
210394
360965
220640
320381
220426
360680
250387
250327
221163
250205
350186
360034
361119
360689
320888
221353
221369
360744
361449
221236
361590
280095
360453
350415
320504
220598
220508
361328
210219
270262
320875
330241
310298
300030
350472
220884
230265
210035
330293
320328
220232
210152
320256
361863
210007
270452
260221
320249
330576
290032
360313
361173
260204
310056
360129
300350
320058
230538
300111
270273
320701
300318
230165
350484
320452
360418
300578
361655
220163
300593
361609
360992
361288
360939
350201
360542
221112
300243
250056
221268
310043
220624
230167
360655
221017
360137
310168
220248
300361
210234
360900
360635
300005
360585
320393
300550
360482
361259
300411
270313
360530
360017
361064
320835
260073
230518
330337
220939
361656
320206
350079
270510
300420
270066
350022
310272
240142
310137
260003
360400
230527
300443
220303
220843
360881
310211
360579
320483
361135
361421
320710
320682
220541
230118
221003
210490
260341
290065
310126
230513
230297
270160
260363
270025
360695
360970
250032
361517
300164
320640
320800
320317
321088
350320
350445
270140
350100
221113
320192
330098
270108
260072
210241
321075
270494
220988
360820
221161
220243
330416
220540
360462
360487
300485
230189
300063
361659
361207
270404
321024
350124
280135
360275
310135
360484
310042
361255
230342
270478
330409
221347
270050
360020
210336
250319
210470
280209
360347
330209
320489
321077
240070
220547
360886
330369
240321
210216
230209
270194
260056
220502
361440
220368
220414
220429
321082
361979
221100
250175
361321
221186
240283
320715
300357
320776
270005
320503
320989
380025
230488
300225
361036
250309
210145
320136
350069
270095
360099
360143
280097
310177
220019
260044
230091
360794
360763
230544
360212
220417
220762
320303
360829
220961
250386
320310
300552
220030
220497
361672
360117
300490
330197
310082
220513
360936
360357
350405
320429
220987
360377
210354
310053
320809
220453
290140
230113
221047
350015
361643
250153
320871
221273
361325
360278
300557
330254
321098
280013
250076
250013
230529
361674
330673
240299
210010
350178
330167
360589
330260
260051
220105
250075
290053
330592
260145
220005
320193
330275
361312
270230
320142
360022
250166
210252
361767
320783
240306
260022
330205
360202
361780
220485
230263
361375
280194
220790
300272
240455
330110
350227
300567
361188
361098
320121
361456
221117
300344
360611
260169
220602
300465
320929
220936
210121
210132
330509
260116
361709
320380
360522
210406
320087
220789
361911
361739
220521
361208
221201
310245
361347
250412
250014
330631
360890
320868
250197
221412
230137
361005
220478
320723
360473
240296
210240
220397
221008
210358
320811
220659
300446
270114
361743
350358
361424
320615
240218
310049
220233
300241
360172
210160
320653
290102
361597
320026
360478
221036
230453
250229
320951
240222
220680
361138
360317
260070
280015
360113
330037
350372
250146
330131
330726
300214
320670
320624
320153
361658
360063
300226
320336
220609
220314
310092
361722
360773
230207
320080
321012
330244
250152
330004
360988
320182
360869
250158
361903
220738
250335
360082
300014
360190
230160
240256
210332
240312
321050
310084
320464
230394
330720
350195
290076
210025
250182
250267
230166
300464
300597
321100
260242
320863
380010
300579
330319
360250
320327
300374
210070
270480
220621
320655
361679
260259
330280
240286
360958
220717
361362
240205
361327
230144
270432
320288
330597
330099
320091
320564
321099
361107
210085
360726
270212
230537
350381
210498
361678
361644
330610
360116
260263
360716
320236
361450
300032
350264
350104
210430
240436
240085
290163
330533
300541
300436
220629
230462
320225
350410
320918
320195
330303
310133
280183
230440
230038
230044
361326
290095
300095
260361
260150
220670
360065
350441
360818
260270
320622
360048
300246
330233
360474
260002
300209
360859
330014
221328
361024
250077
380004
330503
230214
310134
361714
221219
361444
350366
230338
210140
300463
250218
330554
360141
221251
220323
220765
300217
250342
240360
321044
330357
300276
350016
270038
320088
260312
310234
270111
220122
210258
361283
350265
210167
260162
290121
361340
230052
210496
300060
250311
320734
221316
210003
250044
361858
300145
361333
360921
360004
220272
361323
220462
220444
270204
220556
240371
270509
360788
320019
360580
321106
230539
240226
220156
230059
220277
320395
361602
361112
220622
321048
270128
350132
230385
320351
320528
300098
221307
330062
320157
230053
210086
350243
310093
230122
360759
360902
250147
210272
350293
221143
320589
361684
350331
320906
330069
330294
361568
350461
250105
350473
361988
230357
361090
360157
230168
250318
230420
250210
360108
221323
260160
321102
360050
290168
360233
210129
300029
240409
240418
300015
250134
330310
280217
230075
220592
230226
270092
361429
350026
300334
320031
220332
210184
230062
210222
250030
220567
280119
300061
220666
361251
210405
220436
360494
270146
221005
220310
220627
361359
320140
361512
240241
320383
361779
330470
310060
361980
360125
360027
221331
220361
361104
230126
310194
220910
210451
361757
360843
320344
300367
360068
320506
230524
360302
360322
220446
270421
220652
360598
300133
310317
250273
220620
310062
240446
230236
320430
361630
210200
310271
300065
350471
361465
300337
260272
220008
361554
270100
220215
350241
361257
320597
320104
310178
360360
320066
361142
220736
290118
330691
270007
361174
300388
360533
210073
320621
221125
360541
310262
230219
210424
270460
280098
360188
220835
310180
320678
350210
361095
320650
250054
361302
250160
360177
350157
230197
300386
221214
330634
361650
270386
320078
360901
310278
320210
320744
310129
330162
240190
380029
310232
220726
270093
310269
330278
220382
220057
330716
240093
300390
300365
270411
320796
360492
320194
260176
221169
240090
330341
220953
250283
230035
230411
270052
360383
361126
230533
220991
210339
290031
250172
220795
260163
360717
300163
240204
210373
361082
260301
220396
320998
300519
300221
361797
320662
221040
361373
240123
230375
240043
350230
300169
230404
360743
300120
320207
330373
361640
321054
221189
350289
330266
361888
320070
221308
320866
360287
350459
220877
220202
240380
350438
330177
320973
221011
270197
221385
360737
361687
210422
220654
320677
361867
300059
240170
300377
240421
210156
221334
361799
360119
330703
350084
221067
250055
220836
330410
310260
330585
221274
360468
220150
230431
221174
280218
361083
220825
361683
280179
270030
330077
221284
361244
320720
270428
260282
320901
350185
360918
240009
360766
270227
300524
210147
220586
300036
220468
220608
220078
350083
320788
310257
290033
221025
220882
220575
361170
250017
330465
230493
361410
310003
240452
310297
310199
270309
280220
240016
360914
360406
220127
210500
330191
361939
330394
290137
360178
230515
260196
240264
361545
360852
270446
220029
330301
290190
300584
361171
230504
330027
360722
361193
360520
221119
230143
220372
250171
220307
220576
360307
220775
221138
230235
361000
221081
350294
230018
250372
210479
360266
220943
360009
210201
320158
210296
280036
360957
240006
210266
210393
320151
230410
260303
361883
361572
210377
330528
360538
280170
330493
310308
250374
290107
300042
230079
300539
260260
361791
310316
221084
320965
240363
220947
240191
220515
220288
210006
330617
300525
361620
270408
220570
220089
330159
350135
220712
300253
320279
310270
350162
270258
250343
220948
220756
250252
360667
220238
250392
250069
210489
240313
360832
240271
220837
220224
220807
270198
350274
320759
221297
300216
270344
220975
300238
270455
361862
350351
330675
220282
250241
360610
300139
240405
280003
210076
330203
360248
230319
220206
361331
320593
260078
260068
240438
361529
361792
350032
260048
300097
300026
310292
300062
380001
310170
360749
360407
330170
220388
221129
350419
290008
330499
320229
330071
220780
330419
320059
260195
300028
230175
290048
360199
221311
360882
220706
220062
320017
330511
230036
220945
330512
240419
320886
350488
220001
330031
210300
360548
280181
361594
221299
230073
361149
361599
320143
361086
320534
220974
350141
260081
220128
240185
230261
360599
330339
361735
320728
270515
360540
260174
350131
320946
330377
360938
270151
250179
230089
360812
210495
320355
250108
310259
360919
220890
361176
270085
360430
361652
320856
250137
230371
230514
220011
330590
221074
270103
230140
360991
280111
220591
230026
300127
210321
221229
221235
220184
250221
220469
270078
300297
220278
210301
310176
300054
310241
250275
300570
221124
280129
330461
330348
210027
300135
290170
220783
350194
210217
240076
250230
310153
320558
240261
350375
361772
330632
360293
230088
250323
320773
240292
350483
221433
230245
280042
310052
320404
270430
220330
270138
361497
260224
250253
360399
350470
360156
250034
320039
280156
300167
360057
220688
320387
240447
300207
220118
210229
210074
300047
330734
220997
361262
270327
270067
360445
310080
221220
361894
360577
320521
330391
220334
220962
310072
320050
330085
361612
250093
320626
230041
220196
250003
360436
210388
250098
320311
230272
280046
320849
361680
221183
361646
350474
360480
210334
320675
221167
221024
220093
361706
220268
361569
300581
280227
330535
230134
320254
361376
310010
360268
250228
250018
221250
350386
240018
320523
260052
220455
310216
360535
360235
260184
260074
320020
320778
221184
280024
300576
310002
330484
361230
360458
220879
300228
260065
360243
220808
220014
330747
300378
360712
270027
361211
230507
300198
240340
320468
360778
260323
320499
250142
360800
310202
240310
221367
330080
210348
350012
320758
360493
330147
330712
360018
300429
230082
230374
210036
250332
320419
360276
360915
270512
350139
350136
230186
240145
220678
310190
230108
220201
361019
270251
220326
320869
360601
320514
220845
221390
330243
240234
270301
320814
361087
320774
270101
310314
270378
320215
330022
270363
260277
260050
220179
280173
210367
260209
320975
240359
300482
350237
240328
360491
240111
230483
220058
260110
350392
270154
230356
361548
320565
220637
260084
361413
361388
320695
210175
220617
210447
350389
310233
361140
320212
240423
210092
360916
350368
290084
320218
360503
361561
330206
240047
360959
320004
320979
330572
360894
260136
230366
300360
300020
361017
221135
360232
320688
260167
270188
310283
230092
360646
320437
361558
330619
210078
230470
361383
320168
361516
361520
310215
320458
220899
220815
330112
360126
300055
280162
220957
360846
250139
290079
360835
300590
290051
250411
361125
350397
361041
330412
210284
270328
360197
320757
330677
360385
220486
320547
300252
220871
300587
221249
330741
360239
300149
270239
350126
260125
221192
360534
250287
220739
230084
270105
230326
221033
361501
360424
360935
361299
300401
300316
270099
330651
330136
260157
360815
250004
321058
260233
300035
270362
360244
350090
330247
360498
220088
280152
270064
280104
250232
240317
350008
220157
310197
330460
300444
361007
230090
220966
210101
360740
220989
330127
280184
250296
360218
361439
210415
221028
310236
220699
260288
230184
220066
240020
361067
300027
361647
221320
240229
360931
361339
300280
330125
361117
350235
320772
320246
290152
310254
250292
330546
360272
221046
360563
270110
310163
250022
320934
270282
220715
300022
210462
320289
330660
320847
221342
361074
220038
210224
320171
360745
361760
221345
310071
360621
330738
350429
221231
220632
221198
310139
361676
320274
361078
361164
330378
320339
361398
300166
320148
221098
240028
221078
360587
330382
220447
360889
240182
361158
330151
220978
220035
300553
360437
360911
300016
210327
230295
320166
230100
250012
361794
220378
230298
250397
240084
360505
320431
300249
320139
220766
310235
360001
330563
361657
330548
240046
320961
360435
221152
260100
230229
321087
361417
320620
310073
210066
221139
220048
320771
361718
250265
220218
221200
361804
230151
220190
210456
320637
361228
270178
350319
300083
250031
230188
320319
320765
330204
230447
320222
310189
320065
230274
361801
361002
361726
330352
250401
260059
360147
361690
300533
270003
210292
230303
320027
320018
230276
250019
350413
360688
360907
361241
260055
221012
210273
321078
270086
320438
360705
230359
220160
360553
350097
330625
380026
220428
250280
360951
260281
220142
210238
361688
361317
310219
210124
310179
330570
220531
360926
220207
360149
240441
270028
361719
230409
361669
320221
320745
210344
310021
330686
361214
330115
360665
250256
220053
250389
330012
210286
250066
250063
220022
220286
250036
260261
360802
290120
310028
361897
240391
361746
220551
210163
320718
361880
320244
361527
220220
220878
310238
220270
220673
310182
330200
361711
361803
310225
221048
250053
310172
240164
270054
270444
361947
310101
320851
270163
360810
320484
330748
280224
290161
250365
300433
360404
330288
221058
330252
220742
270143
361838
350087
320117
361374
260350
260014
240082
310001
230489
221110
230045
361356
310255
280038
210341
300024
361567
361097
250251
250353
300033
320169
250145
210093
330064
210146
310128
220175
250064
210148
360526
240073
240156
320539
220929
330122
361795
320178
361284
240458
300129
280187
330413
220656
320159
300108
300064
300235
360531
330466
221156
220084
230437
230051
320839
270469
320346
210188
361161
290007
360758
350205
320306
221106
361267
210431
350164
260326
230096
320267
270171
210069
320165
361613
310122
240080
360836
361578
360795
300277
280113
220219
210026
280033
360393
320116
320106
330267
260239
310315
310055
230429
300363
300566
270055
210178
230327
361111
360148
220294
350490
360849
290183
220858
330404
361238
360735
310229
320865
270235
300301
361852
300555
220529
250291
361710
210125
360390
361508
350363
250176
361233
300068
330732
360337
300107
210021
230224
230427
270290
310012
240036
220856
360860
280067
221196
270088
360054
220018
210360
240252
280088
360274
250270
220894
320777
210315
360012
320205
320948
220926
270461
210429
330475
280044
361733
270207
230218
360586
221402
240127
220542
360543
361303
220026
220365
330302
330714
230225
330295
330558
350448
230105
360920
361798
220696
220732
360062
250163
240440
360486
310209
220967
360707
280174
290058
361981
221285
270152
210306
350317
320090
280176
220792
320853
330423
320532
220491
360489
240103
360142
240154
280054
350138
360460
330073
350181
360790
360887
270232
270181
361166
221270
361225
221344
361547
250366
330166
361042
361379
280196
220358
300304
350153
300591
361157
350251
221016
290055
361645
380006
220039
260066
270189
360106
360259
360179
361368
220203
280028
210380
361698
221094
220940
361175
230321
230187
210474
220474
350497
260015
220590
361634
280230
360560
240230
270475
230037
221255
350123
230281
360661
220124
361150
290184
360380
361595
361756
320260
360504
320199
210207
330751
330644
300081
221123
330700
330529
361294
230528
330320
330657
300103
361046
360856
361265
320828
250378
260227
360419
270307
361198
330193
360429
360752
230541
290180
320612
350288
220546
320955
360071
220167
310031
270135
361364
361027
330683
270496
361334
260214
320891
320714
360402
210448
240382
320233
361471
230002
350140
250199
320996
350339
270261
220260
250061
260241
260154
350495
220682
270077
330090
250026
361717
260231
270119
260276
220611
350228
230498
280071
321066
270371
210396
350167
210464
321043
221193
360562
230448
270472
320908
280197
260213
361614
220404
220854
361115
320343
260223
320836
361040
290026
360779
220955
220067
320667
310287
250388
350494
210370
350343
221037
320124
250272
350114
330221
350165
330502
360296
361802
361487
320708
350406
321090
230403
320590
320730
270355
210328
220569
320029
210187
221262
330008
361060
320360
250223
250413
300300
300565
320509
290100
360885
260091
250310
360649
240372
320692
270173
330173
361692
230017
320616
360521
250333
361942
250029
220493
230384
361736
250196
210362
310157
240041
330070
361623
210095
350321
310273
350305
240415
330168
361837
360019
361515
360340
330454
310036
310048
210366
330255
320775
320330
280207
230449
210040
361621
330485
210018
220826
330251
220821
230216
361194
360227
230155
330317
221277
240345
230478
220806
270041
361351
350420
361403
360395
360081
330524
361800
210134
360625
300426
230238
270118
250203
320594
220876
350018
360556
360434
361179
250188
320634
250010
300417
361206
330045
330354
230299
210269
220635
221398
320046
360573
270427
210116
361964
320152
250395
270180
300175
360583
220813
330013
300265
361272
361260
361855
310240
240098
270026
320386
350380
360631
361584
320497
260296
310188
361482
290016
310007
240242
220245
330501
210460
330356
310099
330366
300586
270414
300213
230477
350209
230201
210368
361831
260198
320945
221233
250181
210343
230306
360226
320446
280006
210096
361479
280029
220106
360251
250239
260126
230339
270368
280199
310141
361744
361519
221131
360669
320680
360454
320082
210461
270284
300140
230307
361921
260062
220710
290014
320804
310105
360238
380002
320127
250122
380007
230011
310214
221242
220708
210220
350356
240354
361021
361631
361047
330328
260179
360595
361636
350050
220571
221432
310159
220816
220634
360660
361154
210236
360651
360381
360506
361579
320921
240161
290139
240307
250326
250126
250110
210138
290141
320350
360442
360633
361015
361452
350202
300303
260041
250313
310034
320309
350454
361818
361625
320848
220472
220171
210028
360361
330009
270089
320232
320053
330722
300544
230163
240255
360102
220309
320511
320843
330432
310066
250001
220763
250104
220773
220523
250081
350216
230368
310218
320587
270169
260344
330290
310228
270349
240088
210055
360451
330553
210249
321052
250177
240305
350398
360078
300051
360682
361240
270179
280136
350118
350229
240347
260021
260112
220538
210161
361915
300308
210276
220921
310047
240037
330447
360588
300268
310173
210215
320201
260013
320150
240124
320684
250377
330710
230066
260061
230049
260342
250215
280142
220711
330376
250321
350409
330312
280020
320412
210149
220863
240137
240186
350233
300456
290124
330733
310152
361280
360937
300002
300183
320545
220787
240279
220667
210253
220289
360792
320685
330289
361048
320599
230142
310131
290129
221095
220587
250047
220247
270247
320555
320209
290151
361254
220972
361165
361825
360367
240207
320006
361881
360866
290162
350480
220222
361377
320298
360567
361601
320432
270062
310156
221263
300372
360358
360163
221397
260299
270079
350479
361737
300589
260076
240059
350173
330646
260235
360529
320867
220090
250262
320790
220777
220410
280050
300177
360791
350057
361239
320794
320262
300529
250237
221429
361983
220341
360160
320882
361675
320475
350442
210225
230446
230522
330477
330697
270425
260340
300575
270122
330208
210293
221114
260095
210062
210127
360592
321080
220413
361670
230492
330025
330239
220642
330623
321037
260316
361716
360410
280175
220004
330434
230508
210467
350128
220892
361307
320609
230069
260219
320793
360906
360840
220480
221355
270015
320208
361666
250192
361694
260039
320420
220449
361816
270183
220357
210123
290156
220348
330555
300069
320516
320910
360925
330483
300574
360370
320567
240146
260064
270047
360201
360557
330150
310145
360097
360967
320537
350447
220996
220793
360291
230050
280055
360896
270491
330685
330101
361786
230078
360158
250307
361660
320978
360628
221111
330305
220273
210107
230430
330253
361754
240193
220107
270010
210068
321071
361507
320813
320436
360953
220367
250113
230170
210232
260089
221387
230360
300402
270117
360828
280080
250354
220690
320645
320096
220076
240181
330707
230060
350054
210063
220981
210094
221121
260166
330300
220757
330042
220604
310006
220971
220734
221059
361525
320552
360912
270048
240244
220359
350091
220141
361476
220051
250408
240253
321096
240270
250148
361352
361849
320520
300045
361094
221118
350121
221076
270426
361266
221176
230031
361697
220205
361026
320751
361072
360976
300507
360421
360308
210259
361145
220512
230373
300479
240348
270203
250088
260165
320894
330396
361586
320413
320878
320797
220545
240079
360194
330227
361414
230266
360225
270043
221151
310136
360465
310094
350206
230117
210246
220487
250174
250233
270499
220442
270450
320423
210468
300185
350222
210194
210113
220904
350491
360466
270265
220353
221187
300196
250025
210179
250382
320577
330257
250103
330279
220061
361147
350357
361361
210131
310305
330046
210230
220814
320606
260143
320388
361600
220740
220505
320275
330003
320170
240215
360355
260194
290149
320093
300562
321000
220434
230282
350006
210295
320302
360664
300048
220743
350352
220364
280146
220941
220438
210150
270292
240138
250213
270147
360801
361056
250261
330582
300407
300279
300549
330721
320329
361330
361316
270283
250274
361851
220166
220311
240335
221310
320203
221034
300387
310146
320704
270069
361832
210361
360258
361404
220170
361796
300580
210209
350001
270318
320729
330578
270400
250073
280084
250234
320421
361954
360423
320224
350146
210338
360990
360730
230234
260322
330355
240125
260314
300248
330307
270193
360067
350499
360903
300356
321108
310151
330445
280116
360072
320120
320243
361952
280122
330398
360528
250074
330038
321091
310045
270267
250396
350350
300176
220770
220095
361059
361771
220256
330448
210319
320834
360604
250048
221038
300403
360408
230376
300416
221300
270372
220144
270457
350040
270176
260201
250240
300526
361784
210137
230001
210325
320465
320829
260293
270317
310285
270057
220725
250190
361728
350166
221177
310296
330250
220292
360343
210309
290135
320444
260203
320525
361292
221157
360094
221053
230526
210265
330093
230476
221218
230486
290110
330178
360033
210051
210407
221224
221333
221324
320914
221281
230358
300090
221327
330271
320240
260300
220056
270370
330385
250260
350193
230104
250090
330063
320479
330340
330650
361159
320112
210282
220064
330017
270037
280062
361503
360416
270502
210151
221092
280151
320072
330019
260181
220333
270477
361426
320033
290167
250097
360532
350159
280164
270329
310023
330075
280002
230097
320785
320335
270366
330424
350030
230239
320069
310295
260172
220164
240051
361102
360765
210061
230421
320118
221418
350333
270248
300459
361859
220484
350262
330207
321073
361766
240172
361009
300299
290054
240346
300147
361793
220900
361391
320455
221376
220025
320353
220448
220645
260290
360998
360868
320061
320512
220702
320651
230199
330429
361872
270393
240266
230127
290155
290056
230331
360066
210437
250293
310192
270291
350346
320196
260071
210214
300561
361857
361619
361750
360966
220668
330538
300521
250180
330474
360346
321040
220250
230033
360641
360721
220500
360155
270172
300261
270049
320345
360277
320060
220376
330052
330544
361523
280191
221411
350423
250049
320230
361662
350156
210492
240141
361705
360699
270369
320022
220148
240081
210453
240011
361178
320011
320185
210079
300078
210038
221203
310078
270504
230542
260042
360114
220942
210411
360545
230198
360249
320321
360464
240233
361627
320037
240249
320366
350272
240178
210202
361131
230125
350270
270288
220614
360799
360262
320133
320605
350260
350433
350296
360496
360626
250407
250325
320618
350247
300202
220669
361437
210181
300405
360867
330350
300383
361256
220253
260257
220371
290018
250402
240231
220672
210177
350388
330190
221352
230423
361785
330510
350117
220346
300345
210170
221351
361848
350256
330652
320071
220923
220713
361342
220420
320342
350046
330044
320827
350234
270270
330315
240260
270346
300496
300423
221325
250198
360213
360878
260283
360269
270242
230058
320954
360582
320406
360872
310277
220370
320023
210274
280190
360999
250295
330636
220087
310302
221023
360032
320671
220280
300101
270082
220951
360154
360261
270439
361539
361409
330171
240107
360804
270396
320036
240034
280108
360231
260315
300271
220432
230161
240365
350412
320234
361909
260268
361732
300254
360123
210314
330184
210434
220133
220594
360908
300161
330459
290114
220812
360924
290034
330335
360642
220705
250039
330043
360995
230237
230267
260256
220161
360118
210421
350245
360234
361431
290189
360284
260225
310038
250337
280166
360685
350029
300563
360301
221032
220867
210425
220729
360738
220599
320114
300379
320473
220325
300184
270438
250390
360449
220852
350111
220306
360200
300218
240056
220865
361713
330143
220818
320907
290037
220477
220300
361536
310083
220137
230081
320614
220933
220411
221057
230417
270474
280147
300199
330581
320508
250193
330438
320592
361534
220003
220758
300285
300592
270507
310181
240431
280075
240072
221354
270126
250245
240196
360182
300410
360411
240087
330603
350407
260328
210108
240263
250363
260298
240065
310100
221425
230014
220976
220177
240361
360619
310154
361022
300398
360934
260069
260019
240025
270187
361808
330462
220430
360136
221204
230511
310016
350393
350171
220007
280169
360365
210482
220301
270051
210097
320179
360298
320126
270112
360516
320990
350362
320403
230546
270269
240442
240325
221339
300258
280070
220970
260199
240210
210057
210174
310300
360612
230271
361776
310019
320265
221254
230241
361868
230435
210089
221062
360205
320257
210243
310118
230085
330084
320268
310046
320362
221164
300162
330262
350444
320333
210065
361899
350437
320172
220855
260207
220117
320939
320044
361411
280232
360750
260243
320930
210323
361030
270319
220859
350309
210442
210157
270352
360448
260109
260083
361505
320261
330249
360782
360961
330188
260148
230460
350232
320870
320094
230065
361887
210303
330102
361322
310011
280222
220387
361296
280188
220886
330525
210106
270468
361012
321069
361319
360109
220266
360989
361066
260027
320895
280118
220228
361878
360338
270431
360282
310183
360731
350384
360471
270210
320263
220293
240450
270300
221343
360297
280154
270046
310230
300577
330299
230288
330067
220860
350203
210324
320760
230387
320024
260067
230212
300067
310208
220083
300229
210289
210476
320493
240015
220199
300540
361846
350436
220885
361604
220096
260129
210043
250009
230283
320100
320702
230111
250140
300393
220963
330005
260331
350500
361401
210335
240176
360217
300523
290177
360446
280150
230509
320442
361877
320656
240159
210481
250367
360771
280231
300293
240232
260304
220212
240420
220473
350273
361387
260302
350322
350312
300441
270403
330359
360947
350168
330347
280031
270342
221158
360523
350064
230322
360854
220999
270245
350221
220944
360875
360930
360674
250394
290001
270205
350047
320109
320630
290062
230200
360150
210208
300012
300148
361904
360576
250403
360559
240301
350200
361349
250159
220785
270115
360845
320258
361592
330040
270056
360280
300010
361079
361057
210041
320541
320876
270201
360151
260348
220194
220891
360447
240333
330559
380014
220094
320449
320991
220799
321003
360015
320337
280167
350035
350134
360069
221386
330095
270517
240007
220623
320326
320239
360229
361162
250347
221109
230364
320211
300415
360427
210279
330333
360677
360398
210199
350463
300044
360422
250068
230087
260016
360593
320603
361553
210386
290038
361210
361263
300066
260122
321036
220169
250138
321060
330643
230380
290144
220841
300075
290083
350257
210486
250383
361304
300052
300008
210414
360932
240334
361546
240002
220920
361624
270073
320784
350418
350498
360971
221373
260134
300483
360775
361167
220386
221349
361013
360781
320657
380008
230290
220718
330029
270074
360945
270448
230473
280101
380003
361406
360686
360975
361418
220848
350290
330699
270196
210443
361172
360074
320767
350427
230032
320754
221292
360003
360696
310307
230264
361369
360375
240368
240314
240033
330214
310088
350326
220198
220140
220916
360075
330605
330579
250169
310096
221283
210053
361768
320219
320601
220728
330296
260011
350261
280143
320903
350276
350287
330635
320101
260248
221391
210011
220675
310125
361221
360288
300267
300099
210281
260273
330334
260279
361958
320032
310089
350316
250027
230397
210390
250217
330472
350191
270364
361856
220070
320119
320561
330599
220638
360038
260355
361541
240069
300508
220339
361423
290039
280131
300343
360772
240267
220694
320440
320749
230192
220583
280168
220677
220335
270493
320582
360825
360312
361814
220906
361537
320307
360650
320428
350019
220042
361968
221423
220074
300038
330353
320922
280032
270159
290099
330740
361829
350175
350365
220120
260280
221265
290088
330111
230247
330426
250235
240228
320161
260024
220689
270471
320837
320083
350045
250095
300385
240206
361789
350431
330701
361571
260043
350278
361357
210012
361934
220091
320900
240351
260320
330388
260254
240151
230302
360972
270306
310290
250246
361120
360084
210294
221091
220360
240024
321017
361861
360608
350475
320687
320180
220559
220755
360013
320155
350286
240290
210413
360807
270158
330754
320591
221295
360330
320762
361480
360568
300053
230452
350036
210084
350435
221290
300305
221004
330058
280051
320941
310054
360837
310169
230077
221099
210427
260266
350336
300208
320588
330561
221361
220392
221165
220419
320341
230136
210322
361895
270063
310299
220355
300278
280091
210251
270216
320013
310284
350486
361509
320583
230469
350052
330030
300428
360270
260230
250164
320698
350093
230355
361249
270199
210271
220421
361458
221185
210190
360746
221435
330517
330144
320861
260177
360384
280037
330006
250096
361823
360335
230502
220100
240044
300400
280121
220249
350007
220102
330041
230149
330411
240223
300222
330375
290060
221049
270357
221370
320338
210143
221330
250112
220875
321084
361116
270294
221130
220443
330428
221437
270511
220724
320135
360986
221241
330338
320014
260161
250250
310275
230203
270454
361016
320434
230138
300190
280172
220805
380012
210130
240135
310090
250263
361468
330306
240247
220069
260140
270141
230213
220956
321061
360185
240066
330532
300274
330567
361224
220748
221107
320787
280022
290023
330648
221434
361028
330218
350214
360055
330117
210423
330745
270059
320627
330137
310213
250102
300142
361641
350383
240316
300132
360080
220578
300340
360294
270407
320574
220534
221240
210478
260240
360824
330397
250127
360181
350149
210081
360483
290185
320984
270463
270084
221415
290109
330705
361366
210182
361865
210389
360309
280057
330615
361245
230061
360985
310077
300381
220452
210345
300434
210072
221160
320324
300427
300158
361248
330573
320242
220839
320551
220524
230005
260253
360616
260189
360241
300425
280045
360463
220315
240355
360332
210485
321008
300534
360271
230179
330481
220850
300250
320646
221021
230466
361148
210463
360206
320992
230461
240008
320368
330230
220655
230252
220862
280193
320799
220354
220028
210099
300554
360974
220168
360923
350176
220522
230325
321022
280163
220146
320709
240171
240378
280021
330756
360254
250059
350095
320223
230178
260310
350224
300468
350075
220183
240158
361392
310107
240211
220439
221093
360061
330479
310158
320435
320841
360515
300091
360551
330389
361566
300408
280233
300569
240102
221312
360761
360240
250285
321014
210045
361905
320727
220440
250168
220071
320964
350096
270033
361360
210465
230512
330183
360946
250236
321026
240201
360196
250317
250247
220548
360342
350408
350255
220977
320320
220644
221413
330074
270295
320942
360808
360083
360281
320348
300204
221128
220027
360643
240153
300219
230195
250118
361841
330286
361593
330291
360841
300130
361506
320363
220316
360348
361430
320690
230124
220801
361987
330444
230280
260113
240086
360893
220427
220980
220526
240376
300500
310041
300173
220554
361442
210056
360103
361884
290104
320937
360304
300349
320950
220209
230377
210283
320938
260197
310085
360161
210060
330270
360928
350411
290081
220631
361400
260222
360774
360897
330399
210268
220700
221338
230340
240119
360973
361486
300050
260144
260171
220698
320048
210044
320481
270279
230414
300056
250131
240386
361759
220433
360615
250045
230064
320663
360816
250222
220459
270467
240332
361704
361202
270042
330552
360327
230412
220254
220458
230256
270330
361891
361432
280082
220200
330196
220998
250207
361860
350396
290003
210165
360144
220482
330495
210212
320808
361279
210082
260215
250368
221267
360793
320357
360554
220152
320522
360366
360734
360929
350327
290153
290077
221155
310266
380021
361603
220840
300460
321072
221280
330640
220320
250057
230146
270136
360290
330092
250202
320830
330195
240385
240288
220409
330513
230086
361033
361289
360128
230407
220290
330194
230389
330392
260210
270168
310212
230500
360864
330473
250370
330628
310224
220721
250194
230194
210223
360798
360175
360672
320204
270424
320134
220470
361559
250304
310243
270402
240067
300281
221079
360702
250189
290086
320411
360295
361099
350103
320711
300498
360785
210077
260211
361358
260264
330708
220577
300489
320226
360044
220126
270225
361611
330179
310138
270412
320570
330329
350348
361839
250257
270514
320845
360910
360857
321028
360056
361243
360260
360023
320002
321097
221368
270375
270302
210477
320746
360822
320747
320445
330500
350455
230007
320798
360883
310067
220985
350482
290043
330549
240381
300509
300057
330755
330395
230029
240277
240126
280204
300520
360756
300041
361607
210392
240251
260086
300502
330018
361936
360320
230381
350430
360634
230314
270012
270032
360760
230040
210119
240349
330342
260030
250083
360839
280120
330024
230465
270175
360732
230028
220861
260035
320842
210435
290111
270144
260308
230159
361577
360605
330054
361966
360279
330539
360590
361386
300342
240097
350301
210288
361038
300295
361873
290115
220774
220036
240281
280085
361298
250266
360214
220883
220235
360035
300021
350004
350086
330114
360511
240407
360627
320689
320057
360314
320719
361638
361691
350250
360223
330591
320674
300331
310022
360755
360861
250043
330050
310064
220191
220597
221056
360719
320832
280215
240298
320665
220002
221363
270320
300112
310252
310115
220495
360678
350303
310164
300450
350189
250255
260168
230273
260020
220159
320595
360770
300573
250135
360037
210235
270257
320957
240445
320755
300290
300188
330659
360888
270133
350182
230220
360452
240250
361093
210440
220820
360189
321010
230320
350199
290148
300435
361169
300242
240320
300201
300146
360596
360724
300455
320700
300315
361061
210398
250225
270072
250281
221266
210004
240246
280073
210034
360379
360858
240061
330612
330468
361313
250100
270134
350002
260349
350105
361286
330527
320276
230390
350065
360396
330094
300072
360073
230169
320286
270219
250243
360708
350204
361195
360509
270233
330491
361006
320644
210471
280132
330331
360703
350324
220964
270423
270254
330440
320281
320237
350074
221417
360368
360982
361134
220660
320859
300470
330739
361810
360077
280089
210308
320833
350160
330237
361885
210193
320138
240276
320347
360321
361906
360397
360784
240128
360036
230211
230519
320625
221060
270285
230177
330217
300284
330387
220549
330711
321059
220041
360739
310258
250290
270401
320563
220707
280030
220225
260284
361227
220116
240297
220489
320214
360005
350033
330324
280100
210312
270091
270487
230074
330246
320425
320291
320763
230343
360637
360289
350238
240254
300503
360983
250129
320862
240175
221141
280039
270315
360687
361469
220189
360508
350402
330081
330033
320881
210285
320568
300432
260007
320803
230315
270498
320371
221116
360987
240027
210183
221096
350426
240118
221234
350400
250381
210291
230400
361311
320542
230350
360809
270080
221045
361055
230176
330407
360933
330313
310263
240195
350067
270287
330717
320325
270253
221401
221247
240435
360331
240358
230479
320884
240168
250035
290075
361270
310205
320394
320619
321104
310289
221077
361310
330709
361622
360518
360364
270367
320598
220274
270296
221127
361615
260057
221213
380027
260202
350456
220299
221298
270215
310306
260252
220129
220563
250042
220412
330292
300088
350048
220628
230123
320726
280127
240163
320823
350332
230494
320228
310313
220345
310274
320367
270506
240330
360090
330562
220285
240392
330393
330452
280140
350295
361185
220389
280094
350361
361466
361084
210059
270289
270479
250220
350207
270473
260255
321057
221050
320173
240221
260237
320569
210473
230480
300354
270192
220045
300263
230520
230027
260094
330471
310206
300206
320600
361335
250359
220657
350073
330497
361654
210378
360183
330598
360166
350292
230254
350267
250276
330696
320968
330616
260124
350370
240077
270246
220771
361278
300215
330600
361008
361864
230329
270405
210172
320416
230101
360754
270209
210326
361668
320852
290175
220385
300571
360472
361273
221080
300527
220264
361123
221404
220536
270338
260178
320527
360300
300396
250178
360700
361608
300058
300151
361844
360960
361290
221427
221389
361156
350218
240373
361393
360607
360315
210255
290019
360425
221015
320825
320098
360683
321081
270124
361014
210102
280065
350299
321089
350450
220134
230130
220072
330505
240459
220506
320635
221197
221271
220331
300231
260082
221216
210017
361708
361132
360176
330119
361540
360944
230030
280171
230248
220174
360139
350014
320361
230534
260229
221039
230464
220572
310079
230393
350113
361037
320354
250114
270229
310076
250344
270249
230231
230289
290147
230132
220109
221414
360747
260286
260173
330096
361478
361044
220317
220055
220585
260228
240404
210166
220504
290069
220519
210369
360345
320660
360220
221253
220185
310242
330132
350180
210408
230227
221348
260187
300380
330753
360525
320935
290067
320712
220922
330108
310251
360341
280219
221000
220832
220658
240105
361075
270447
361308
270388
361363
221357
310127
250322
210233
350453
220467
320681
220229
360352
210399
360405
250046
210419
330269
220149
260324
310193
360952
320038
220460
240202
240367
360195
280213
220441
220020
290128
220625
300352
230202
270489
300480
270516
270035
330584
220928
210090
230240
210307
220336
240248
270394
220208
330386
360319
280124
240152
220476
290138
220104
360485
350161
310143
300548
220703
361528
360813
280221
300359
361003
260092
330165
240362
320067
350058
300085
260191
220643
330088
240265
330192
330694
270137
320631
220375
230243
210039
210173
350390
280014
280017
350452
221379
210100
360283
280195
300495
210075
320963
310150
361023
220901
290082
361956
350020
360286
330231
330737
330442
360663
230370
361971
320971
250209
220737
361428
350119
300009
220618
350082
320147
300025
321047
300160
290101
361773
290188
240143
240179
220347
360273
260262
250352
270097
330687
360981
210357
240091
350034
330480
210221
260121
250125
330750
320217
350070
310009
260232
220085
250165
320892
361220
230415
210439
361384
320904
270016
270505
300043
220830
360127
360051
300491
330311
360675
300543
330083
360783
330715
360597
210441
350347
361874
361898
300320
360909
320162
210139
220239
330645
220329
221105
361454
320791
350143
320245
360609
330220
360353
220937
300595
280092
330463
230495
260337
260008
330456
361088
360558
320641
360350
320898
210469
361329
250143
260023
240030
361879
361136
360058
240326
361511
361869
220809
221194
300096
230076
260104
221182
320408
350337
220952
330402
240199
220965
310140
300322
290112
361575
220574
210304
360426
360140
280023
220968
330343
310124
361433
330138
321035
270314
270061
221296
350318
250361
230115
221009
270484
330536
350451
360224
250206
330682
250320
210446
361405
240268
320807
230497
350269
240144
360913
260029
220213
220324
220613
330321
350005
240217
240357
350174
300391
220151
270434
330565
230318
360729
360833
250204
360354
310175
220747
290136
361699
260058
230147
320186
320795
320969
260274
320177
280157
220182
321092
250385
290093
210024
320976
220803
330140
360873
330358
320716
320649
350021
350024
320448
220873
350092
330496
240410
300532
361811
300187
260010
300143
260338
240364
320913
210213
360789
260359
220913
220731
361399
280205
350115
220263
361724
350476
321018
210155
220457
220113
360827
350172
210262
300329
320999
270153
300128
210436
220844
240039
280225
300259
321038
230459
221205
330516
310113
360362
350340
300438
310217
320443
221035
361783
260360
260047
360328
310310
360639
300324
361253
350345
270031
360006
361782
220605
310057
230148
330405
361168
270123
240258
350106
310086
330152
300210
330264
240114
320073
260130
250070
210350
320102
220344
350130
350359
220535
310288
230388
221245
250191
270305
250316
220496
230517
210047
250133
360186
361419
220501
360444
361122
230398
361324
300193
240192
280161
270398
360024
220810
220454
361752
210356
361514
270382
360096
320235
230181
361972
230300
320915
360208
320659
230120
220275
330749
240100
240134
361871
290182
320815
361564
300594
230365
260101
310162
230383
210064
220153
240291
350089
230506
360095
260362
361805
270190
300397
260146
210487
361182
361153
360844
221340
330078
220761
221022
361490
230471
221211
250371
230532
290072
280234
320735
361790
361893
240209
320417
300298
310104
360940
270470
320356
210417
210381
210459
330202
220097
320349
300448
330384
310264
360098
350297
330087
230024
221020
300113
330417
350025
210071
260354
290113
221207
320780
360373
330627
361464
330446
250284
361146
240454
221168
260330
210033
320200
360806
300442
230153
360630
321009
350225
250195
330658
210484
220418
210244
220252
380018
250008
310015
360432
210359
210164
230185
350263
220475
320049
330028
240262
250187
361526
320691
360539
230408
221384
210133
221171
320694
210353
270482
280141
350364
330543
270359
230048
221313
250278
250107
361715
280068
330174
361788
330113
330316
220896
360236
250312
210205
350213
220403
260346
210037
350349
310200
330068
250101
361830
360618
270017
330550
360602
300478
220390
300084
221007
210126
210264
350163
330023
360954
260149
361152
310291
221260
220828
221419
260351
360922
270458
320113
260358
270022
260247
300475
221239
220760
320873
361344
320163
220895
240216
260313
240390
210020
290050
300353
260220
330210
220047
220995
220984
361389
300511
361900
220135
250299
320457
330020
330521
230174
290080
220857
360676
300364
290091
320982
360256
221071
330620
330026
220969
210287
220749
320316
350367
320782
330630
270107
221336
221148
220907
220930
330490
260108
360413
360257
300165
360310
260251
361071
220445
360741
260141
240400
210144
350080
290030
360819
250124
330124
360207
350044
360692
240187
320756
220362
221029
260246
310142
350023
321051
330551
361763
230068
290074
360245
310191
220866
360047
210257
300100
220893
221346
240237
360469
320248
270004
320500
361277
260105
210329
361408
260347
330327
361058
300232
210387
361712
320422
360826
330048
330547
321019
221393
290015
270264
350059
330103
361129
230054
220931
240174
240032
250123
361282
220015
260183
320581
220782
300118
361397
350085
220075
290159
220305
320375
221381
220033
230102
361216
220221
300105
240383
300476
350462
210058
330580
210420
260319
250258
270323
240285
361425
361727
230536
350417
361720
270276
320392
220786
270297
320156
280058
361101
361707
230269
330381
250328
230347
330467
210363
360603
361380
320817
350310
300115
220158
310027
300484
330624
320925
361927
250336
360382
360786
240184
360247
221181
230171
220744
330086
330489
360481
360636
240110
360736
220684
220052
330142
210403
300481
260306
220481
320819
300109
360742
210316
310029
361836
270065
300227
240339
250183
240219
361247
330586
361845
320540
330595
360326
330265
361459
230093
290186
360267
270071
250406
250062
350387
220612
290005
330629
320919
360780
250186
310198
210054
320220
240003
240108
320933
270130
230419
221215
320480
330702
361215
361853
360415
240273
310312
320507
361415
330245
330047
320905
321039
270326
280093
360152
330154
360701
220909
230268
320770
280206
310144
360059
330133
360898
320713
330450
320285
270347
361498
240074
361049
360378
330015
330248
300291
290130
361420
210115
330692
310184
330318
330725
361847
230260
350110
221175
210337
220231
210015
360164
221208
210196
330368
270236
220687
330215
320857
210458
280208
240319
350353
280214
220349
320966
210228
330406
220887
320081
270299
280048
210016
210210
250111
221031
361035
350107
220115
361639
220960
220291
350457
360847
330236
240243
250200
361533
361371
361416
240045
230396
250208
230259
361924
320724
361570
221359
250360
250219
320953
350062
230444
320085
221154
220271
221421
230316
221436
300049
310249
260045
321055
300170
321046
250094
230284
240293
361723
270429
330560
250212
210275
310074
361305
360942
360950
361591
360039
320312
220211
330723
250268
320781
350129
300138
250120
361549
321056
361538
300288
250369
350101
270217
360016
220082
250015
221244
330508
361422
330160
360899
360874
330049
221232
361747
230406
350493
230244
230523
