1006487
1002687
1004466
1003387
1009778
1011109
1009118
1005611
1002668
1001258
1010501
1000512
1000589
1003919
1007172
1006087
1000309
1005010
1002977
1009638
1000772
1000798
1011811
1000626
1005649
1011608
1006839
1002094
1005773
1007297
1001608
1003405
1001104
1009987
1009446
1001894
1009410
1001390
1006145
1006009
1008825
1007221
1003320
1010590
1005756
1007390
1011674
1005199
1004499
1006058
1004414
1011487
1007256
1008999
1000048
1002232
1011234
1002096
1010754
1006378
1006559
1006310
1002844
1010219
1005998
1005695
1003861
1010780
1005575
1004905
1004357
1002547
1006778
1000787
1006924
1007578
1000401
1001944
1002114
1011240
1010272
1011182
1007583
1006513
1005168
1004658
1011310
1012008
1002759
1009022
1007095
1011002
1012539
1011877
1012066
1002236
1009957
1004787
1010551
1006398
1001026
1002393
1001280
1012718
1006370
1000091
1007302
1004536
1011306
1006228
1005125
1003733
1009238
1002177
1005477
1003717
1006027
1006003
1009161
1002024
1011607
1001027
1000205
1009606
1012108
1002859
1006090
1010550
1006392
1008972
1005324
1011416
1006030
1007077
1001570
1012459
1006556
1004063
1001494
1002032
1010265
1001017
1002809
1001612
1002656
1002008
1007094
1001354
1006795
1011846
1012523
1002978
1001479
1000923
1009092
1004176
1004907
1007320
1005820
1009530
1004514
1004858
1011753
1008884
1004935
1009674
1001472
1011043
1012866
1001748
1000733
1005003
1009151
1006127
1006695
1001125
1006494
1009655
1004785
1005318
1004975
1012667
1012000
1002409
1003226
1010902
1012676
1007516
1003929
1001768
1003668
1004515
1010724
1000969
1012161
1006529
1005474
1011400
1004328
1009787
1002987
1006607
1005406
1009611
1001980
1001696
1006938
1011959
1010293
1012569
1012094
1010306
1010516
1002384
1009377
1007233
1000263
1011598
1003437
1011724
1002581
1006698
1012953
1001736
1010145
1011204
1000529
1003945
1009286
1010466
1010512
1005196
1009391
1003600
1011993
1002930
1003241
1003551
1003491
1005087
1009963
1012674
1012652
1010294
1001458
1011838
1010968
1009005
1003702
1006893
1010202
1005738
1001720
1012192
1006247
1000724
1005056
1002314
1006770
1011173
1005736
1006084
1010692
1001411
1011399
1004368
1009294
1006391
1003346
1004013
1003527
1000559
1011799
1012681
1002413
1010529
1006532
1008961
1004738
1003935
1006198
1009627
1010258
1004070
1009958
1009246
1005209
1006322
1001981
1001635
1010412
1002160
1001650
1001478
1010434
1012529
1004984
1012739
1002275
1012074
1004244
1012954
1003700
1008881
1000949
1011680
1006104
1012068
1006384
1011175
1000239
1006308
1011318
1012843
1002639
1006307
1011574
1010871
1012223
1009336
1002376
1002550
1011642
1012231
1006331
1011284
1012489
1007046
1001246
1003280
1000419
1005698
1010924
1002421
1003899
1005561
1010761
1004336
1012029
1003335
1007042
1006280
1004759
1001715
1009888
1001210
1008849
1012760
1001186
1007434
1011868
1002585
1010795
1012662
1010006
1010156
1004041
1001033
1010368
1007851
1010802
1001352
1012373
1001984
1012494
1006059
1006458
1008840
1000379
1010909
1012100
1000334
1006418
1011652
1012509
1010896
1008872
1004786
1011209
1005727
1008976
1010552
1000927
1007122
1009870
1011148
1005473
1002705
1006381
1001717
1001405
1007537
1009808
1001151
1002426
1003849
1000616
1001893
1003892
1001909
1004067
1010593
1007050
1006894
1004262
1012900
1011549
1012124
1000893
1002630
1011453
1000571
1001359
1010313
1002262
1009310
1012601
1009749
1011637
1008892
1006323
1010805
1012352
1005655
1009753
1011390
1011359
1002595
1006014
1000331
1001891
1012072
1011676
1006107
1006201
1003327
1012415
1005091
1007793
1001518
1002473
1009492
1012115
1000323
1003897
1000762
1009902
1000926
1010793
1010889
1012210
1002264
1005546
1000445
1010102
1004517
1009964
1005627
1009919
1001797
1009269
1003797
1010277
1007839
1004909
1002856
1006527
1001834
1009981
1009968
1012526
1001207
1008813
1011411
1012969
1009205
1010429
1010878
1012747
1005479
1009511
1000695
1011484
1000573
1009215
1002946
1000067
1009718
1012206
1001364
1002691
1010941
1011839
1012597
1005622
1012978
1004637
1003789
1003747
1002380
1006590
1010822
1004779
1003061
1004045
1002726
1000130
1012853
1006110
1003460
1004271
1002046
1002442
1003475
1003934
1008914
1011569
1001707
1006628
1010676
1001342
1010374
1007846
1000306
1000968
1004133
1012808
1009850
1012622
1005899
1001373
1001292
1007322
1011909
1003856
1001883
1007680
1007821
1001959
1000823
1004954
1003178
1011619
1004017
1005693
1008829
1011222
1004220
1009868
1000515
1007236
1006469
1007107
1002538
1003649
1003213
1003704
1010223
1011160
1009086
1002033
1003185
1000784
1000983
1003093
1005516
1007741
1009603
1004394
1011956
1003542
1009926
1001998
1009025
1002158
1002560
1011253
1006669
1004622
1009225
1004781
1003589
1007639
1012485
1000849
1009827
1009146
1000763
1006853
1003098
1000183
1009469
1002703
1009865
1004513
1005587
1007714
1001782
1006346
1007701
1000502
1005726
1012547
1003251
1010256
1007814
1012514
1006285
1011920
1005981
1009662
1005515
1005268
1000775
1002084
1011156
1012126
1010049
1002395
1012949
1004618
1002790
1003053
1012828
1004031
1005138
1011751
1006133
1007029
1004215
1004652
1012164
1005855
1012540
1011506
1012617
1004523
1005078
1002868
1005910
1000579
1000576
1009445
1007134
1003129
1004735
1005896
1003497
1004880
1006064
1002527
1012706
1009554
1007254
1004889
1005334
1004148
1000232
1011514
1009267
1000930
1000321
1003787
1004544
1002330
1011837
1010039
1010671
1007367
1000994
1011169
1010169
1006388
1009251
1003793
1010610
1005795
1000680
1002062
1009770
1007565
1004821
1007718
1004309
1000975
1005819
1011428
1011176
1011290
1003399
1004570
1002115
1005310
1000741
1009889
1000828
1011498
1000528
1000223
1002516
1006435
1011386
1004595
1012030
1006790
1000242
1002604
1001417
1005171
1011311
1000305
1002728
1002646
1012201
1010315
1010200
1010697
1006031
1003498
1003515
1007288
1009293
1000411
1007075
1009736
1011355
1006122
1000637
1012103
1002503
1001154
1005623
1012880
1011825
1012531
1001249
1011303
1012387
1002312
1000743
1005492
1007202
1012836
1004917
1000011
1011134
1000392
1002744
1004815
1003247
1000438
1007775
1000413
1002022
1003340
1000282
1009418
1000253
1006232
1012559
1005157
1004986
1009998
1009822
1010358
1010779
1005750
1010360
1000668
1007654
1002112
1010538
1006033
1009485
1008937
1007089
1007110
1004848
1000416
1009455
1000548
1006195
1010753
1001814
1001048
1011108
1005938
1000258
1001088
1011455
1005159
1000086
1004089
1003108
1001630
1002942
1006276
1009690
1011154
1011394
1009948
1000198
1004380
1004722
1012690
1004078
1000404
1005306
1006420
1010977
1012163
1012566
1006538
1009099
1005941
1003237
1006439
1005959
1004715
1005596
1006102
1011943
1011425
1005584
1012224
1002863
1003915
1004310
1005788
1003857
1006492
1002693
1001348
1007855
1005540
1012457
1003824
1009577
1000432
1011317
1012965
1012805
1005645
1003199
1011663
1001294
1007035
1004440
1001803
1011897
1011740
1010585
1002036
1003268
1012907
1007344
1001230
1007071
1001500
1005149
1004956
1010465
1009646
1011274
1000082
1010013
1011817
1004707
1012156
1002545
1000664
1000898
1010562
1009877
1004799
1003930
1005238
1009731
1001807
1007673
1005084
1010365
1010302
1005276
1011312
1001015
1010135
1010048
1011076
1010770
1012629
1006601
1004827
1001989
1006426
1003769
1009242
1000606
1006094
1000076
1008967
1000642
1004132
1004561
1009604
1009307
1009943
1009318
1009126
1007375
1000915
1009417
1000441
1010394
1010630
1012947
1012501
1000562
1006069
1000087
1003509
1004422
1012084
1009206
1007705
1005837
1002966
1006046
1002259
1009237
1004138
1005764
1012923
1000002
1002351
1003868
1001890
1003685
1007245
1010849
1009200
1003380
1000533
1011541
1002267
1006271
1001436
1011091
1012800
1003020
1003821
1003595
1001903
1004533
1006324
1006772
1007364
1007588
1006218
1012665
1010416
1010187
1010867
1007404
1001912
1001793
1003762
1006657
1002626
1002343
1001838
1001911
1006681
1010106
1012257
1011819
1003309
1005169
1010583
1007087
1003461
1003988
1000180
1000564
1005058
1000655
1011488
1005278
1009962
1000162
1009041
1007123
1004296
1006771
1000671
1001600
1012344
1009412
1001562
1003575
1001961
1002340
1001283
1001654
1004654
1005223
1006784
1010787
1004483
1011259
1002218
1004649
1010672
1009218
1009897
1011539
1002078
1002221
1001846
1002840
1002612
1012546
1010264
1007230
1011884
1000279
1003388
1011926
1003125
1002936
1006142
1011700
1012180
1004807
1012735
1012822
1009684
1011023
1005508
1011632
1001215
1001898
1007555
1012060
1002151
1006281
1002039
1012905
1008946
1012369
1003031
1008846
1000958
1012102
1000742
1003046
1006747
1011267
1011706
1007693
1000352
1007671
1009546
1001601
1005499
1004916
1006617
1002526
1005700
1006443
1011639
1004496
1012712
1002785
1002403
1002390
1006221
1012139
1006533
1007529
1004428
1007716
1007743
1005021
1009450
1010291
1005734
1000954
1012232
1006638
1012099
1005254
1002931
1012243
1006916
1005038
1012089
1001895
1012492
1006748
1011783
1002695
1010422
1011989
1004051
1009903
1010247
1006665
1005687
1011891
1012105
1009539
1002145
1000531
1000176
1002896
1012825
1006505
1000293
1004391
1007182
1003647
1010584
1012218
1005388
1000931
1009689
1004337
1012639
1002551
1007386
1007677
1007524
1006849
1004752
1003645
1010534
1010393
1004672
1012644
1006971
1010419
1009680
1004806
1006249
1000549
1008838
1003351
1004109
1009682
1002684
1006923
1009649
1009704
1007640
1003229
1009226
1001089
1007497
1009761
1010180
1002842
1004442
1012065
1003367
1002237
1004363
1010808
1003632
1002879
1000568
1005352
1003896
1009790
1004882
1001043
1002077
1006553
1006837
1005574
1009933
1003196
1008869
1005299
1002749
1011447
1005468
1007486
1002240
1006733
1002483
1006038
1012011
1000611
1010982
1001875
1000369
1005962
1011079
1007514
1005528
1007370
1002007
1007592
1009004
1007201
1010569
1000729
1000991
1012019
1006982
1011186
1000575
1000159
1006217
1012698
1001516
1002132
1004773
1000281
1005198
1008933
1012865
1002131
1009380
1006219
1003837
1000319
1009861
1001164
1011458
1009197
1003810
1002142
1001861
1004962
1005723
1004731
1012483
1011085
1007560
1002672
1006080
1006672
1001377
1012241
1005413
1000079
1002827
1010818
1006010
1011075
1012959
1011237
1003040
1011798
1001621
1004628
1009335
1006842
1001672
1004456
1000144
1006314
1004178
1004253
1006919
1011901
1009920
1007853
1003086
1001988
1000405
1001705
1003138
1002159
1008856
1004099
1009043
1002233
1007499
1001954
1001165
1003155
1003032
1005988
1007715
1002464
1010603
1005992
1005678
1006070
1004741
1000254
1007523
1007186
1000167
1005549
1004323
1001828
1006173
1011953
1003666
1012839
1010445
1011172
1009342
1009549
1009346
1012640
1011907
1007858
1009734
1002779
1003301
1010257
1001358
1005710
1001645
1007156
1000094
1000779
1006060
1006333
1001331
1006480
1011509
1010222
1007187
1007136
1009103
1003059
1003016
1011083
1005099
1007366
1006980
1002392
1005786
1000455
1006236
1010415
1012463
1010016
1011781
1004609
1009265
1004201
1007316
1010093
1001653
1005252
1010297
1002219
1010238
1007379
1003588
1009120
1012755
1009198
1003937
1005279
1010181
1006366
1002678
1002984
1004300
1006268
1005532
1003303
1006717
1009970
1006519
1009471
1007468
1006750
1005976
1003521
1003729
1005355
1001815
1005464
1006345
1011062
1009580
1002860
1010487
1000666
1007525
1006675
1003905
1005944
1010698
1011823
1008994
1011061
1006666
1012926
1002256
1007078
1005466
1006111
1002572
1000085
1002523
1001914
1005542
1005740
1001110
1002888
1001212
1009699
1012917
1011893
1002719
1008940
1002597
1011280
1008925
1007241
1001407
1003459
1012554
1001641
1012405
1005245
1001666
1005729
1004971
1001756
1003864
1001983
1012356
1005662
1005970
1011470
1004260
1003792
1002120
1006610
1004612
1002285
1009947
1000887
1011130
1011077
1007278
1004704
1012211
1004542
1004780
1003501
1012363
1004112
1005327
1000697
1000215
1003818
1006629
1006856
1006264
1012780
1001071
1005791
1003372
1008950
1000739
1010229
1002940
1011121
1012691
1006680
1009784
1007173
1002807
1007224
1011531
1005530
1012170
1010262
1004837
1004897
1001226
1011829
1001253
1003540
1001204
1007240
1005194
1005505
1003597
1000288
1011831
1005172
1003535
1010781
1004854
1004187
1011434
1012348
1002980
1005610
1009936
1006798
1003220
1011333
1009426
1000582
1003904
1007068
1012006
1001704
1012902
1002704
1010320
1009017
1001418
1002485
1006627
1004506
1011965
1005419
1012835
1006861
1007648
1012187
1002540
1010027
1004009
1010000
1011227
1002793
1003168
1005871
1001163
1010035
1006409
1003664
1012645
1005482
1005439
1004490
1003522
1000805
1010571
1001321
1005624
1012325
1004872
1007180
1005815
1006211
1004079
1002716
1009101
1010522
1007789
1004139
1004358
1009775
1009939
1004211
1007464
1011438
1005603
1001245
1005534
1010220
1004825
1010406
1004552
1011366
1009374
1001936
1012339
1005659
1010662
1010568
1003160
1012956
1009091
1007836
1004493
1011203
1004566
1000690
1003177
1007418
1004927
1001540
1009392
1010953
1001196
1002466
1004324
1007857
1001533
1009192
1011848
1002041
1006156
1010280
1009047
1007810
1006005
1000807
1005081
1008816
1007216
1000600
1009613
1001473
1000078
1005180
1006178
1003425
1010331
1007324
1012417
1001870
1002781
1004756
1011529
1012436
1010966
1002206
1011971
1005737
1000819
1001770
1000914
1003946
1007689
1002431
1002808
1012932
1000970
1004921
1000543
1012533
1007527
1007848
1006674
1000302
1002768
1000909
1000721
1009187
1006820
1008860
1005983
1007025
1005213
1006632
1007157
1005950
1004677
1009164
1007141
1005580
1004118
1001896
1000750
1003423
1003302
1003804
1002829
1004762
1003921
1005016
1003784
1011836
1012149
1009597
1009681
1002748
1005818
1004270
1011581
1006814
1002006
1012939
1001868
1011430
1003669
1010892
1001446
1002391
1001934
1002487
1010472
1002886
1003091
1010586
1001515
1005389
1000835
1011035
1006656
1004142
1009626
1006018
1002956
1008889
1003447
1007232
1010913
1000614
1005784
1001819
1012468
1009217
1002281
1003968
1012738
1000584
1003192
1008945
1008857
1004476
1000717
1008815
1001117
1009976
1002439
1004851
1006239
1010024
1000982
1011229
1005475
1006841
1003631
1012250
1009122
1007875
1003671
1012432
1010215
1010330
1005429
1001566
1012964
1012572
1000897
1011790
1002841
1006157
1004910
1010036
1011761
1010914
1003974
1006911
1006250
1011860
1011995
1001586
1011289
1001432
1012054
1004709
1006299
1012977
1004024
1000735
1003175
1005176
1009350
1006606
1006360
1003071
1002875
1003473
1010176
1011305
1011633
1005948
1010863
1010150
1007296
1003113
1010004
1011346
1001116
1011554
1010267
1012707
1008991
1009266
1009504
1004914
1002389
1011167
1005360
1008982
1011968
1003480
1000213
1003948
1011446
1006068
1001553
1008949
1009166
1003768
1000978
1009253
1009235
1001716
1011940
1006092
1008931
1010743
1004415
1012740
1006377
1005526
1010278
1000558
1010666
1006017
1012602
1001375
1002655
1000345
1006579
1012928
1006965
1002289
1004763
1003485
1011352
1002308
1003354
1002254
1009260
1003812
1012279
1006245
1002040
1001899
1010541
1007603
1001087
1001749
1008978
1007615
1009156
1011212
1012618
1002615
1009425
1007283
1009517
1002054
1000811
1012440
1001930
1009693
1006424
1001250
1006762
1000211
1011001
1012867
1012586
1006230
1004932
1009371
1006007
1011298
1004114
1000557
1004580
1009934
1010819
1005072
1006077
1001576
1011754
1012751
1011934
1011016
1003487
1004232
1000953
1011129
1004943
1007093
1009348
1012322
1006231
1011353
1002301
1002637
1000409
1008988
1006016
1001278
1010042
1011670
1006558
1010381
1011185
1001047
1002445
1008975
1011515
1007382
1011945
1004098
1009750
1003855
1005301
1009719
1002821
1006959
1006340
1004590
1002917
1010622
1003288
1005951
1000794
1001451
1011929
1003180
1011770
1010456
1001139
1011378
1010460
1012433
1001022
1012913
1005150
1002659
1010459
1000704
1008954
1000552
1001108
1002791
1000292
1002273
1009039
1011220
1002800
1004608
1009965
1002953
1003007
1002130
1003825
1001138
1010065
1000393
1007534
1006341
1006226
1009270
1008850
1009535
1003577
1003754
1007309
1001974
1004273
1000459
1007526
1001281
1001905
1011816
1006618
1000317
1001664
1005545
1003805
1005237
1009632
1011393
1009537
1003285
1002217
1009980
1001086
1005269
1003715
1002017
1012484
1010467
1001126
1005195
1010926
1001737
1002992
1000544
1000123
1006407
1006785
1000269
1012741
1006973
1007508
1012694
1000684
1004711
1002192
1009433
1012758
1001946
1000216
1010087
1006961
1003741
1010376
1006782
1000106
1012349
1009639
1012726
1009531
1004369
1002552
1012021
1009181
1007381
1011696
1010143
1009315
1011626
1000032
1003371
1000022
1000119
1001949
1009728
1002750
1009136
1012821
1006371
1007373
1002508
1000181
1012226
1010533
1003262
1012374
1007426
1010153
1001740
1012281
1003744
1001434
1003404
1001940
1006883
1003940
1009376
1003794
1003625
1012914
1002282
1011236
1007779
1004494
1004117
1003660
1004135
1007528
1010949
1010837
1009248
1012729
1006485
1003752
1009048
1002535
1005117
1003038
1004181
1011854
1011442
1009904
1004003
1001440
1011673
1010771
1007745
1011110
1004034
1004255
1012736
1005020
1004835
1012320
1006186
1007571
1003642
1003677
1005637
1000687
1009741
1010911
1005153
1009878
1007535
1010567
1009236
1003499
1005201
1004193
1010963
1001329
1006337
1012777
1001006
1010742
1002999
1012720
1011964
1012814
1002397
1010736
1007332
1001142
1008893
1003819
1001310
1001449
1004655
1011403
1002302
1012361
1009634
1005912
1005880
1003427
1012360
1006222
1000565
1011774
1006927
1002086
1012642
1012297
1011742
1001267
1010204
1003012
1005060
1012438
1009032
1011324
1004703
1010063
1010774
1012058
1008998
1002801
1006291
1002463
1011326
1005496
1004286
1007208
1012260
1003519
1009487
1006635
1003711
1010621
1012160
1011560
1003468
1003875
1003235
1012630
1000260
1001205
1010691
1004461
1001964
1002830
1009261
1002188
1004898
1007062
1011777
1003727
1010333
1011958
1007736
1001718
1009196
1000212
1010894
1002420
1000357
1010152
1007417
1009906
1010944
1009116
1000333
1009314
1006999
1001637
1006355
1005148
1012933
1010881
1003776
1001045
1001062
1002778
1001184
1004750
1009945
1010732
1001747
1006823
1009587
1004830
1005653
1002674
1003334
1004061
1006692
1002556
1002609
1012886
1000670
1009163
1012117
1002274
1003890
1002959
1007582
1009928
1009781
1005766
1011701
1006796
1004574
1005236
1004864
1008915
1002327
1010595
1006773
1008908
1012393
1011861
1005019
1001941
1003210
1002197
1009243
1000126
1005754
1009956
1006914
1012904
1011473
1000045
1005538
1011721
1001030
1005511
1009050
1009652
1000174
1001624
1012702
1004183
1000403
1002476
1011737
1004911
1008853
1004460
1002937
1007601
1000731
1006154
1000240
1002787
1007453
1002370
1010397
1001457
1007708
1011796
1003959
1012737
1003869
1010796
1006172
1009076
1002035
1006682
1003874
1009921
1012326
1011422
1010097
1009191
1010495
1010390
1000068
1009209
1011687
1003555
1003181
1003831
1001825
1004364
1001095
1005273
1005304
1009458
1011939
1002284
1005554
1009893
1006799
1005935
1011969
1010493
1002316
1006541
1012275
1003102
1012830
1012031
1007679
1009388
1002962
1007277
1000272
1002954
1005889
1010414
1000415
1007806
1000080
1005409
1011165
1010179
1006931
1000661
1012929
1002561
1011501
1012548
1001596
1007758
1002983
1011426
1004208
1000748
1001080
1004606
1000273
1011132
1004301
1007684
1003471
1011970
1007260
1004585
1012039
1005725
1012315
1010473
1010078
1000973
1011644
1005485
1010737
1006520
1004231
1011328
1003019
1006824
1009449
1003951
1005292
1002760
1001261
1011546
1003312
1009334
1007552
1010190
1004640
1006309
1010388
1010751
1010566
1002452
1000378
1007613
1004217
1009389
1004875
1000172
1006457
1010778
1012717
1009631
1000747
1007837
1003889
1012550
1006925
1003999
1006978
1001729
1006743
1002769
1007411
1010019
1011638
1011007
1006412
1002488
1005647
1006100
1001766
1006369
1011499
1011732
1001860
1009849
1003339
1008819
1005598
1000567
1003851
1009831
1002765
1005041
1005679
1010820
1003547
1000776
1010149
1005387
1002657
1000911
1007738
1006138
1001073
1010189
1003055
1010040
1012948
1003680
1005894
1004702
1000700
1009978
1006788
1005869
1006709
1011600
1006460
1006463
1006549
1004128
1007195
1003429
1002346
1005814
1006350
1012282
1011948
1000193
1009848
1012791
1002069
1006475
1012990
1001985
1010148
1009564
1000790
1002730
1007796
1006926
1009240
1008942
1003296
1000185
1006633
1001100
1002795
1002099
1010637
1012263
1010317
1002338
1002097
1011657
1009716
1009291
1009516
1001360
1011024
1005023
1002178
1003949
1007167
1006765
1010233
1007876
1010826
1010287
1002052
1009478
1001774
1002528
1009687
1011221
1004686
1004710
1004899
1010642
1012185
1005812
1005258
1010986
1009923
1006598
1012596
1010614
1006136
1005039
1005353
1003832
1001368
1005431
1004424
1009480
1003060
1007293
1006972
1004614
1004375
1012495
1010498
1012871
1012992
1007299
1001548
1007831
1003764
1004964
1003639
1012562
1000592
1009717
1009886
1000349
1012406
1008941
1009610
1012262
1001634
1001618
1009157
1006868
1008828
1004258
1005032
1005059
1011858
1004502
1005721
1005808
1006575
1012426
1007558
1009395
1006253
1006620
1004439
1011377
1007856
1011998
1001966
1000209
1000374
1000108
1007850
1010879
1009484
1010275
1012183
1004413
1001544
1004197
1001679
1000231
1010046
1006909
1000746
1011196
1011889
1001412
1010142
1007365
1005759
1012615
1000307
1003599
1007012
1007118
1010615
1011843
1004006
1006596
1010714
1004420
1006411
1009494
1002799
1012648
1000050
1010252
1001355
1004371
1011975
1012553
1011468
1002234
1010905
1004879
1009721
1005872
1004486
1000427
1003594
1012635
1012424
1011523
1011486
1007877
1000284
1003074
1006749
1012646
1009096
1012437
1005933
1012503
1001350
1006800
1000377
1001208
1011177
1007083
1008903
1009337
1000424
1000766
1002401
1001522
1009764
1001939
1004906
1008907
1009244
1007140
1011314
1011880
1005314
1006563
1002676
1012090
1005418
1005743
1002757
1009594
1009363
1012921
1005531
1005668
1001423
1009285
1000452
1000473
1010919
1004064
1000590
1011665
1008844
1012120
1007065
1006523
1004403
1009423
1012042
1012016
1012377
1011293
1004556
1001975
1012761
1009659
1002277
1000709
1009574
1009702
1007874
1009821
1001520
1002144
1009044
1012487
1010917
1001042
1004520
1005942
1007869
1009523
1004146
1012386
1000156
1012579
1009780
1012869
1000996
1012003
1005860
1008926
1004289
1001583
1006738
1010684
1009887
1007541
1005565
1011841
1001614
1009299
1001611
1005070
1005714
1010178
1012091
1009595
1012087
1008901
1011962
1001235
1002280
1012085
1006148
1006622
1001694
1000276
1005778
1000358
1011782
1000453
1003009
1009785
1011671
1010658
1004096
1006347
1009327
1010800
1011903
1002958
1002412
1011249
1001786
1002147
1000755
1001633
1012521
1001333
1000406
1004374
1012323
1005115
1005062
1003751
1003467
1010855
1011041
1011775
1010410
1002011
1002855
1012358
1006472
1002590
1000714
1010316
1011651
1003610
1010100
1012331
1001192
1002788
1012671
1005898
1009178
1004548
1004700
1009210
1007175
1002456
1002710
1010228
1004974
1010853
1011456
1012846
1011158
1001372
1001723
1000285
1004093
1004630
1007265
1002648
1012935
1000489
1003569
1005015
1009125
1001722
1005578
1006543
1010305
1005500
1006989
1007397
1005421
1005830
1002798
1011699
1007090
1007178
1011003
1009730
1001971
1005715
1006739
1002889
1003773
1000098
1012661
1009069
1007049
1006367
1010613
1002574
1009579
1010554
1009008
1005357
1002223
1002938
1007384
1003153
1000506
1004019
1009803
1001885
1010573
1000647
1000173
1005044
1004670
1001572
1007015
1002729
1007325
1009037
1012768
1002371
1000615
1012643
1000116
1003987
1010570
1002610
1007547
1001656
1001152
1011703
1003457
1003922
1006266
1002468
1011805
1012214
1012351
1009500
1007474
1009667
1012783
1004937
1005426
1012874
1003078
1012119
1006091
1010289
1005588
1008854
1009866
1005497
1005303
1001013
1003123
1010673
1002826
1001093
1002562
1002283
1005661
1010574
1003190
1000586
1000722
1012431
1012776
1008968
1002066
1012291
1004477
1001604
1003503
1003263
1004084
1007811
1009072
1001268
1002458
1007096
1010665
1009058
1003529
1004150
1012794
1011587
1004451
1012009
1000649
1001579
1004235
1003829
1003980
1009862
1005380
1002143
1007494
1000124
1003214
1009171
1002775
1006886
1012864
1011527
1006190
1002446
1001118
1010815
1003731
1002557
1012389
1002074
1000874
1010088
1003816
1006993
1011363
1011609
1001706
1000850
1011277
1006805
1002065
1012222
1002436
1009830
1012996
1002333
1004564
1005339
1001256
1000248
1011155
1000218
1005559
1010332
1001162
1000943
1004216
1007737
1003080
1012496
1010776
1004681
1003524
1002055
1004545
1005642
1009623
1000214
1012462
1001668
1000808
1001257
1005262
1005228
1002148
1011946
1003630
1000170
1009997
1012414
1002079
1002294
1006851
1002669
1004085
1010856
1004605
1002016
1000623
1009193
1006877
1011263
1000631
1003663
1010107
1005208
1003462
1002504
1010067
1012307
1003798
1007460
1002718
1010254
1001443
1010792
1007808
1000880
1003684
1002023
1010674
1009994
1012493
1001233
1007813
1009063
1011350
1010168
1003593
1003592
1011010
1012216
1001750
1004240
1001041
1010188
1002081
1000730
1008987
1004459
1003379
1003675
1003740
1003394
1012142
1007217
1011601
1008938
1009629
1004441
1012632
1012251
1002363
1001301
1004200
1002378
1006362
1006928
1006987
1006473
1004724
1001933
1012145
1010400
1003560
1003532
1010652
1012311
1011480
1009506
1012302
1000346
1002531
1009459
1000043
1005017
1001712
1003236
1009598
1009204
1012689
1003601
1003867
1005980
1006652
1004617
1004701
1012692
1005423
1002173
1006335
1003954
1007419
1000355
1009195
1002698
1006414
1008928
1004196
1004693
1012259
1007774
1005285
1000084
1004339
1012345
1000229
1001789
1001674
1000100
1007211
1005103
1002444
1007020
1011149
1010734
1004152
1001134
1004381
1007196
1003212
1011417
1010900
1009679
1010499
1006421
1004626
1000464
1000889
1001218
1011136
1011123
1007598
1002867
1009474
1004055
1006941
1003495
1001952
1012727
1011105
1010329
1005699
1001439
1003606
1000765
1004832
1006171
1003604
1004795
1006132
1003646
1006694
1011564
1006129
1000122
1004915
1005134
1001155
1000371
1007306
1007606
1001054
1009553
1002993
1006511
1011614
1007864
1004429
1012474
1012946
1000362
1000818
1001335
1004110
1012779
1003965
1009846
1009671
1003924
1010491
1005222
1000508
1004327
1002229
1003259
1000479
1009883
1002819
1007228
1002568
1003479
1001691
1001452
1000448
1000517
1000843
1010253
1004912
1003463
1011444
1009949
1001252
1000922
1009794
1004038
1000797
1003011
1011418
1000398
1011750
1010947
1012989
1001263
1007052
1010009
1009159
1008894
1002803
1003759
1010632
1003062
1011736
1003375
1011269
1003682
1012267
1000773
1011143
1002365
1004113
1007771
1012316
1003484
1006867
1010274
1004153
1005887
1002661
1002525
1003352
1007137
1011981
1009031
1004026
1000678
1000643
1012150
1005162
1012748
1003813
1002914
1011905
1009498
1010897
1012870
1010817
1012350
1010453
1002268
1000434
1001557
1010839
1001547
1003343
1002119
1010490
1010605
1001216
1001156
1007452
1007834
1003025
1004938
1003051
1002665
1004885
1004973
1011677
1010500
1009722
1011162
1002949
1000955
1012773
1000262
1000603
1000337
1011511
1001166
1009362
1009525
1004616
1001818
1002012
1000090
1009765
1006604
1000034
1002272
1004684
1007747
1007396
1001214
1002777
1004312
1011054
1011745
1005769
1000648
1009386
1001563
1002043
1002402
1009817
1000265
1007827
1012922
1010532
1005811
1010668
1011960
1010378
1005689
1001873
1007868
1005722
1007653
1010844
1010105
1012833
1006270
1001969
1012560
1001403
1006185
1009914
1009339
1005949
1011685
1009309
1012252
1009799
1011735
1009472
1002645
1000107
1006422
1004918
1007250
1009442
1012458
1001302
1004982
1005128
1000595
1004901
1005170
1011689
1000426
1005403
1011068
1000044
1000400
1009279
1005794
1006685
1002926
1002611
1002014
1005436
1004343
1004404
1006979
1012013
1007017
1004876
1002805
1002857
1007622
1012961
1010870
1004264
1000203
1007334
1000472
1010340
1005079
1012986
1004836
1006981
1004805
1011300
1003650
1004069
1002835
1000388
1002539
1005703
1009185
1000802
1012333
1001469
1003653
1009175
1004931
1012711
1002596
1011214
1010451
1011296
1000111
1010206
1005762
1010243
1010224
1005163
1009001
1010263
1011147
1006827
1000867
1002649
1003732
1012942
1007490
1007564
1003916
1007284
1002774
1002448
1002243
1002628
1009420
1012857
1009368
1011730
1003780
1012571
1009089
1006431
1005033
1003106
1003911
1012147
1006822
1001167
1002045
1003314
1004642
1010110
1000399
1002939
1000520
1010599
1010380
1001773
1010939
1009552
1004149
1005185
1010118
1012511
1012380
1002849
1009937
1002996
1011778
1002429
1009744
1005408
1004582
1007861
1011030
1001444
1003492
1005067
1011947
1011069
1001454
1001320
1000605
1007731
1001741
1011391
1007331
1009854
1005956
1010162
1007770
1000121
1006693
1007496
1007762
1006918
1000971
1009027
1006462
1003200
1009917
1002031
1012453
1012357
1004970
1006444
1005110
1000505
1009139
1007104
1006364
1001158
1004890
1004529
1005751
1004505
1005022
1004105
1006501
1001727
1003774
1005415
1011779
1005701
1001475
1000920
1005118
1004641
1000974
1010915
1004732
1010886
1002909
1000503
1004714
1006095
1007717
1004488
1002198
1002255
1011892
1001487
1009105
1009729
1003481
1000767
1003477
1000710
1006623
1007084
1006390
1003396
1007458
1008875
1001958
1007082
1001594
1002003
1004230
1009941
1011780
1011795
1004591
1005719
1006761
1010208
1006158
1012125
1005906
1009328
1000356
1001103
1004233
1010851
1003435
1006518
1000596
1003724
1004373
1012482
1002253
1008820
1009042
1004171
1000761
1005105
1010723
1006846
1007438
1009252
1002269
1012040
1012851
1002758
1004718
1004314
1009832
1002322
1007605
1000341
1009128
1000921
1003880
1012338
1006123
1010026
1009465
1010950
1001406
1009612
1009431
1002838
1003993
1010250
1009561
1005634
1012945
1001660
1010319
1000879
1010843
1006792
1006864
1001785
1004022
1006975
1005097
1001090
1002543
1007772
1007509
1003028
1001453
1002072
1004602
1007543
1006526
1000810
1002763
1007781
1001470
1012285
1007532
1010137
1001935
1011435
1003879
1004001
1011714
1005832
1009644
1003928
1009569
1000621
1006847
1010433
1002118
1009387
1002685
1003084
1006949
1003438
1000500
1000133
1012337
1011084
1009954
1008812
1004651
1010559
1008848
1002208
1006882
1006671
1009678
1003723
1009493
1007481
1007155
1011921
1010565
1007034
1007473
1012467
1000986
1004751
1000768
1003203
1003255
1006319
1011166
1003667
1011218
1000980
1000052
1005160
1010798
1003738
1002963
1003923
1011081
1012075
1003223
1010131
1005952
1000902
1011389
1000960
1000202
1000053
1009297
1004994
1005082
1004029
1007599
1002415
1002575
1003440
1002071
1007112
1012301
1009263
1000854
1000865
1001222
1003389
1001490
1010558
1001662
1003854
1002469
1003325
1000917
1012685
1007843
1007189
1002629
1009810
1000895
1010930
1011450
1000521
1011495
1003233
1002743
1010462
1005635
1003144
1002990
1012455
1009281
1011015
1005594
1004939
1002818
1010483
1004504
1000736
1001627
1012256
1006745
1005867
1005444
1005249
1010716
1005886
1007766
1000243
1003057
1007024
1009439
1012200
1002811
1001344
1010134
1012609
1001792
1010014
1003317
1004813
1004011
1009320
1004778
1001012
1000792
1004444
1009915
1001865
1012261
1006525
1004194
1009148
1006716
1010227
1006687
1005533
1002328
1007007
1004321
1004525
1000693
1006302
1007181
1011020
1005151
1006454
1000096
1002968
1005849
1001007
1007703
1005472
1001172
1010542
1001270
1006595
1001195
1005286
1007792
1010663
1003510
1000140
1004690
1004870
1004761
1007160
1011239
1004354
1010850
1009828
1003944
1011620
1004365
1011423
1011373
1006686
1009713
1008962
1005613
1011360
1000952
1011611
1012341
1011916
1005121
1006995
1009358
1012943
1001602
1000511
1006942
1010835
1007252
1009558
1009277
1000129
1007629
1003808
1010070
1005080
1002618
1001826
1010325
1012283
1011762
1007401
1011489
1005581
1012789
1011070
1010511
1012395
1004073
1000201
1006056
1000813
1007617
1007783
1007530
1001850
1000469
1011567
1010693
1006049
1003063
1011603
1002880
1010141
1000467
1008927
1003898
1010825
1012785
1002226
1006465
1003470
1010927
1002519
1007710
1005412
1005568
1012023
1004172
1000751
1005202
1000771
1001832
1001855
1003058
1006943
1007371
1012190
1004454
1004094
1012636
1007358
1003295
1003939
1002608
1011982
1011537
1006229
1002690
1004497
1012743
1007058
1006834
1001607
1012038
1000612
1002169
1006254
1007203
1007103
1003608
1001999
1003165
1010430
1012883
1009797
1009422
1011431
1002594
1006878
1005025
1010352
1003147
1006880
1009357
1011997
1004584
1011568
1002494
1005972
1000351
1009056
1007540
1003076
1004706
1011118
1004535
1007113
1011089
1004252
1000703
1006344
1001932
1012746
1012875
1000538
1011138
1010138
1012308
1002029
1009660
1009278
1002247
1005136
1002124
1007266
1002876
1002430
1007513
1006908
1009813
1012557
1001724
1008918
1010074
1001435
1002529
1007369
1010338
1003626
1007865
1000299
1006977
1005882
1012762
1011264
1010072
1002266
1004673
1001229
1001183
1003311
1000663
1007388
1012505
1011590
1010348
1000060
1004719
1005850
1004334
1001505
1007542
1011708
1004177
1011723
1001667
1003187
1006997
1006612
1007248
1005467
1001689
1004419
1006008
1009705
1003096
1002518
1012637
1003428
1000774
1012723
1002625
1012036
1012127
1007574
1010579
1009740
1007021
1007343
1010978
1009747
1010079
1010757
1005277
1012177
1001391
1010861
1002231
1002073
1007455
1005491
1000166
1009756
1010600
1012677
1004044
1000842
1002300
1012272
1003373
1005371
1012497
1009002
1001347
1007220
1009771
1007194
1012850
1005076
1010789
1007028
1009600
1011135
1005707
1005330
1010974
1001976
1004594
1005733
1011074
1001094
1010488
1005735
1010081
1003783
1009149
1006256
1008882
1012490
1010163
1000882
1011327
1000227
1004698
1012985
1004600
1007234
1003658
1010873
1006763
1007006
1003133
1002496
1010336
1011103
1001502
1010073
1000339
1002451
1005498
1011461
1009081
1011566
1006072
1007611
1004998
1007662
1006593
1012620
1006437
1012606
1002087
1003412
1004928
1002220
1009468
1009946
1004043
1006086
1003785
1003961
1000738
1009396
1009834
1010628
1002425
1012899
1002279
1002459
1005732
1012446
1011556
1012916
1006162
1005825
1000481
1005658
1002270
1005748
1002291
1009857
1004945
1006286
1000118
1007446
1005745
1012354
1006934
1003541
1005619
1002869
1000507
1007258
1002368
1005504
1011033
1004238
1012576
1012506
1004810
1006567
1010379
1005790
1000136
1001687
1006128
1004207
1004526
1003708
1005116
1005132
1005348
1004519
1007466
1001560
1003353
1011330
1008923
1012270
1010159
1001299
1000187
1012449
1011362
1002865
1008984
1012957
1012598
1010474
1007690
1011908
1003004
1001738
1006895
1009512
1000769
1006990
1006296
1007675
1002185
1000088
1007664
1005290
1006535
1009061
1003822
1003801
1001070
1007304
1000465
1003230
1011191
1007500
1002522
1009023
1003894
1011906
1004511
1010733
1009295
1010854
1011504
1009444
1005100
1011759
1011707
1004760
1005854
1010068
1009757
1000255
1000815
1010812
1007376
1010085
1007235
1011168
1007517
1008936
1004746
1002347
1001757
1000985
1012979
1006870
1012122
1010857
1006076
1007471
1004587
1012209
1004790
1010146
1009977
1006290
1006907
1003520
1009816
1005407
1003392
1009154
1002837
1003239
1005664
1005713
1009541
1006013
1003620
1009234
1000995
1007832
1010201
1012590
1010509
1000408
1003326
1003322
1004234
1003039
1002839
1005289
1011320
1006012
1007279
1011056
1007633
1009589
1007451
1005536
1009415
1001300
1009752
1012168
1012448
1004280
1000251
1007548
1003179
1006050
1012971
1007612
1009483
1012135
1004383
1009400
1003614
1011610
1007177
1005130
1005009
1005979
1001129
1003166
1002423
1012422
1010548
1011655
1006835
1001714
1009349
1004949
1007092
1003712
1005483
1006259
1002952
1007047
1002579
1001339
1008990
1001282
1007197
1004212
1004434
1006430
1011052
1009343
1004472
1004379
1007392
1010301
1006131
1002633
1007860
1006436
1001392
1007290
1004236
1010701
1005206
1010660
1002534
1009428
1010347
1005677
1012207
1002515
1012749
1003617
1006664
1011413
1000414
1006874
1007023
1002471
1005455
1003417
1005184
1010021
1006225
1007218
1006658
1007433
1006758
1010203
1009931
1009093
1007573
1003517
1000271
1004186
1006517
1010700
1001690
1004557
1000837
1011664
1004491
1002387
1000494
1007209
1011370
1010239
1009150
1000618
1000499
1001001
1007556
1007483
1005205
1009720
1007273
1010398
1008913
1000875
1004720
1000474
1002095
1001669
1012073
1010629
1009393
1009712
1008947
1009880
1005302
1002613
1003638
1012481
1010530
1005045
1011856
1000896
1002617
1003416
1011508
1007870
1004020
1009131
1004668
1001200
1009271
1003042
1005191
1001309
1012043
1003772
1001581
1000316
1004671
1000669
1008842
1009835
1003853
1002154
1001558
1005300
1000803
1005035
1005691
1004627
1005607
1012392
1007818
1006962
1006631
1007144
1002666
1005052
1010788
1006815
1002851
1003401
1004473
1004820
1002364
1000609
1010282
1003141
1002815
1011563
1004072
1004682
1002915
1004120
1009009
1002060
1008858
1004501
1012488
1012143
1004397
1006019
1010588
1011950
1009456
1011545
1004717
1007116
1009496
1010245
1007031
1002222
1010345
1002005
1012710
1005834
1000910
1009066
1006363
1002742
1009241
1010741
1002588
1009676
1004035
1011516
1004362
1010211
1009064
1010418
1007413
1010299
1012371
1004125
1007498
1012430
1011722
1009608
1011864
1001224
1004407
1005614
1009379
1004660
1012655
1005626
1006673
1002970
1010607
1012798
1011621
1011734
1002059
1002891
1009020
1003158
1009457
1009038
1004555
1007754
1001422
1006041
1005806
1005629
1010408
1001528
1007430
1009622
1006468
1004797
1006776
1010300
1006697
1005620
1003350
1007135
1005717
1012541
1008887
1010216
1006591
1007492
1005502
1002580
1007280
1001397
1012754
1006530
1012334
1004062
1001584
1004619
1012304
1003130
1005793
1012512
1006273
1005280
1009057
1003219
1010836
1011949
1004765
1007618
1012366
1001841
1001551
1003015
1001925
1001692
1007482
1002643
1012968
1010811
1000676
1002746
1001105
1009070
1004297
1004958
1004257
1004173
1010232
1006696
1000071
1011445
1000851
1011888
1000054
1006258
1000440
1006025
1011842
1009548
1012824
1011028
1002979
1001622
1011711
1001349
1000291
1009916
1006808
1012221
1007311
1011914
1011898
1006650
1010688
1001277
1010435
1010906
1007255
1002671
1006723
1012044
1003580
1012382
1007649
1005856
1010455
1010706
1003553
1003356
1007066
1002804
1005043
1012470
1002182
1006699
1012228
1003743
1000495
1003748
1011392
1012893
1002189
1010985
1011764
1005513
1001806
1009732
1009668
1002321
1004028
1007501
1001296
1009071
1012903
1004992
1011087
1002149
1005048
1003274
1011004
1003623
1000468
1004849
1007229
1009735
1005590
1007720
1010608
1008951
1009130
1010708
1007016
1009102
1006471
1003034
1002407
1001781
1006838
1005985
1011847
1007286
1002070
1002334
1001651
1011466
1005129
1004359
1007298
1004736
1012683
1000836
1005969
1011122
1004147
1012881
1000608
1008911
1009018
1011146
1001839
1007355
1011727
1011932
1006358
1006608
1004843
1012421
1009898
1001813
1000881
1002824
1001371
1000245
1000197
1005774
1005525
1002884
1011265
1003563
1009510
1011519
1003549
1002567
1008922
1009952
1006039
1005255
1004705
1011760
1011008
1011351
1009591
1004712
1008904
1000182
1010748
1002309
1005643
1007871
1012435
1001160
1009882
1005763
1009262
1011448
1011275
1001657
1002677
1011617
1003139
1002541
1011098
1000389
1005211
1009015
1000154
1012519
1012980
1002916
1006028
1007040
1010699
1001485
1011507
1005829
1005114
1012552
1004447
1010797
1003528
1009365
1011596
1001996
1003872
1011151
1002895
1002440
1006330
1012401
1008868
1011698
1011491
1005368
1006269
1007450
1004534
1010165
1012806
1007019
1010246
1004846
1006419
1012889
1007487
1005446
1002544
1010659
1001140
1011000
1011102
1012284
1006668
1010731
1011331
1000925
1009382
1006976
1001213
1012144
1001754
1005182
1007106
1012730
1007634
1004281
1004530
1002091
1000380
1004080
1000210
1003876
1002598
1001527
1005369
1005057
1009565
1006294
1009879
1005522
1005296
1007223
1001161
1001243
1012129
1004342
1006534
1005995
1002414
1012062
1007225
1007735
1002836
1011199
1006265
1002303
1011401
1002166
1009452
1009097
1001020
1011485
1004248
1004317
1011641
1010443
1011874
1007073
1009491
1010312
1005802
1005190
1012429
1004748
1000791
1010371
1002622
1007030
1000540
1004947
1001987
1003756
1006055
1002767
1007626
1003342
1012520
1004908
1008906
1003359
1000788
1004083
1008806
1010496
1012912
1009912
1003174
1006098
1005877
1005173
1006932
1004745
1003585
1003757
1003431
1002638
1007205
1010738
1001189
1011961
1011224
1010640
1000677
1002475
1011885
1011187
1005975
1010089
1009836
1009935
1007188
1009715
1006415
1001465
1000662
1003850
1012335
1010437
1010809
1006940
1001244
1012441
1001231
1002495
1011436
1007752
1007429
1010749
1004809
1011208
1002975
1000102
1010235
1002287
1010929
1001857
1002513
1007011
1011717
1005916
1000932
1008996
1009677
1012025
1010481
1006767
1011451
1007790
1001822
1002780
1003376
1004597
1009871
1003554
1012974
1011517
1009885
1005326
1012991
1005265
1011057
1001531
1006871
1006614
1000999
1000217
1005131
1002447
1003627
1007721
1005089
1002553
1003264
1007595
1006715
1012136
1005135
1011852
1003900
1000055
1010503
1007698
1002883
1004551
1012530
1009940
1006793
1002756
1001311
1012725
1010912
1012313
1001847
1009881
1011973
1007164
1000732
1007161
1012891
1010557
1003788
1007519
1001758
1011045
1010237
1005012
1001590
1004016
1000783
1001408
1000113
1007300
1006279
1004961
1001295
1011496
1001640
1004593
1007686
1001314
1002335
1007661
1011743
1003576
1009351
1006619
1002424
1001854
1002558
1012687
1010425
1000114
1005612
1007804
1004644
1011794
1001493
1004598
1011924
1001323
1012175
1003546
1007638
1007171
1005478
1001765
1005367
1011232
1003154
1010353
1003957
1006393
1006581
1012770
1009588
1002113
1004808
1005241
1011014
1004904
1000725
1011031
1003398
1010164
1000402
1009601
1009364
1012820
1011230
1003316
1006182
1004353
1001658
1007138
1000712
1004304
1004111
1004005
1011862
1006497
1012229
1005955
1003409
1012669
1009527
1009593
1009486
1001888
1011128
1007798
1004209
1006295
1000827
1011065
1003820
1001374
1010990
1009160
1012934
1005576
1007655
1002271
1010304
1005947
1010649
1012756
1000135
1012347
1010440
1009568
1011490
1002960
1006300
1010020
1006124
1004467
1000781
1012330
1007801
1011381
1007533
1009454
1010010
1002042
1011535
1003117
1010553
1009113
1008912
1002342
1008841
1004418
1011251
1009352
1005398
1007342
1003621
1000169
1000720
1001735
1005514
1003870
1004930
1006305
1012769
1011190
1012700
1000754
1000542
1011578
1010633
1003891
1000601
1005217
1006224
1010420
1011009
1002689
1011011
1007475
1001682
1006429
1000095
1010838
1001514
1012666
1001710
1012336
1004571
1012910
1005621
1005503
1009133
1012152
1000628
1004657
1001573
1004988
1010546
1005781
1000641
1007650
1012734
1009833
1004567
1009174
1006119
1004204
1004977
1012516
1003100
1006503
1012303
1012670
1002606
1009615
1000987
1011648
1003568
1009961
1012138
1005828
1004661
1012353
1010996
1004665
1005381
1003779
1002654
1010976
1007531
1000942
1003411
1003827
1011090
1007253
1011012
1003611
1007862
1000483
1010464
1010865
1002399
1000868
1010161
1006845
1011500
1001702
1006081
1004955
1012273
1011281
1004283
1006740
1012827
1001008
1005682
1001851
1004850
1000501
1009563
1005780
1011682
1010116
1009653
1012121
1000556
1010758
1011675
1006413
1005973
1011380
1012276
1009360
1003525
1006159
1009135
1002164
1012278
1010612
1000984
1006578
1003426
1003513
1001107
1009566
1004583
1006329
1003737
1009082
1011672
1000353
1010197
1007176
1007602
1005064
1010478
1011241
1010339
1011086
1001881
1009259
1004059
1009507
1005344
1006121
1011942
1001929
1001389
1001742
1011752
1001972
1010994
1012551
1012388
1012050
1001238
1007476
1007830
1010540
1004347
1005718
1010964
1003490
1000665
1004831
1006204
1006721
1006522
1003254
1012292
1001504
1006034
1010133
1000760
1010248
1010387
1001565
1004299
1006214
1006524
1007539
1011654
1003081
1011913
1009695
1000825
1000328
1002658
1004385
1010240
1001334
1010492
1002068
1011747
1009995
1005509
1004412
1001529
1006862
1000796
1001780
1011577
1011343
1005690
1006339
1003449
1003705
1010502
1010170
1009021
1004462
1012195
1012563
1000924
1003234
1009955
1004620
1010735
1012765
1007374
1000633
1009436
1006242
1003362
1000800
1005862
1004747
1002794
1009499
1011865
1012860
1007076
1012469
1010504
1004510
1005897
1004168
1011748
1010517
1005232
1000752
1005378
1004865
1007003
1003323
1010354
1005047
1010591
1000694
1000951
1003073
1006481
1001232
1002110
1009264
1009596
1012897
1010715
1009620
1010713
1005297
1011179
1001864
1006946
1004213
1007730
1005963
1002241
1000992
1009643
1006461
1002709
1005915
1011126
1011369
1003966
1005178
1009134
1004623
1010687
1003052
1005960
1010034
1011702
1009302
1009895
1004541
1009779
1009378
1004512
1003136
1000428
1001441
1010375
1000956
1001751
1012848
1000484
1009573
1010119
1003439
1002570
1007356
1000395
1005742
1012876
1006484
1009930
1010423
1006876
1011629
1011879
1007305
1003143
1006115
1002196
1006459
1009137
1011768
1002369
1004263
1006356
1006569
1006929
1007761
1004092
1000535
1006193
1002422
1004794
1004119
1009669
1010694
1004195
1011188
1001445
1007026
1010062
1001185
1005918
1012398
1011200
1011245
1004588
1009088
1010581
1009873
1002405
1001538
1006920
1003227
1005288
1006705
1003543
1002776
1010623
1003533
1012634
1007291
1006884
1004469
1007022
1001829
1011643
1011161
1004116
1001519
1004624
1000846
1010763
1003183
1004894
1009172
1012624
1005945
1001002
1010364
1005571
1001871
1001808
1004351
1002640
1004613
1001005
1004091
1009212
1006725
1012413
1009394
1010767
1002355
1003115
1012930
1012450
1012577
1012695
1010421
1008930
1001842
1000387
1001337
1009802
1007739
1011827
1003384
1011345
1006572
1005961
1010884
1007341
1012240
1010589
1002449
1012130
1000110
1001753
1012628
1005600
1007702
1004950
1010458
1006860
1000354
1003369
1002165
1010904
1002762
1003726
1005604
1010028
1004656
1001476
1005063
1004532
1002773
1009550
1007521
1009686
1006904
1007361
1000890
1003269
1006690
1002721
1006803
1002933
1010801
1010432
1011256
1002846
1011044
1003931
1010120
1002929
1004075
1011855
1003360
1005971
1010385
1002660
1001010
1002200
1002207
1012944
1004771
1002238
1010032
1011571
1007425
1007647
1002766
1005547
1001016
1001365
1012410
1012757
1001119
1011625
1011059
1010196
1005074
1002892
1005000
1003659
1004355
1012155
1006099
1006288
1012017
1007467
1002244
1002432
1001848
1003048
1011757
1007150
1004453
1012198
1004225
1000737
1001942
1010174
1005625
1010890
1009795
1003260
1010755
1004924
1011559
1000274
1011580
1001943
1012582
1009177
1012500
1000688
1001759
1011340
1009202
1008989
1001681
1011618
1007165
1011395
1001079
1002747
1002089
1010971
1006354
1012212
1011344
1003228
1011645
1003847
1000430
1010192
1007441
1005796
1009111
1002712
1005501
1004203
1011095
1003159
1006389
1006677
1007368
1000493
1009123
1002181
1009000
1006083
1005495
1012409
1006237
1006866
1012248
1005927
1012852
1005014
1002107
1006035
1009518
1006887
1003248
1002138
1000235
1004129
1000679
1003277
1009300
1002512
1005586
1011112
1003043
1003145
1006464
1007037
1010124
1001701
1005895
1001289
1002167
1009570
1007045
1007642
1006073
1005065
1000718
1005251
1010703
1009683
1011718
1006634
1011878
1008974
1010307
1010411
1009774
1000706
1003634
1002663
1007678
1012556
1001556
1005706
1009650
1003958
1003728
1006573
1003434
1011542
1009967
1011599
1011457
1001733
1006954
1001495
1006428
1002651
1004784
1003284
1009311
1005844
1010166
1002724
1004578
1001251
1004866
1001507
1011171
1001498
1003883
1009313
1002986
1006166
1011125
1010956
1005755
1005119
1012385
1003865
1003418
1011851
1005749
1010083
1002398
1006552
1005416
1004276
1002631
1004942
1007162
1006275
1011114
1006512
1008921
1010386
1001916
1005904
1003194
1010003
1008916
1007436
1007174
1012280
1007061
1002227
1003366
1002974
1011922
1003578
1005463
1010171
1012166
1000940
1003984
1011100
1002480
1000852
1003755
1003483
1005792
1004107
1006498
1007170
1012202
1010925
1003300
1001274
1004050
1000716
1000303
1003504
1012148
1000638
1003714
1003800
1011719
1002331
1004199
1000785
1005900
1002211
1009129
1011624
1009296
1012098
1010514
1010765
1012472
1001693
1006833
1012549
1012975
1000990
1000892
1009663
1012402
1004348
1012204
1005462
1006262
1010489
1011793
1007088
1009754
1009869
1006260
1002813
1012051
1005034
1010209
1012205
1005917
1007825
1006875
1001725
1004828
1005893
1010785
1010452
1010923
1000872
1006651
1011093
1005461
1008830
1012048
1005673
1004278
1004601
1005071
1009104
1011463
1001429
1001175
1010321
1010279
1007056
1012607
1000246
1002210
1011477
1000267
1009338
1006514
1003265
1010370
1009700
1008969
1002715
1006713
1000979
1000375
1011216
1005919
1007421
1006114
1009074
1010413
1011064
1003629
1007231
1004448
1003131
1001623
1001739
1003967
1011184
1006446
1000222
1010075
1002102
1010484
1001237
1003912
1011319
1011525
1008836
1004991
1007064
1000749
1008985
1002381
1003206
1007844
1009245
1005771
1001574
1001481
1009489
1004553
1001442
1000795
1011899
1007704
1000756
1001491
1010022
1009783
1001790
1002524
1010667
1009323
1006718
1003893
1012428
1011649
1002501
1006637
1002571
1004967
1006915
1000526
1011231
1012675
1012445
1011462
1001509
1001884
1009524
1006712
1007168
1002136
1012027
1000410
1011788
1012080
1012764
1011850
1010624
1002973
1009820
1005341
1003170
1001477
1003266
1011198
1001039
1000639
1011919
1002135
1010242
1001067
1007377
1011478
1004734
1012906
1003607
1005257
1000093
1005007
1010084
1011402
1010803
1010217
1001307
1004650
1001554
1009545
1009519
1001599
1006301
1009925
1012447
1002941
1003558
1002051
1011376
1004056
1012172
1009451
1012849
1012191
1009602
1012682
1001938
1010052
1001236
1009845
1012793
1003765
1011404
1004074
1010350
1004388
1005968
1012480
1011282
1011025
1004417
1007454
1006857
1005490
1005954
1003979
1001824
1006734
1002754
1012672
1007549
1007437
1011034
1000443
1003633
1002080
1011579
1012976
1007562
1009670
1003072
1010043
1011985
1010439
1012069
1000998
1011896
1012132
1006957
1011116
1005145
1006189
1001431
1010531
1004742
1004081
1007307
1000407
1012591
1012397
1004237
1011604
1002817
1005747
1005656
1001099
1003888
1006515
1006974
1005523
1010832
1000390
1010098
1003083
1010772
1004259
1003186
1012877
1004645
1011631
1003584
1006144
1005320
1003803
1007734
1009402
1003972
1012171
1011316
1005541
1005544
1010728
1003033
1007625
1010872
1004929
1001404
1001719
1007055
1007632
1004014
1008859
1011055
1012237
1000204
1001620
1004228
1010497
1003559
1001279
1001836
1011765
1012895
1012797
1005295
1001259
1009642
1012772
1004540
1011835
1009529
1011472
1012093
1000692
1002641
1008874
1000577
1006890
1004543
1004518
1002667
1000178
1012599
1003933
1007697
1005102
1005493
1000165
1004166
1005422
1006714
1004313
1001317
1011104
1002133
1003231
1000833
1012625
1003901
1003432
1009184
1001610
1009913
1006819
1012217
1009973
1011094
1001649
1007210
1006730
1007351
1011117
1011996
1003917
1006655
1004021
1011979
1011749
1012589
1010604
1001603
1005562
1004305
1006408
1010877
1008886
1006479
1005013
1005347
1000433
1002092
1005560
1011952
1012771
1006766
1006113
1001147
1006500
1002088
1010908
1002171
1001285
1009762
1004290
1003118
1009147
1001876
1010125
1000777
1004863
1010813
1002418
1012299
1006968
1006986
1009114
1002481
1009651
1001993
1004010
1010463
1009432
1004629
1001731
1010942
1006147
1002786
1006130
1010251
1006212
1003132
1010846
1004468
1005331
1000001
1003157
1006933
1006097
1010241
1005456
1004470
1009745
1005142
1009495
1005442
1011536
1001199
1011153
1004635
1010103
1004792
1005093
1012318
1003252
1009724
1005605
1001484
1003172
1010507
1010606
1005646
1010759
1010477
1004944
1012181
1003877
1002278
1007199
1002184
1003652
1006442
1009040
1007272
1005469
1009575
1012578
1012473
1011271
1001325
1004592
1011048
1000436
1003908
1006802
1005471
1004390
1007193
1004978
1005652
1009584
1011669
1001772
1009079
1007585
1011439
1010041
1008861
1011650
1004621
1005075
1000740
1005187
1004550
1010113
1011219
1001575
1003448
1012732
1010399
1009370
1006983
1000726
1001460
1008963
1003410
1006255
1005789
1010513
1005563
1003694
1002600
1009067
1001577
1012993
1002324
1000383
1005240
1007389
1004423
1010471
1007005
1012810
1007769
1012999
1009590
1009905
1002038
1001396
1005321
1002928
1010060
1005235
1011322
1004042
1010457
1001169
1009583
1011628
1010064
1000335
1003720
1001549
1000146
1010114
1006704
1002176
1008855
1002881
1011071
1003489
1003088
1012815
1003941
1012697
1004102
1010828
1012663
1005365
1000699
1009227
1002810
1010521
1004833
1005141
1000764
1011923
1009165
1004573
1003111
1000866
1004739
1005803
1002761
1012329
1003167
1010601
1002239
1007246
1009944
1006905
1012859
1012673
1006125
1004546
1008902
1010845
1001072
1011957
1004485
1000372
1000149
1010157
1011017
1000051
1004126
1002457
1005923
1006600
1005411
1002583
1006338
1006565
1005432
1009971
1011174
1009959
1010343
1005836
1005651
1011292
1009666
1002018
1004052
1000604
1007149
1009855
1012419
1009007
1010893
1005824
1007691
1010175
1003330
1000734
1009503
1002441
1011518
1003424
1011739
1001260
1006318
1011476
1004039
1001488
1001367
1007518
1012997
1011475
1002357
1004782
1012608
1009448
1003866
1002056
1008948
1006863
1005164
1011558
1004393
1010218
1010199
1005739
1012317
1002152
1004376
1011902
1000997
1006177
1012265
1005573
1001887
1000698
1004683
1001409
1012399
1003474
1010680
1011772
1011991
1006478
1006109
1004940
1010403
1008879
1001619
1009152
1004946
1006263
1003378
1002025
1004980
1010965
1010970
1001265
1009798
1003707
1001908
1001024
1005958
1005804
1009814
1012816
1007803
1009325
1005833
1004554
1011832
1001849
1009738
1007238
1009806
1009201
1001585
1011357
1001109
1003105
1003013
1002577
1007515
1012856
1002874
1009397
1006405
1005870
1012362
1012693
1011726
1005453
1009979
1002587
1012491
1011978
1007166
1012515
1002981
1002890
1002717
1010799
1005096
1009691
1006689
1005681
1003313
1011429
1010709
1011771
1006726
1004922
1007435
1001009
1012884
1000492
1010515
1009421
1009890
1010769
1008847
1003065
1003357
1001398
1001060
1012892
1008929
1002410
1001315
1003562
1007041
1002002
1003686
1010988
1007270
1012759
1009812
1001950
1003209
1007579
1004853
1003408
1010210
1005768
1003150
1004332
1003670
1005592
1001752
1010045
1003936
1010609
1010898
1012423
1002320
1011294
1005343
1010285
1012966
1005813
1009637
1004531
1004934
1009628
1005741
1006789
1009586
1004798
1007010
1009891
1009490
1001288
1004475
1005861
1012340
1001394
1002215
1002919
1005186
1004769
1005570
1010626
1011152
1001874
1007059
1004160
1002146
1005760
1006383
1000518
1006257
1002258
1005336
1009520
1003272
1003211
1002085
1006233
1002306
1001351
1004140
1004054
1008973
1004145
1011844
1011697
1000711
1002736
1003344
1006571
1003331
1012194
1011553
1004647
1009083
1009924
1012114
1009760
1000912
1000394
1006001
1005113
1007842
1009692
1002584
1012439
1005126
1007756
1005908
1003286
1003679
1006812
1003567
1007589
1003603
1009742
1003338
1003845
1004960
1010773
1000270
1011875
1001291
1012355
1002484
1002453
1007660
1002478
1011250
1011550
1012778
1012936
1007760
1010173
1002230
1004755
1000891
1001928
1002727
1001141
1001918
1006174
1001044
1012838
1011586
1011159
1006643
1000840
1012703
1004883
1009030
1007395
1012580
1002295
1004032
1010983
1010001
1010369
1005308
1004586
1000376
1009567
1004018
1007780
1011460
1004198
1001617
1007845
1011894
1002877
1009635
1004976
1012656
1004995
1007086
1007765
1007621
1006781
1009618
1010205
1011323
1010104
1011859
1005077
1005434
1007728
1010486
1001474
1006906
1004184
1006848
1009167
1004402
1011304
1010392
1003511
1003067
1011977
1004027
1012319
1007120
1004789
1007431
1001176
1006267
1009560
1007676
1006660
1006701
1006002
1003453
1007663
1010389
1007672
1011690
1006917
1006953
1009772
1003162
1007271
1003605
1006964
1009467
1003745
1004826
1001921
1005901
1007593
1002971
1004990
1012078
1002437
1005602
1004295
1011524
1004242
1000228
1011966
1006427
1002098
1008980
1003496
1012955
1011202
1010401
1001014
1010284
1010506
1010270
1000938
1007566
1006897
1006947
1004443
1003469
1001061
1005219
1011335
1001816
1002139
1000219
1005558
1004969
1002871
1009746
1008965
1007767
1010804
1005746
1003990
1006051
1006641
1012555
1000151
1003476
1004508
1010973
1009438
1005507
1002076
1012537
1000417
1007604
1009572
1005692
1011853
1004435
1003730
1002858
1007439
1004979
1010309
1010255
1000347
1009138
1008823
1000597
1000442
1012076
1006653
1011307
1000757
1006898
1002434
1005636
1001726
1000856
1006179
1011667
1000821
1000266
1010373
1009084
1001963
1012081
1002150
1010766
1006297
1001799
1011005
1009966
1003225
1005451
1000244
1001293
1006397
1003836
1009359
1001900
1009384
1005859
1005346
1003989
1002050
1006252
1002454
1004100
1001869
1004749
1000619
1000686
1004727
1000196
1005807
1005494
1004330
1005420
1007130
1012070
1011634
1003283
1007352
1004040
1011646
1006551
1006164
1002202
1001778
1012888
1010286
1009011
1010686
1002820
1005227
1006667
1011287
1007828
1001421
1006896
1009953
1003932
1010582
1011342
1010069
1001159
1000816
1010454
1007032
1010008
1012714
1012587
1010367
1007105
1011181
1000439
1003419
1001136
1007461
1000599
1007276
1003508
1000908
1009876
1011548
1001513
1003687
1001049
1005322
1005335
1001427
1001483
1000993
1009077
1010948
1000192
1010972
1006903
1010037
1007614
1012633
1005931
1012116
1003304
1011616
1006984
1012709
1002170
1011201
1011365
1003586
1003523
1005863
1006048
1002310
1002377
1005510
1004057
1000128
1012844
1005179
1010563
1004966
1012653
1012817
1009534
1010355
1003297
1006708
1000563
1007378
1004335
1011873
1011139
1006054
1003441
1011520
1004675
1007712
1011140
1006141
1011530
1004007
1003985
1008877
1011050
1003814
1002359
1003734
1007852
1007755
1004464
1004972
1000420
1011291
1008924
1012239
1006357
1009331
1000967
1004053
1010617
1004082
1012660
1004478
1008939
1006741
1003017
1002474
1005216
1001665
1011584
1009453
1000855
1004558
1003137
1001366
1009475
1003393
1005857
1009901
1003651
1010276
1001336
1004401
1000878
1011869
1007008
1005720
1003245
1010907
1010619
1000728
1005529
1009844
1004291
1009464
1002063
1007179
1009578
1000311
1009675
1001783
1001065
1012715
1009786
1005248
1000350
1004179
1000367
1001174
1012898
1009372
1011543
1007776
1000391
1005218
1010833
1004993
1002433
1010816
1003035
1000112
1009630
1005486
1002304
1011694
1005921
1003817
1005936
1004667
1005050
1010111
1001029
1007478
1006349
1007557
1002521
1007563
1007339
1000525
1008890
1003142
1004405
1004696
1002186
1001582
1004884
1002816
1007121
1006769
1003047
1004772
1001571
1003324
1001254
1009990
1001416
1002910
1010841
1002565
1006899
1006547
1004361
1007183
1011785
1006691
1009751
1000685
1005361
1004919
1002739
1006719
1012434
1010883
1007590
1005452
1000488
1002741
1000460
1003909
1006958
1004492
1009972
1012680
1003328
1001744
1000683
1010015
1009582
1007692
1004589
1011615
1006854
1001743
1002569
1011060
1005137
1009481
1002644
1000250
1002379
1005879
1009385
1000322
1005210
1010523
1000109
1012442
1010470
1000332
1000454
1006921
1001182
1006020
1011937
1009274
1007823
1009437
1007422
1001132
1003976
1006787
1004398
1006577
1006584
1012724
1006376
1003692
1003983
1009661
1000782
1003421
1012699
1012658
1004190
1002607
1007261
1005964
1004920
1009969
1008899
1003134
1001845
1006045
1007597
1009522
1007786
1007777
1004222
1009220
1004049
1011042
1003926
1004077
1012294
1009875
1011194
1009983
1010122
1004869
1012960
1007114
1010519
1005630
1011268
1006768
1012837
1003347
1009839
1003512
1005005
1008807
1001659
1002305
1003402
1000885
1003182
1009592
1002848
1009864
1008997
1002020
1003294
1011261
1001146
1006209
1009462
1008804
1002586
1003152
1003446
1009054
1004097
1002297
1004372
1011432
1007111
1011474
1009542
1000839
1007249
1011338
1003960
1012641
1006951
1007412
1001400
1009860
1011951
1011661
1000610
1008957
1003612
1001112
1000458
1005934
1001809
1010033
1000946
1005261
1004723
1004350
1002057
1010234
1001272
1007443
1002789
1012811
1011565
1001990
1006495
1002116
1007608
1005244
1005685
1009911
1011279
1002853
1004427
1006502
1003197
1004793
1011063
1005323
1003758
1001170
1012109
1007567
1012324
1000550
1007328
1004156
1006912
1001437
1004753
1007744
1010528
1002288
1000809
1007440
1000873
1002514
1007139
1006724
1000295
1001632
1012412
1002591
1002947
1000812
1009305
1006380
1011731
1009701
1006531
1006375
1006108
1011744
1005400
1002058
1010259
1005313
1002510
1010910
1010560
1011528
1000591
1009737
1011361
1003041
1006744
1005888
1009413
1006235
1008821
1003579
1006153
1003942
1007727
1002354
1004659
1005294
1004856
1001382
1003564
1012289
1009029
1003238
1001496
1002028
1007074
1004841
1003676
1010096
1004251
1001613
1005305
1001673
1000366
1006176
1012684
1008885
1002490
1009330
1004303
1007666
1012053
1006433
1005683
1012854
1011131
1011582
1009273
1006985
1006797
1002375
1001035
1009216
1012532
1005127
1006952
1008981
1005373
1011144
1004893
1001587
1002419
1005284
1001123
1007403
1011349
1000342
1010620
1003763
1009284
1007117
1001150
1007643
1002784
1001084
1010505
1005454
1009173
1010880
1005770
1012097
1002599
1009796
1000806
1011791
1010191
1011494
1011863
1010760
1009232
1001545
1009233
1003699
1010564
1001157
1011887
1004438
1004814
1001913
1001970
1006284
1010214
1006192
1003753
1005847
1010053
1011935
1007489
1006191
1004206
1005068
1007568
1000040
1002183
1011595
1010669
1009062
1009143
1000817
1011585
1001521
1003698
1002576
1003552
1012940
1010017
1003400
1007817
1007447
1006589
1002435
1010718
1001180
1003069
1011544
1006966
1012716
1010023
1010750
1001578
1007820
1003636
1011821
1004768
1010848
1002108
1003807
1006754
1009974
1012454
1012271
1001206
1007152
1009982
1002536
1004728
1007145
1001953
1004632
1002834
1012603
1005200
1001135
1000340
1010029
1000702
1012015
1009776
1012803
1001262
1005457
1010722
1006625
1004127
1000509
1005274
1012047
1012984
1005364
1006967
1001986
1005006
1006078
1001644
1010829
1011705
1007485
1011591
1001492
1002212
1006828
1003689
1000224
1001011
1011911
1003716
1010361
1004331
1004298
1005567
1001625
1007314
1000277
1009791
1001776
1007329
1011157
1000630
1006550
1005055
1005133
1005287
1005990
1011588
1007406
1010555
1011297
1010537
1006491
1001830
1011681
1006453
1012908
1012786
1005817
1011180
1011197
1001430
1009049
1002093
1009758
1007729
1010363
1009801
1001606
1004161
1003950
1000225
1005907
1007274
1002213
1010578
1010670
1007063
1009477
1003114
1002455
1011992
1011572
1002251
1012314
1003761
1002738
1010646
1004777
1006654
1004596
1001461
1001025
1007829
1007787
1004959
1003082
1002752
1001957
1012041
1012372
1011800
1004680
1012055
1011746
1006956
1005197
1011773
1004307
1002692
1005680
1006326
1007081
1005086
1003454
1005004
1003027
1001730
1001787
1005188
1001655
1003287
1005665
1008952
1000534
1006930
1004095
1006451
1005595
1011925
1000888
1011763
1005767
1006599
1000578
1002697
1006223
1000238
1002061
1005189
1002117
1009892
1001711
1001345
1005757
1000682
1009847
1012679
1006991
1007607
1005728
1006676
1010249
1010631
1002319
1004674
1001699
1003224
1011019
1003242
1003903
1012792
1009789
1000681
1011207
1002592
1010866
1007212
1003981
1010092
1005841
1009544
1012823
1010005
1009856
1009142
1009647
1012728
1000977
1004012
1012885
1005193
1004891
1009257
1005066
1004997
1010675
1010744
1011286
1009657
1012781
1009710
1005929
1012367
1010261
1004495
1001111
1005445
1000338
1005155
1004572
1004498
1009176
1002307
1004227
1001203
1012826
1010212
1007242
1011053
1007109
1010576
1001535
1012464
1002286
1011415
1012518
1012343
1005029
1004708
1012733
1006126
1009408
1009223
1006210
1002026
1007459
1002530
1008958
1001708
1010869
1010888
1004999
1012077
1003204
1009287
1000715
1012179
1002614
1005943
1011510
1012005
1002932
1002235
1005317
1009065
1007295
1010656
1005340
1012855
1000570
1004219
1009283
1012028
1009282
1012456
1003887
1012813
1010887
1010476
1012359
1006636
1009356
1002505
1011666
1012312
1011881
1011414
1010441
1010342
1004205
1009648
1009696
1011756
1005430
1003709
1000627
1003826
1004159
1003860
1009513
1000301
1008802
1000675
1000622
1003997
1010154
1009863
1002636
1004951
1007872
1001646
1012766
1006566
1005435
1012290
1012659
1006244
1009214
1003516
1004432
1011691
1006082
1004015
1011441
1008801
1004226
1005212
1005776
1007711
1003465
1007682
1001746
1009256
1012570
1011288
1004819
1010740
1004625
1002172
1006736
1001798
1002825
1006311
1012188
1006889
1004367
1010298
1009312
1001615
1000937
1007809
1005543
1000673
1012245
1002489
1004812
1009414
1006885
1010426
1002517
1003862
1001982
1002711
1010831
1001128
1005783
1000625
1012524
1003548
1011804
1011994
1004329
1011242
1004840
1003494
1010938
1009006
1010791
1001609
1004694
1012095
1011988
1005239
1008943
1002642
1009825
1007214
1002602
1007251
1001447
1011713
1008909
1010730
1006935
1005838
1009743
1007854
1008896
1001239
1000822
1005922
1011692
1004902
1002194
1006116
1000934
1012686
1006137
1003184
1012394
1002417
1011741
1001728
1009497
1003750
1005669
1006332
1005316
1006777
1007768
1001241
1003815
1002462
1009112
1006910
1001247
1011867
1008805
1005394
1012018
1011372
1005375
1009773
1012186
1005816
1010117
1001059
1000945
1000259
1005111
1010961
1011695
1007337
1001915
1003799
1000594
1007033
1005599
1010185
1003998
1012610
1003770
1009841
1009419
1011729
1010128
1001040
1004783
1012254
1006939
1008833
1012106
1010012
1010997
1002103
1007683
1005459
1007285
1009777
1005853
1007292
1005615
1011570
1007669
1000847
1005345
1004104
1007635
1008834
1004144
1003622
1001923
1012763
1012178
1003910
1007495
1004923
1003257
1007185
1003550
1002225
1007833
1011339
1011111
1003445
1006826
1006466
1006774
1002753
1012668
1001046
1006351
1008920
1006801
1007159
1003635
1011178
1000524
1012536
1012950
1011479
1004302
1012274
1001833
1007310
1010784
1001319
1004776
1001133
1012967
1001395
1007816
1002311
1012059
1003971
1004800
1004188
1002708
1006036
1001287
1006753
1001448
1003109
1011398
1000962
1011789
1012688
1003786
1001671
1000957
1004356
1007674
1012595
1001919
1010391
1010876
1000320
1009725
1007740
1006206
1010852
1001426
1000907
1005242
1000437
1001760
1005250
1012611
1010450
1005011
1009479
1008870
1010193
1005230
1010638
1004408
1000844
1005535
1012799
1012593
1007627
1006304
1001503
1011820
1006452
1006241
1004157
1004411
1002734
1000789
1012123
1006029
1003746
1003556
1007822
1012958
1007586
1001821
1005224
1001663
1011575
1012796
1004631
1011235
1010704
1002731
1008917
1007051
1007002
1011886
1011348
1000421
1005842
1011465
1012894
1000194
1006320
1000025
1000537
1010448
1004247
1001463
1005480
1011933
1006368
1000504
1000141
1003218
1006831
1003090
1011106
1007733
1012196
1003573
1004611
1002111
1009180
1012002
1006843
1007348
1007688
1011099
1006066
1005608
1007415
1006683
1011233
1005519
1006403
1004868
1002700
1006858
1011283
1004603
1002156
1006234
1011193
1006742
1002861
1004121
1001713
1007267
1003050
1002976
1000063
1007243
1003163
1006396
1011976
1011967
1005233
1000037
1000634
1007581
1005712
1012970
1012034
1011388
1011046
1012517
1005924
1002897
1001380
1007636
1009463
1010875
1009843
1009276
1012384
1006450
1001661
1004267
1007289
1003616
1002904
1001053
1005108
1005801
1003609
1006587
1007391
1002313
1009255
1011635
1002263
1012174
1001428
1008863
1006441
1007637
1003124
1003710
1004847
1005799
1003969
1012649
1007301
1002542
1005639
1000853
1007247
1010882
1011755
1012203
1006387
1011597
1000972
1003368
1005350
1005214
1001810
1012995
1003963
1006489
1012664
1009045
1005177
1002491
1003505
1006810
1003164
1002796
1011809
1002852
1000886
1001853
1006728
1004254
1001341
1002470
1003662
1011367
1003986
1005939
1012400
1007262
1010461
1011555
1012890
1007085
1004268
1012623
1000278
1003120
1002090
1005229
1000659
1004319
1010928
1009107
1010952
1010648
1004811
1002174
1001419
1006151
1010762
1009053
1009942
1009162
1005166
1006261
1001459
1000541
1002204
1007013
1006892
1011464
1011502
1002128
1001376
1004886
1003026
1000656
1011715
1002242
1002589
1010768
1001523
1001811
1011088
1011481
1006829
1009694
1007206
1003927
1006992
1002764
1004568
1006644
1001194
1004087
1003953
1000727
1009321
1001968
1009010
1007321
1010782
1012584
1011647
1011623
1006289
1012046
1002010
1006075
1002985
1006449
1010183
1012101
1012619
1004767
1012189
1007399
1009440
1003613
1001721
1005307
1004521
1009540
1011990
1007204
1007623
1003455
1003565
1003188
1007785
1003169
1010221
1012471
1002866
1006922
1006613
1001805
1002961
1007308
1011336
1009767
1011150
1005640
1008808
1006516
1001424
1007409
1009636
1001543
1002706
1000221
1004633
1000672
1009373
1009333
1009929
1004579
1006752
1005874
1011006
1001652
1001920
1002325
1000131
1004646
1003107
1007151
1011082
1004740
1003246
1005696
1009354
1005181
1004370
1001340
1011192
1010402
1001926
1004730
1004143
1011813
1009697
1010475
1002935
1000778
1000137
1007132
1010182
1008827
1000385
1011592
1002428
1001178
1003844
1002965
1005989
1002104
1004857
1002967
1009672
1000519
1007038
1007408
1002345
1010295
1006053
1007670
1012592
1003345
1006813
1001077
1004246
1012873
1004071
1005506
1010194
1000283
1011974
1011787
1009673
1011278
1004487
1005524
1007799
1005579
1000901
1002195
1003193
1008895
1010384
1000645
1002015
1007644
1009292
1005616
1010485
1000139
1012452
1005660
1009124
1002361
1003089
1005147
1010827
1007119
1012001
1002714
1003736
1007628
1012375
1009247
1005638
1002725
1002047
1010916
1009748
1006994
1011137
1000256
1001003
1000485
1010654
1012230
1005028
1008864
1002603
1010657
1011036
1011513
1003637
1003488
1009355
1011454
1011593
1006146
1004409
1011255
1000475
1004352
1010981
1009430
1003292
1003135
1000074
1011358
1010729
1000066
1006251
1000553
1012146
1007128
1005263
1009986
1010404
1010726
1003839
1002582
1002878
1009993
1003886
1010151
1001937
1010618
1005585
1002125
1000466
1004239
1012286
1005053
1006729
1011492
1003029
1004103
1003536
1003452
1005267
1010311
1002554
1006194
1002248
1011720
1010230
1006760
1005332
1003920
1005716
1003602
1011092
1005036
1006506
1000859
1004293
1006970
1010050
1012801
1009526
1009316
1003884
1006150
1004948
1004465
1001626
1001648
1009665
1007472
1010712
1005298
1001629
1007742
1011047
1001907
1012368
1001534
1003791
1011295
1008822
1010940
1006832
1003315
1009509
1002898
1005821
1012332
1011534
1010518
1006670
1004676
1010310
1010377
1011999
1000916
1002106
1006830
1005520
1007795
1006440
1007652
1002261
1002925
1010786
1000158
1010895
1009399
1004377
1009547
1012035
1006205
1009208
1001361
1012924
1009258
1010597
1007561
1006298
1012872
1007824
1011387
1006490
1006780
1002566
1003298
1004346
1012293
1002873
1012133
1002199
1005027
1001149
1003319
1002623
1000707
1000660
1002265
1012767
1004941
1000412
1006328
1012508
1009340
1000832
1006336
1010269
1011845
1005704
1001410
1002100
1012128
1011704
1010690
1009306
1000446
1007719
1009169
1009960
1005537
1000125
1000308
1012298
1001917
1001695
1006592
1011910
1011505
1001524
1010091
1000115
1009505
1006105
1012305
1000418
1003696
1005881
1011334
1012110
1003068
1003947
1010862
1011678
1005517
1003024
1005405
1011032
1004817
1001499
1010207
1010044
1009085
1001082
1004167
1001794
1012605
1007788
1007641
1006540
1007424
1004430
1010539
1011285
1011693
1000101
1012832
1001464
1001901
1005650
1012616
1007630
1010090
1009815
1002245
1010775
1010764
1012082
1000425
1006557
1004726
1009763
1010524
1003222
1009381
1007609
1004341
1004124
1009768
1007169
1001852
1002209
1001415
1008809
1005094
1004463
1007551
1010543
1003430
1011315
1012403
1002141
1007587
1002823
1010830
1004221
1006755
1012443
1006818
1003095
1010129
1000814
1000287
1006616
1009726
1006196
1006246
1005957
1011984
1000370
1012507
1004689
1012982
1001057
1007380
1003022
1007462
1005372
1006583
1002957
1000447
1010987
1005112
1005566
1006791
1005215
1009614
1005752
1007281
1005174
1012654
1001248
1005042
1001023
1002292
1012063
1005069
1011354
1005414
1006844
1000148
1012983
1006955
1003863
1009708
1007580
1002460
1012396
1002013
1008992
1003995
1011321
1011797
1000300
1009288
1007477
1009460
1000583
1010535
1010536
1001097
1009094
1008839
1006960
1009012
1010842
1012391
1000780
1000566
1006811
1001148
1006134
1009078
1003021
1012925
1005930
1009304
1009028
1002134
1009809
1004249
1004025
1005256
1000588
1003570
1012249
1007584
1001198
1000423
1001297
1004575
1009186
1006026
1009127
1007835
1010918
1006582
1011471
1006313
1005144
1011928
1000989
1007054
1003777
1009818
1002972
1011828
1011341
1011904
1003006
1001767
1007125
1004733
1004936
1012600
1003811
1010526
1012988
1010957
1010580
1009075
1012744
1002681
1007668
1000657
1009792
1002903
1006353
1002782
1010847
1011301
1003644
1002341
1002902
1007732
1011870
1000312
1005925
1011912
1004282
1005107
1004983
1009427
1002843
1006850
1010647
1001052
1011857
1002336
1007146
1003943
1001835
1010144
1010685
1002427
1010366
1006684
1011440
1010359
1008873
1003835
1012033
1007645
1001318
1005049
1002034
1009231
1010677
1002806
1007101
1005109
1004743
1011576
1011882
1009016
1002246
1006202
1003566
1011412
1004474
1009466
1006528
1000120
1007700
1001962
1011802
1006902
1007303
1002520
1002605
1002350
1004396
1000207
1002332
1004527
1005835
1011824
1003506
1006343
1006722
1004953
1008934
1004559
1009194
1000941
1012831
1009805
1000039
1005377
1012721
1012208
1000142
1000799
1012014
1010061
1012141
1005724
1005805
1005090
1006432
1003598
1012300
1005207
1010344
1012896
1009641
1004852
1000384
1004322
1005978
1011163
1002682
1003364
1002934
1004285
1009872
1002899
1002854
1000476
1007432
1007067
1006021
1005672
1004687
1007060
1000948
1009829
1007154
1005030
1001506
1010545
1012812
1005024
1011630
1004457
1004878
1000580
1000830
1012858
1007398
1010357
1007748
1004754
1010346
1005648
1000186
1004170
1003881
1010598
1002792
1009714
1001593
1005864
1006000
1006199
1010059
1005671
1003336
1007442
1003383
1000313
1003305
1001255
1000184
1003778
1012296
1007027
1001771
1009329
1003403
1001075
1012784
1009908
1011142
1010979
1003502
1008979
1007545
1012845
1003545
1006149
1009153
1003273
1005744
1009488
1012219
1007394
1001467
1009254
1000056
1004888
1000959
1002847
1010126
1009144
1010123
1007414
1005379
1003775
1010318
1004306
1001542
1007200
1010962
1006700
1005433
1005161
1007687
1002404
1010616
1011347
1009219
1011526
1003420
1006103
1004360
1010544
1000919
1001965
1002127
1000199
1002224
1005711
1006746
1009416
1011419
1009739
1008831
1005982
1010527
1003725
1005225
1000947
1004400
1008867
1011078
1001910
1003436
1001889
1003290
1011849
1001795
1001680
1002383
1009609
1002214
1003127
1001764
1004165
1009222
1005891
1011822
1007400
1006168
1007550
1006093
1001858
1007491
1001083
1010794
1012558
1010303
1000373
1001385
1000058
1006783
1011660
1000486
1007347
1009110
1012173
1009322
1001605
1000613
1012167
1003534
1004395
1006881
1001034
1002634
1012104
1002315
1006879
1012404
1011725
1003363
1006438
1001211
1001686
1002920
1004274
1009826
1005243
1011522
1006187
1002205
1003674
1012909
1011589
1009989
1011557
1012564
1000723
1006840
1007444
1003092
1001840
1001978
1004162
1005848
1003771
1010678
1004066
1007773
1004189
1011987
1006143
1005037
1004108
1010991
1001471
1004320
1010231
1012527
1011769
1010954
1010746
1006609
1003657
1004528
1006139
1010945
1009073
1001837
1003624
1002408
1003189
1011039
1005564
1006711
1005246
1007749
1001171
1004437
1002907
1004182
1001304
1006731
1000382
1000478
1011170
1012258
1011215
1008891
1011058
1012071
1010719
1010933
1010030
1011562
1000497
1010167
1012574
1002624
1005657
1011872
1004392
1006859
1011930
1004721
1001734
1002499
1001973
1004164
1006482
1011120
1006434
1000829
1000461
1000864
1007227
1010655
1010362
1009723
1000431
1006445
1005271
1002870
1004333
1009034
1003691
1012242
1009811
1008986
1000903
1008818
1006710
1011658
1003240
1011758
1012045
1010993
1009625
1005399
1011834
1008970
1006181
1011684
1010225
1005826
1012266
1004639
1010752
1005425
1009769
1012878
1011814
1004537
1002737
1007570
1011443
1009804
1012306
1001791
1011918
1006537
1000824
1010449
1001512
1005266
1002298
1012841
1011784
1005460
1002696
1006646
1002621
1004202
1004952
1010002
1001866
1000188
1005384
1006602
1000175
1009155
1005275
1005085
1006062
1003119
1001636
1005572
1003122
1009409
1006006
1011038
1009571
1007631
1002511
1003572
1003895
1003749
1011483
1004218
1001066
1005447
1000330
1002911
1007694
1011606
1007522
1012277
1005018
1011766
1002906
1003271
1012638
1007319
1012790
1003842
1007115
1011944
1010992
1004577
1004634
1011808
1001383
1006417
1007124
1010101
1012604
1009664
1000913
1001801
1009036
1009909
1001922
1001466
1010372
1010834
1011792
1010260
1010007
1001732
1004382
1003044
1010076
1002998
1001482
1001130
1002647
1011876
1003329
1010611
1006342
1007699
1003914
1003085
1000629
1003973
1009115
1004829
1002921
1010431
1006406
1011917
1006948
1003962
1011449
1007428
1007070
1007099
1009100
1009326
1011066
1004607
1000368
1010980
1002994
1004386
1002922
1002472
1007507
1011938
1011026
1000257
1004185
1006642
1012651
1007163
1012951
1006474
1012713
1001678
1004316
1003443
1000230
1003618
1004450
1005356
1007807
1003838
1005124
1010326
1011826
1003795
1009229
1011806
1012056
1005366
1004275
1008959
1012819
1005448
1012140
1011497
1010547
1006327
1003596
1005883
1005120
1000304
1001115
1011252
1009782
1009616
1006248
1011119
1005967
1009183
1004266
1002396
1006334
1000860
1002004
1009024
1012834
1000092
1004436
1000386
1006900
1002908
1004458
1000069
1005359
1003843
1010195
1005845
1007713
1003760
1000848
1010641
1000103
1000966
1005512
1010705
1011710
1009461
1002339
1009429
1011073
1004101
1003036
1006365
1007841
1005709
1012268
1010292
1010383
1012911
1003482
1012941
1007333
1001486
1006071
1009145
1006402
1000646
1011257
1002296
1007591
1010351
1009473
1002064
1011890
1009361
1003688
1001927
1007353
1003991
1006197
1011213
1004987
1009837
1000701
1003349
1007512
1009080
1010810
1008880
1003713
1003781
1001497
1005997
1007575
1007338
1000233
1009003
1006011
1011368
1000561
1006504
1002053
1006988
1003075
1000793
1002344
1005937
1002701
1006282
1012365
1009108
1004068
1007695
1006580
1003873
1004874
1003846
1012193
1004666
1006399
1005557
1002498
1001598
1011686
1000510
1010018
1004345
1010932
1005488
1012157
1001775
1003531
1007463
1001568
1002191
1009576
1009555
1009824
1004563
1003582
1003030
1012418
1009706
1005928
1003275
1012621
1004445
1002751
1011955
1004729
1001902
1003101
1000381
1006493
1003243
1011270
1000289
1002686
1009090
1007294
1006423
1003913
1001882
1009528
1009640
1011801
1007456
1006404
1004047
1005539
1011260
1006873
1007330
1003581
1008810
1002358
1005875
1009533
1007148
1010777
1011223
1001305
1004326
1002894
1001219
1004154
1012887
1009117
1004957
1007268
1003415
1005008
1007018
1000117
1000249
1012420
1001827
1012004
1005697
1004895
1006640
1012247
1005167
1001967
1012863
1002887
1001050
1004261
1004431
1005984
1001924
1006023
1006751
1002497
1000713
1003370
1006183
1004764
1009290
1010038
1006836
1010213
1004933
1000083
1005878
1006536
1000522
1006554
1011258
1007847
1012804
1010337
1004500
1010424
1004766
1005977
1009985
1001947
1000179
1002044
1006170
1007616
1005553
1005264
1003386
1001820
1006594
1002318
1001242
1002673
1007215
1005730
1005884
1003299
1000950
1012882
1002386
1002394
1011254
1002650
1000961
1006022
1007506
1004791
1003281
1002951
1007724
1006630
1006645
1007317
1009859
1007143
1007706
1003291
1012381
1007657
1010747
1002416
1001802
1003279
1005351
1002509
1002157
1001511
1006400
1002632
1011883
1001076
1006447
1011072
1002126
1010702
1004507
1011552
1010011
1012937
1006272
1000719
1012613
1003514
1012346
1001631
1011583
1012502
1000496
1002620
1009366
1012920
1007363
1004861
1001399
1009709
1003672
1007457
1001209
1000189
1001401
1006688
1000905
1003456
1011728
1002317
1008905
1012534
1001197
1003885
1004151
1010172
1001220
1010405
1000450
1000463
1010409
1011262
1006283
1006936
1002467
1004224
1000028
1000546
1000870
1007259
1002027
1003955
1005123
1006287
1012567
1004288
1000939
1007488
1000581
1009543
1006937
1012499
1006663
1010115
1003207
1012411
1002461
1003377
1007873
1003355
1003270
1012802
1000884
1005397
1001369
1001823
1005674
1004389
1004163
1007656
1001414
1005868
1007445
1004968
1004699
1003690
1001677
1004516
1010510
1000936
1003530
1010689
1011622
1006732
1009819
1004131
1000883
1007264
1002923
1000527
1001187
1001955
1001675
1002406
1010334
1001843
1000252
1004503
1007569
1004770
1006079
1001384
1012092
1008919
1007385
1002670
1003321
1000689
1010627
1006161
1012782
1010047
1003628
1003217
1011332
1010561
1000220
1000297
1002989
1003045
1009398
1011931
1001328
1012573
1006024
1007863
1011833
1006574
1000547
1004292
1001862
1007448
1009502
1011482
1009301
1005204
1012795
1010328
1005253
1007091
1009443
1010901
1012475
1006804
1011437
1010025
1000348
1006998
1012234
1005220
1012879
1001028
1005765
1000099
1001343
1012753
1010807
1007312
1001438
1003232
1004229
1007791
1003583
1001223
1012752
1010592
1004788
1003834
1002616
1000336
1003003
1007866
1004122
1009087
1011688
1002067
1005914
1004452
1001102
1007198
1008888
1002546
1011049
1007346
1007600
1011668
1005577
1005152
1010931
1001402
1009239
1008956
1003258
1008932
1002168
1011309
1003557
1007784
1009275
1003422
1001228
1007751
1005772
1009755
1001031
1000042
1001589
1000163
1009404
1003278
1008845
1005555
1000617
1005631
1001817
1003244
1006483
1005221
1000988
1003128
1012719
1006757
1003077
1010099
1000275
1012342
1001068
1006394
1003858
1009884
1000155
1006004
1009605
1002918
1003739
1011396
1010244
1002161
1005913
1004896
1006317
1006806
1000290
1008935
1010946
1010395
1011640
1011183
1005583
1009411
1011469
1002828
1001370
1001316
1002770
1007079
1012842
1012215
1006074
1005873
1001597
1003859
1003149
1011051
1008960
1011022
1011807
1006240
1001188
1000327
1003249
1007763
1003587
1000264
1012952
1009051
1004060
1000065
1002349
1006303
1003458
1011612
1002037
1000315
1004744
1001234
1009344
1012113
1003500
1003978
1004318
1001879
1006659
1009272
1000894
1003191
1011679
1005591
1007465
1013000
1002362
1002694
1005810
1000539
1007423
1005708
1003385
1012427
1012631
1003310
1001425
1002329
1006703
1009823
1004344
1005051
1010969
1012235
1005902
1011503
1001709
1005675
1011107
1002153
1000294
1000644
1003253
1012151
1002450
1010480
1012390
1007502
1011941
1005402
1009407
1010959
1000456
1011512
1009907
1010650
1000933
1012107
1007553
1009482
1012919
1000324
1011409
1005234
1010885
1007383
1007153
1003066
1007725
1003097
1003365
1010055
1002533
1006488
1011561
1001284
1000758
1006737
1001755
1001069
1006372
1007659
1012568
1000152
1003414
1006679
1004410
1012064
1002812
1012583
1002075
1005328
1012543
1011420
1003221
1010077
1010635
1012153
1003982
1002771
1012383
1001124
1002702
1006061
1001784
1007493
1003882
1012370
1007257
1007449
1006448
1008953
1004030
1004265
1001960
1005953
1002353
1004873
1001144
1011467
1010184
1002845
1000470
1004294
1011733
1002905
1000636
1000208
1009298
1009383
1003544
1005143
1012745
1010160
1005417
1012309
1006315
1000532
1003005
1000654
1010290
1005550
1002228
1000667
1004604
1004250
1005315
1007859
1009698
1006152
1007239
1009788
1004130
1012225
1007624
1005396
1010155
1004818
1001480
1000857
1005031
1012269
1005382
1001063
1012915
1009842
1003333
1011818
1000598
1011871
1005358
1002740
1010054
1001221
1001517
1005994
1011459
1010177
1001327
1002252
1009424
1002850
1010958
1006188
1003918
1009999
1012244
1002563
1004862
1009838
1007546
1003276
1001153
1005061
1005374
1006817
1005203
1004758
1004449
1011329
1010271
1004245
1007014
1007707
1005122
1000786
1003381
1000097
1000396
1003318
1012575
1012169
1012479
1005098
1012444
1010661
1004576
1002564
1012364
1000753
1002216
1001378
1010349
1002030
1012460
1000234
1006293
1007354
1009899
1010051
1009203
1000480
1009894
1004925
1009581
1004774
1004860
1006352
1003643
1012111
1002948
1011337
1003156
1007147
1007004
1006044
1004985
1000498
1006626
1006120
1000049
1010998
1006359
1002187
1010824
1007469
1002964
1005410
1010082
1012504
1001541
1012451
1006382
1005362
1009607
1002772
1009585
1006216
1001121
1012233
1002190
1010446
1011433
1009109
1000329
1010281
1010720
1004824
1006395
1003056
1004471
1005800
1004308
1004757
1000863
1007142
1002382
1007782
1009182
1004855
1010283
1007080
1006545
1006040
1001564
1005843
1007619
1000834
1011662
1001683
1000477
1003722
1010130
1003782
1005753
1010625
1006764
1004610
1012061
1002163
1004479
1009759
1005676
1006735
1012408
1003871
1012165
1009068
1011299
1012861
1007867
1005106
1004867
1007327
1006509
1011573
1004803
1010549
1000134
1002559
1009658
1005046
1009098
1000841
1010080
1000422
1005905
1006057
1000444
1009910
1006455
1002593
1002360
1010645
1012079
1007275
1005325
1010577
1004859
1007480
1003382
1001856
1007849
1000607
1000006
1004562
1012088
1001468
1006555
1005404
1000138
1011551
1005001
1012213
1002944
1007750
1004615
1001639
1002652
1009703
1005527
1004648
1010147
1005282
1009733
1011238
1012807
1012585
1000640
1009369
1009435
1001595
1004871
1007001
1000935
1009950
1011636
1003126
1002502
1007800
1007596
1001796
1005281
1002699
1000965
1005354
1000487
1010086
1005441
1002140
1012182
1008851
1012083
1011547
1000325
1005427
1002683
1012184
1000536
1006175
1001763
1004663
1009656
1005140
1012287
1012647
1005974
1012379
1006278
1011605
1005104
1011406
1003151
1006200
1012513
1002797
1003806
1002722
1011627
1009984
1010288
1004887
1001539
1001685
1005702
1007349
1010469
1012255
1006539
1004839
1002482
1000017
1011133
1002276
1012809
1002180
1009140
1011900
1006720
1010132
1009121
1010840
1005965
1010651
1004387
1011716
1005183
1002374
1002862
1002250
1006477
1004023
1000161
1010139
1006560
1000963
1003538
1007000
1006891
1003148
1007696
1012321
1002713
1002155
1003665
1005779
1009095
1010858
1000514
1007819
1009896
1005903
1003195
1005095
1001055
1002477
1003390
1006794
1011815
1007544
1001643
1000268
1009858
1009633
1012158
1012425
1000435
1007778
1000624
1006570
1006118
1004695
1004243
1011113
1005040
1001779
1001552
1002083
1012264
1000160
1005437
1010186
1001979
1006963
1003450
1004775
1012544
1002991
1011830
1007511
1004662
1009556
1000918
1011145
1011164
1006597
1012052
1012012
1012731
1006243
1003681
1002864
1001346
1006379
1005593
1012538
1008883
1010806
1007127
1002348
1007797
1000861
1010356
1007504
1002635
1012096
1005476
1010341
1003348
1004315
1003161
1002924
1001191
1003767
1009441
1011037
1007359
1004636
1005458
1004822
1000530
1005606
1003023
1004192
1011228
1009179
1003413
1003938
1004421
1000696
1003018
1006386
1003250
1003205
1004004
1006647
1005146
1010447
1005569
1002500
1009190
1007393
1003341
1011452
1003661
1000168
1005309
1005440
1003678
1004816
1003906
1007407
1009922
1002203
1005312
1003337
1000057
1010967
1003683
1005386
1007746
1000457
1000560
1002257
1010711
1004090
1010479
1011243
1012522
1009375
1000206
1002733
1006325
1003208
1002465
1011786
1005247
1007133
1002082
1004223
1005777
1001945
1012994
1009367
1004796
1009308
1007709
1012931
1008993
1006163
1011244
1010094
1009447
1006425
1003841
1012118
1003655
1006155
1003970
1009551
1001906
1012774
1000089
1002950
1003008
1004086
1004134
1001977
1007427
1012032
1010899
1000650
1003070
1006037
1004455
1010268
1001227
1000132
1009654
1010071
1001056
1005226
1010136
1006706
1004981
1000944
1010273
1007840
1012840
1001537
1012696
1012528
1002323
1012112
1003216
1010891
1004214
1006872
1005840
1009026
1007287
1004489
1011302
1001179
1005054
1001353
1002129
1009508
1006865
1005986
1005787
1007158
1004881
1012818
1009207
1000770
1006184
1000513
1010903
1012037
1005370
1003261
1009280
1003719
1007226
1002653
1006416
1010644
1001616
1002532
1004175
1009158
1012705
1001555
1001271
1010520
1011594
1012327
1002912
1005139
1012376
1007815
1001091
1009559
1003256
1002927
1012131
1006521
1012972
1009927
1012626
1011397
1000364
1012154
1006707
1002299
1010482
1010725
1012868
1003110
1001201
1010407
1007069
1009515
1003433
1007538
1010396
1003104
1000038
1010653
1007318
1009793
1010324
1001085
1012678
1004913
1004688
1005192
1005428
1001647
1004210
1011273
1010864
1007536
1005270
1009470
1006825
1009688
1005272
1005831
1002988
1009975
1009319
1004340
1001051
1012614
1001561
1001137
1003654
1004823
1000587
1000691
1011195
1010296
1004737
1006052
1002372
1001812
1012057
1010995
1011659
1007039
1001190
1000744
1005775
1004037
1011683
1003721
1011986
1004048
1011653
1008983
1004996
1012650
1007402
1011013
1000003
1003802
1002101
1007207
1004965
1009621
1011712
1009211
1006639
1003693
1010745
1000976
1010556
1009353
1010710
1009685
1008955
1001450
1001202
1010056
1004963
1012328
1002573
1008964
1010095
1006410
1009213
1007520
1010226
1007685
1010266
1012199
1012466
1011205
1009501
1010696
1010436
1006605
1012788
1006043
1001420
1009035
1011936
1006786
1002400
1006546
1004169
1006944
1012918
1007350
1010525
1005363
1006756
1003648
1000241
1009807
1003000
1003956
1000359
1004538
1006208
1004123
1004425
1000826
1005392
1003640
1010951
1011189
1010920
1002507
1004137
1010943
1004076
1012026
1003358
1000164
1005383
1010823
1000877
1012862
1009918
1001081
1012246
1005092
1001880
1010682
1007323
1003094
1010057
1009711
1005851
1007651
1000143
1000298
1002893
1005782
1006561
1003173
1012086
1009988
1009046
1001273
1000838
1005165
1002723
1012535
1009401
1003925
1012542
1000471
1011927
1006615
1007722
1006807
1004547
1010327
1004989
1001312
1010679
1005890
1002679
1012478
1012722
1011915
1009170
1005865
1005329
1011405
1003833
1000490
1009840
1005946
1011656
1008826
1005618
1004900
1007219
1005231
1006277
1001536
1006945
1006576
1007269
1007554
1003735
1008966
1002122
1007620
1003537
1006106
1003308
1001193
1009624
1003176
1009188
1000363
1001592
1005390
1004838
1003054
1001381
1012525
1009557
1007044
1002732
1007100
1001386
1009599
1002162
1007340
1005654
1001638
1011276
1002486
1002885
1006496
1003641
1004033
1010860
1007097
1002506
1000365
1000153
1003706
1003766
1001240
1000551
1007244
1001018
1006373
1005987
1002021
1003442
1004065
1000900
1002745
1010382
1004522
1012565
1007667
1011812
1002833
1004325
1011141
1003171
1001127
1005866
1009059
1012288
1006779
1003451
1005797
1002548
1011532
1002356
1007326
1005518
1001290
1006507
1009434
1000104
1010323
1003507
1012020
1004480
1001298
1000200
1000653
1000906
1008995
1000296
1012407
1003619
1007126
1004802
1001532
1009268
1009645
1005628
1000190
1006585
1009707
1009052
1007681
1003215
1002831
1002882
1003992
1006140
1005449
1005996
1001567
1007838
1004549
1006220
1010594
1005785
1003099
1000261
1003464
1012787
1006227
1007479
1005597
1003994
1003087
1003282
1007335
1011124
1005667
1011407
1012627
1006901
1011840
1010140
1005632
1009303
1009951
1006096
1006167
1012220
1002945
1005798
1010664
1001569
1006213
1001357
1012750
1012510
1003964
1007572
1006508
1006548
1002537
1012657
1003977
1005932
1009230
1006047
1011954
1004804
1006852
1001762
1010158
1006063
1009332
1012973
1001992
1007794
1002549
1009013
1010868
1005395
1010960
1002822
1005991
1012829
1012197
1007043
1000904
1004036
1007470
1012067
1011767
1009390
1007315
1007826
1007372
1011602
1012962
1010643
1006562
1002367
1002373
1012238
1009060
1001388
1006312
1000059
1011866
1009476
1005283
1003615
1005758
1012010
1005892
1000632
1011408
1012594
1003002
1004484
1008837
1012704
1010634
1005002
1005582
1006361
1012477
1000801
1007764
1003121
1001387
1000858
1011101
1010427
1005823
1001032
1010417
1000482
1009900
1010707
1010596
1004008
1010121
1003697
1010721
1009727
1005026
1000516
1004399
1002137
1009014
1006510
1001670
1005686
1004801
1001326
1007753
1001761
1006160
1001058
1010314
1012486
1003306
1005487
1009106
1005846
1001362
1011983
1001956
1003064
1012612
1005101
1012901
1002943
1006385
1005885
1001098
1011313
1006821
1005337
1005839
1009141
1000318
1001878
1000572
1001897
1009189
1002492
1002443
1001276
1002688
1001550
1012581
1011980
1001000
1010508
1010874
1009341
1005548
1001120
1003561
1007405
1010681
1001777
1011963
1007222
1008811
1012561
1010636
1003809
1012236
1007263
1010727
1004136
1000602
1005088
1012162
1012461
1004842
1007345
1004565
1010108
1006274
1002109
1001217
1005688
1001526
1000831
1011810
1001886
1009289
1010572
1007759
1003701
1003907
1006969
1009168
1009019
1007812
1010438
1001038
1005609
1000004
1010821
1009199
1010790
1009932
1012159
1001322
1011385
1003574
1012378
1004256
1009514
1002680
1011493
1004378
1010494
1001804
1006888
1006456
1004725
1001831
1012987
1006065
1010335
1007057
1006869
1006238
1000820
1006913
1009317
1010308
1010236
1000191
1012024
1007036
1007357
1006207
1007665
1004926
1003493
1011410
1007098
1000871
1005663
1001877
1000869
1010066
1000523
1002802
1010814
1001591
1009406
1003267
1000449
1008944
1000804
1003049
1011738
1000195
1005073
1005489
1012227
1004482
1004284
1001078
1002121
1001330
1012007
1009055
1007336
1002735
1011538
1012022
1006855
1006499
1002675
1003472
1009619
1000150
1004241
1003902
1003996
1012701
1007757
1001266
1011521
1011325
1002707
1012998
1002982
1012137
1004269
1006401
1007510
1004272
1007387
1012981
1007505
1005319
1010468
1001036
1006624
1002260
1007184
1006775
1001037
1009132
1003014
1005694
1007053
1000035
1006306
1005926
1005391
1012963
1006476
1005852
1005154
1001995
1004569
1006089
1006042
1011613
1008977
1012498
1003975
1005858
1010717
1011803
1005641
1010756
1012295
1009938
1003140
1011021
1003079
1000177
1004509
1011709
1000326
1009617
1010198
1001788
1004406
1001313
1002352
1012775
1003840
1000344
1008835
1005684
1001530
1006112
1008910
1007503
1004155
1002290
1005552
1000081
1010695
1004046
1003307
1004000
1007190
1002814
1003518
1000635
1000280
1010975
1004903
1003466
1011226
1011067
1012310
1009345
1006088
1011895
1004481
1002001
1005920
1005589
1003293
1012545
1012416
1001306
1003486
1007072
1003010
1007484
1003374
1009538
1003201
1008814
1006996
1009766
1011421
1002249
1004844
1012847
1003830
1003112
1011308
1004058
1005601
1003742
1005940
1012708
1003952
1010112
1003395
1006816
1005617
1012742
1006486
1009228
1000462
1000451
1001303
1002366
1001863
1009403
1012476
1009991
1006101
1005822
1004524
1005349
1005385
1010322
1000964
1010739
1006648
1012134
1009800
1011210
1000491
1010575
1007802
1011427
1005876
1009224
1011027
1012588
1012253
1011424
1012465
1005809
1010783
1001168
1010602
1002326
1001379
1007576
1010683
1009347
1001501
1001324
1007577
1006470
1004892
1004446
1012176
1002955
1011533
1004088
1006809
1006544
1005993
1006117
1002337
1005481
1007420
1006135
1000708
1011972
1012049
1011776
1001769
1006702
1005342
1002388
1005393
1005909
1002179
1011540
1003590
1002201
1009562
