222648
222351
222659
222287
210209
232518
231566
222328
223532
220684
220034
227926
229876
228766
220094
222233
231155
223217
222016
222807
233031
210441
223366
232658
230305
221944
223953
222824
220883
227631
223422
220833
232616
224108
223839
210148
231018
223852
220565
2320132
231117
231039
227907
228027
229690
223412
233173
210219
210140
223165
224196
224321
210024
223821
230532
232561
229989
230735
228415
232437
230246
224233
231326
222070
210169
221948
227428
222998
222812
224393
220893
231801
232374
227589
232390
222822
228802
222852
228616
222047
231727
228838
227395
229328
223560
223042
223196
229780
232110
224012
230031
232572
229680
232508
223059
224362
228811
231933
223430
230176
230592
232370
229507
228787
227510
231656
230109
229442
227975
220650
232219
220239
232366
222905
230630
229622
220049
210100
224152
223889
228314
229856
228476
210202
223745
228180
229696
231208
220836
220282
210174
228276
233142
223242
220168
223630
222691
222701
232376
220226
227699
222692
220693
220162
231528
233326
210106
230685
231880
220559
222316
233334
220020
223450
228600
228433
223230
228152
222051
232497
232217
228241
223892
230898
231274
2320522
231019
232797
220568
231447
232173
228826
222791
231735
223768
232485
223510
231255
228599
220769
223628
229762
230639
231479
230091
220707
210287
227936
232663
220596
229809
231062
227751
233116
229607
231937
230958
227630
231588
223345
227845
210003
228701
227410
220689
228251
230182
222652
229026
228688
231592
232890
232335
232894
232322
231765
220155
228011
231562
223783
230921
220803
223910
231922
220309
231659
229885
223619
228084
222036
229535
227709
231009
223124
229226
222331
228022
229785
227806
220712
2320282
229610
232765
229697
231312
232884
228058
231464
222260
2320411
220556
220870
229858
231228
227914
229362
230028
223921
210161
229565
228750
232143
231749
229767
230001
232733
210451
223250
222410
232553
232836
220613
231806
231698
232900
220120
229950
2319941
233006
223593
232178
230448
231517
223397
227816
210177
230229
230750
2319712
228955
222499
231850
231449
223122
222196
228679
227979
222864
232229
222675
220211
228808
222696
223882
229288
229808
228593
223200
222765
224415
2319781
227328
223445
222620
224430
227486
223635
228118
233065
232725
224024
229527
220040
224206
228762
232802
222738
227854
230195
227927
231889
231664
230589
220063
232904
210058
227285
220850
223694
220717
229344
220806
229194
231520
232584
220025
232183
223938
222095
223955
227359
229406
223419
223611
230574
210056
223537
2320151
228704
223712
230579
220231
231350
231899
210002
229804
231433
228369
210424
224332
220317
222057
220733
230486
224046
233254
220927
223760
230661
229060
232354
231303
227923
228224
228815
222866
224331
223456
231750
222122
229912
224427
231768
228899
230168
228146
220182
2319711
222571
228905
230632
232989
227615
223981
230329
231476
228569
231216
229237
223528
210141
229292
223371
210095
233018
223540
232815
228429
222950
231827
232332
221947
222740
224435
223138
222489
223502
223523
231711
222763
232506
229192
220088
210360
231740
232258
232634
230737
210143
227294
222197
2319862
228121
231551
223547
222408
230319
232236
220805
230996
220728
228658
222186
229939
210135
220102
232852
231633
223979
230244
2320662
231591
230202
223632
232460
232750
233158
223361
223746
228164
223799
223647
232929
210273
227358
223030
231151
230194
210231
220706
231730
229936
223174
222049
210186
223180
231225
232448
221000
232454
222887
220071
227392
210325
227618
2320061
230577
231519
232823
220250
223856
227331
230772
220249
228709
230622
231047
230026
210023
230964
228604
229600
232886
210104
222560
229377
210182
229836
232117
229367
210283
220107
232401
227991
227795
232470
232465
228648
229222
210301
224324
220281
222435
220874
222336
222112
223599
222184
229389
221988
230684
222239
232637
224365
228829
229279
222156
232746
230485
221970
227960
222832
220994
224169
224327
231679
232555
229561
230933
222581
210297
220298
210079
233022
220122
230307
232300
228946
223769
224337
230128
230207
231687
210012
223869
230535
233317
229666
2320222
228583
227660
229256
222948
232214
223857
229865
222734
231834
2319892
222313
231134
227578
229316
231618
224397
222081
233206
210329
229309
230526
222214
227756
227811
231817
231459
220708
233348
228171
228860
228064
228126
210423
223548
229794
232694
222373
232193
230101
220832
222074
2319961
232930
229818
223827
229991
223421
223655
228179
233258
2319951
231087
231339
230030
232924
210269
230006
227366
224179
220283
231501
222128
230548
210351
227829
220821
232931
224399
223590
228349
230111
229184
231576
229067
231101
232363
224273
230346
224235
229088
220580
232830
221997
222707
224033
229922
231808
222892
2319831
210176
232231
231700
233185
222855
221996
229695
228534
223735
223376
233349
229416
233003
228730
229821
2320421
223661
232462
220671
222516
230178
224059
222916
227450
229652
223654
231016
232984
227336
223578
227707
228504
223598
222859
222993
220132
231832
232197
232865
232419
223102
2320481
233023
222151
222490
210292
224220
230258
232685
224296
220190
231308
220740
228741
228422
224258
223081
210404
2320922
231444
223794
210458
231193
210346
223500
223563
230991
223898
231691
227471
231854
2320502
229355
223822
223184
232319
220123
228524
232793
220656
220253
2320202
227415
224125
2319782
229235
210113
223101
229574
220691
223060
221993
229390
228194
232128
223895
230831
232977
220965
223615
223016
232185
230840
222468
231885
227772
222108
229571
230509
231527
220096
222236
232137
228895
222080
223742
2320812
231063
228837
233338
231059
228901
229962
230733
230321
228472
224077
223159
210238
227668
230025
222902
231412
222624
233238
231805
231494
222258
228890
232263
229142
223544
222380
224245
230955
230710
229076
220278
220058
230488
228292
222159
222938
222177
231758
232333
232368
232562
230621
228288
222837
210047
231377
231526
232339
229408
228499
230079
230106
229676
222138
232259
232988
228601
232434
233071
232325
229740
223277
223553
229478
230649
229081
224271
233218
227929
223534
222253
220775
232379
231221
223004
230210
220237
231232
232726
220273
223176
229664
228628
228215
232978
222216
224082
230645
230946
231761
229127
222225
231791
223264
223623
223725
223461
222189
220954
232441
222308
227551
231035
227937
220980
220938
232674
229295
229725
231260
231366
224429
223631
222026
221971
222992
232850
224155
220932
222356
228683
223158
210029
227650
222427
223786
210206
231340
231925
224402
228959
227494
224015
228848
210260
228163
231277
227738
229558
220118
227488
230835
220616
230112
230453
2320762
223066
222237
223977
233327
233143
222908
229661
223684
227626
223147
232938
229186
231327
233220
223425
230591
229907
220593
220720
227685
222175
224140
223135
223239
227703
2320261
231422
227475
220252
231763
223816
231038
221004
228555
227312
232821
223743
227878
222761
227266
224069
233111
230460
210155
210257
220579
232751
230447
222550
230331
228201
232265
223208
220976
210276
223248
222642
222897
228156
232120
229516
228160
223894
223887
220143
230740
227262
210456
227398
220193
222363
230568
231662
227843
224250
210435
222429
224207
220106
231379
220103
223779
210382
230080
224431
2320611
227622
231124
229169
231205
229781
227866
230711
223642
223477
230170
227963
221942
223770
230610
220863
231896
220878
227935
222621
223152
230133
229902
223595
224392
227454
229908
210480
223690
227304
222072
228457
228626
231696
228191
210076
210189
222004
210401
224131
229975
228522
222190
232542
222027
229598
230449
222277
220615
223440
224228
229787
233223
220578
231934
210004
210152
223596
233053
220955
232892
230185
231356
229747
229829
228582
229909
229670
230777
210490
222630
231815
228173
232964
227404
223676
228870
222574
229141
228225
233279
210332
222105
228145
229568
220177
230459
228718
220926
224188
224374
210101
227789
231693
220315
231440
231030
220664
228726
228797
228788
220320
231941
222296
222839
230550
224312
210036
229457
220816
222220
227714
223996
2320121
230226
229672
220617
230071
230909
228015
210211
229777
229210
224424
229583
222011
230979
222071
227962
229380
210471
233233
232478
232773
222121
233032
232907
227386
231930
210383
230843
223332
229793
229350
229196
230471
230888
220939
229919
227367
220726
229601
210124
229625
222569
223452
232702
227880
220210
232576
222154
233319
228287
223650
230822
210425
223929
232171
220662
228282
222163
223285
232689
228938
231557
220111
232107
227757
222500
230865
210410
227513
228440
231212
229391
220257
230002
228005
223741
231249
228214
233333
227664
224313
220826
233013
224091
231767
223604
229595
223321
223747
220562
231279
210162
220881
229063
233026
220022
228486
232769
231911
232530
210151
232683
233281
223989
228366
230454
230320
222312
228543
228828
223519
231516
224036
228172
223896
224025
227648
224054
220645
210011
210300
228689
222688
222132
224175
228590
232643
227278
210377
210102
233345
220884
222525
232484
222141
228773
232665
227916
227402
223385
223809
231144
220666
230089
222879
227911
222795
229985
224089
222033
229445
220818
231086
228458
230428
222494
232297
210061
228296
228378
222999
222991
229689
222979
230696
228444
233340
232431
222417
222451
210224
224035
222769
222780
233126
230670
210055
210228
222477
210252
210281
229541
231288
220569
231668
223606
228717
2320391
230869
210122
229683
222736
210361
222529
223243
224130
223033
229732
229372
222505
227701
231305
210110
227684
222943
230637
230584
223387
220667
220166
223834
231506
222801
233124
2319982
228578
220026
231628
227411
229379
222971
227790
2320051
230782
231788
220008
230540
223432
232199
224407
220181
222796
222025
231918
223763
210244
224338
210085
227984
230932
223652
220039
220185
223688
229624
220919
227786
220608
222931
227554
232758
232936
231486
232970
231607
224359
2320141
232588
231650
220233
228805
224358
220988
210107
231799
231455
233050
223313
230064
229673
222716
230859
230152
231522
229511
220581
229311
223687
223994
233240
229402
232789
223392
224068
210171
224199
222143
222635
228721
227652
231157
228300
220700
228831
230657
2320112
222566
229446
210016
231748
230850
227500
228843
224213
222977
232831
228757
222299
222077
232372
231683
230732
229375
231207
222150
232515
232843
229647
229706
222848
222757
228549
220050
223287
228953
223925
222909
230862
227322
229245
223071
232329
227715
220718
231000
230143
227643
230965
232612
227719
231406
222750
228483
224048
228756
224115
222458
227623
232859
231945
2320462
227932
222453
223888
222828
222423
233135
229364
223716
230689
223107
232832
223790
230140
222326
228672
230050
230675
220634
227381
222278
220774
227642
229869
231864
232687
232910
233296
222210
220316
224240
220196
2322681
2320471
222275
232827
222563
229343
223203
233265
220659
231423
230799
230198
223326
210417
232565
221958
229926
229898
227850
228197
228900
210331
227384
210498
224219
231008
232700
210336
224198
229930
231956
224299
227736
223774
229996
222126
222188
228661
231734
210253
2320021
220224
223157
220887
210115
230824
231443
231122
222266
210453
223833
228186
233104
228237
233157
231040
230773
222309
224194
220762
222212
229042
231357
223253
223727
222678
220819
222493
230173
2319822
220159
228729
231248
228306
227296
210027
222969
210389
210196
232202
232347
222045
220161
223040
210341
229693
233294
230693
228693
231771
224244
228521
230519
210334
231619
222431
230606
224237
224205
227431
222501
2320131
232932
223883
223618
223904
229901
222012
231163
223395
232275
223761
222939
227561
223214
230270
230184
223701
222764
223384
223879
223117
229334
222676
223651
222865
230034
223406
224098
231191
210293
227954
227933
222775
220864
224114
222674
229384
228468
231104
231851
229548
210071
229807
233164
227621
231622
231708
227356
229826
223457
230122
232174
222378
223475
230344
230290
229547
222265
223324
228663
210158
224227
230717
224414
221992
2320351
231510
232457
231431
233132
233057
220105
220098
230808
223912
210236
231112
228818
220827
231263
222753
231784
222649
230248
232327
230038
222779
227327
222588
228888
228311
232586
231396
220749
228073
229179
227628
228484
222130
223756
233024
232203
228764
210248
232705
232698
224156
228636
232563
2320572
227721
230714
229251
220912
222759
228784
233070
224419
222486
2320041
223281
228213
222885
227667
230019
231575
222365
230783
229779
220057
223156
227654
229982
222257
224211
222549
222394
2320802
227361
222961
222856
228780
224403
224381
233107
231702
223975
223626
230209
227640
227822
229905
223039
220813
229618
231341
227388
230747
210443
210026
223777
220256
222689
230953
232972
222573
230473
231671
227939
223649
228547
233113
220644
220784
231460
224023
230595
233274
224232
228446
230551
223901
229083
232387
210324
210062
224408
232287
229992
223319
231714
227308
228933
232713
228586
232528
224050
220885
220795
230861
224390
223933
220092
223205
229353
231206
231539
232207
220212
229621
210229
220038
227506
232582
233245
223262
222248
231637
222355
233166
231456
228114
232962
220147
230881
227639
228676
222039
229030
230125
210481
223767
231072
227597
220892
230987
228856
222972
222825
220626
229800
232635
222554
223441
223374
223220
233156
2319971
222447
231478
232870
223640
229641
229686
228789
222760
228052
227455
232358
210149
228662
230559
210198
232140
233195
229593
232682
210225
210245
230292
224263
233295
223675
232903
210309
222491
230776
229729
220310
232100
230250
210420
233162
227768
220319
231382
222963
229834
223915
231271
222661
222559
223646
232534
222404
231133
220868
227723
220085
231891
230187
230304
230758
227365
220133
223270
223399
223759
224020
2320341
227912
220781
228223
229356
229913
222127
231043
224242
223153
227258
210063
220894
220295
2320821
220549
227750
232421
223714
221941
223738
230688
210147
229910
222756
229668
231393
232428
222426
224105
230216
224344
2320052
223573
222089
231704
228009
224040
231793
231474
232494
228598
229844
231940
223207
220882
222285
223885
230249
231536
222700
232967
224255
222002
230974
220782
220793
231006
223396
224215
230906
232187
232882
232523
233010
230982
2320312
230555
229861
233215
220945
223252
231407
233272
230828
220067
231560
230318
227692
231416
231012
210119
222403
230463
221980
222771
228344
227769
231231
233133
227973
230930
224328
230512
231701
227842
229797
2320852
232243
232817
233181
232512
224404
231337
229632
210397
222252
222153
232147
229685
227374
232474
223636
220748
224302
232829
222247
231830
223802
222043
228109
233321
233036
232510
222510
228612
222978
222240
232544
223259
224181
230662
231161
232734
231965
210494
222207
231890
220844
228167
223634
231067
230268
228403
223417
231822
210125
229990
232440
220236
223932
231944
231259
232609
223765
220065
229879
227480
210114
222847
222478
220268
222773
227598
223806
224092
230852
228632
223110
231962
229662
223685
233153
231640
232226
2320182
228016
224371
231966
220679
223407
230294
230608
232208
228859
231795
228003
220910
223049
230761
228698
228414
233235
230041
230129
230653
233337
223538
222430
230017
222793
220918
220302
223322
227687
232716
228982
210028
220711
223787
228747
229948
232735
229799
231097
210259
220240
230890
228147
210045
210060
230066
231643
223877
227698
227587
220188
210201
229917
232351
231785
223706
220685
223666
233165
223498
220594
231296
232391
230055
228964
222925
227691
220036
210356
230650
223191
222418
232522
220785
232499
230789
223021
220081
220660
232483
2320102
232860
223109
228129
228767
222584
227370
231738
210128
223494
220966
227603
220125
210279
231125
224320
221982
228845
232276
220311
222079
228380
224217
232672
231766
227773
210086
210131
231185
227758
222362
232164
229643
210449
210277
221968
222880
232381
222185
220296
228877
227889
231461
223660
230134
230554
233028
230937
223162
227663
231188
231617
228150
222267
223673
227303
232101
232717
222545
220834
228965
231170
229376
232237
232491
227856
223967
231468
223789
232763
2321841
223446
223096
228454
222831
229385
229128
232673
232337
227280
222449
227995
227458
230515
232779
231365
223327
228660
222464
232575
227347
224079
232318
230337
230012
228405
230505
223491
220696
223810
210460
210500
228104
220658
232599
232292
222264
220229
231463
221937
231521
210497
230306
230754
224367
230538
233269
233001
227743
224060
222709
227953
228230
224177
220627
223405
229240
2320622
233059
210123
223427
231563
231826
2320092
220313
231802
222005
230809
231065
233280
227741
2319681
231751
231172
232864
230452
223342
2319882
227505
227846
220609
2320752
227499
228735
233315
223058
231866
224297
224165
222730
224339
230827
229232
229089
230493
223633
222958
223969
229487
227459
231448
220297
228323
228551
233182
229426
2320552
220713
230158
220151
233109
223784
233216
222413
223170
223350
229051
222845
229434
231243
229444
230607
229234
220722
233324
220099
232492
230908
230044
232278
220023
220842
220778
227974
230039
210493
223541
229933
221934
222244
220612
232960
220307
223820
230438
230461
220970
232649
223668
224423
228786
232556
227581
229675
232690
222766
232638
231026
223282
231787
220230
222956
229953
231741
231436
220641
227720
210440
232168
228785
227575
210222
233179
222671
232257
229748
231437
220046
233192
231399
228108
224291
229648
223748
229874
230094
223201
222803
224176
231394
223942
222109
231634
230963
230177
232778
233330
223286
221976
223622
222990
223607
222456
223974
220814
230149
228687
230615
223213
210438
232097
223764
231068
232538
230724
230049
229248
231375
220829
222811
224347
222219
223007
230040
223728
224019
2320872
222301
231737
229712
229431
232888
220849
222420
220780
210492
232661
227611
231070
227382
230784
227440
230479
222350
210007
233149
222650
231680
210399
232426
223017
210402
227504
230497
230856
228319
229968
222522
224006
222894
2320012
227265
220743
233035
223708
230972
220076
222508
227582
223826
223431
229195
223643
229496
2320191
222556
231057
232920
230612
210256
222996
229650
220259
228873
210112
220986
230179
232167
223495
228461
232980
229490
223914
228876
228631
229692
223078
2320022
223949
230741
231604
220635
2320862
224383
210454
223875
222283
220030
231877
227301
222137
210230
210318
228006
230753
230280
231004
222369
231678
224230
210364
231227
231210
228148
232955
229961
227260
232344
221964
228846
232066
222242
231084
231796
230492
2320382
233244
222810
229578
228923
227792
232432
227268
222809
231920
220846
223737
231450
228441
230624
222506
229465
228980
222835
210345
231420
231349
229654
231024
231214
223119
227661
222629
228132
227820
222484
233061
230916
222090
232303
223212
232234
231572
229470
230276
223136
222933
230295
224225
222348
220300
222058
232156
210096
232862
227694
229403
228142
228144
220946
232653
220640
233062
232359
222746
228424
230211
222162
227705
210205
220060
228407
232760
2320431
233186
232912
223973
210392
222860
232314
231359
210463
224373
220269
220301
223704
224167
222330
223368
230774
227904
228139
231310
233257
232579
210450
224437
230241
227905
222067
2320111
223842
228666
233243
230445
228657
230118
220873
223423
232475
229614
223597
223920
224400
224214
232233
233198
224224
224428
220312
232739
222409
232738
230901
223817
223041
228806
223380
223288
228753
232294
223496
229738
224111
231893
227733
222387
223172
222690
233105
229864
233125
210223
231824
222173
231146
223503
229553
232547
220206
222399
223798
222084
230648
223073
220797
220163
222254
230939
228026
223190
230220
227793
222104
228396
229659
210352
232310
227704
230601
223509
222354
220248
2320512
232557
210118
231183
230985
220996
230068
222473
229320
223941
229068
224325
228937
224004
231803
231015
222646
232317
232606
229774
230103
222096
229479
227785
220097
232591
210381
228854
222228
230275
230666
210265
223221
210251
228893
2320511
227931
223907
229714
230851
232161
2320621
210461
2320891
230534
227881
233095
223000
232501
210001
220270
232681
231153
223608
222475
231201
229216
222305
222965
220909
232806
230113
230934
223927
220931
229392
222544
232288
2319692
222968
227744
220150
223530
220831
231869
222546
227306
210439
220247
220916
233136
223740
2320232
227619
230511
210376
231177
222327
223723
232570
220548
229393
230021
222818
230480
233099
229943
229176
224047
220801
233231
233123
229882
230586
222400
231358
223699
228001
210365
222714
231648
222962
229536
222799
230625
220951
222901
2319851
224113
229718
223351
232768
224063
229705
2320422
223054
222986
222919
223552
231677
230549
210013
224067
228618
223411
222755
230238
230341
224183
2320251
224395
222446
230997
233266
2320811
220731
222310
210066
220277
230470
223029
210445
227886
210018
228099
223256
210247
230738
222371
223791
231688
232644
223662
228881
229250
210305
231372
220209
220138
210049
229947
222063
231764
220286
224378
231483
232289
228302
227804
231948
223197
220765
233247
230734
210170
222180
222261
232264
222787
228812
230628
232383
229330
228343
229180
233328
229291
232369
220590
230426
231261
232098
224070
227261
224361
223382
2320342
220080
210090
230203
230070
2319901
232527
231306
223035
227988
223836
232934
210188
228116
222681
210304
231445
220574
210035
232525
232299
224369
230957
231426
228335
229360
229921
222548
232271
232320
230604
230596
220682
220998
230795
210348
222142
223873
210282
222201
228033
224102
230174
224135
231876
230820
222056
210168
228030
227766
223246
229770
230123
210194
232330
2319741
227273
230826
232389
210087
229656
220294
230709
222994
210387
229567
228945
227607
230889
222460
2320822
222021
230190
232072
222147
233175
230744
223571
229283
231435
232382
227796
232585
210486
231184
210434
233250
227724
220786
223272
233103
223276
220843
231657
232680
231098
223036
220566
222325
222564
228210
229524
229707
2320592
231245
232060
2320291
222543
231821
210354
2320582
231840
231762
230718
229704
230875
228749
229937
222106
228623
223355
227670
227580
232607
222517
223788
233261
228281
228047
228329
230138
222202
210010
224117
232455
229651
220154
222318
230694
231429
223729
230976
227873
220205
210014
227726
230699
228842
222637
232973
223343
223813
232486
228740
229544
223476
221965
232794
210470
231565
223962
227616
222684
230440
227659
222041
227894
222945
228295
230707
210414
228781
224275
232854
222317
227921
230961
228327
222881
227967
227269
223825
220901
233248
230424
222073
223807
220687
223346
230278
229480
233313
229538
210358
220082
2320882
223818
222245
222558
230691
223448
229277
229640
228101
230539
222382
223318
227548
232614
227748
222929
2320652
232307
220041
210021
232804
220779
232917
228445
231585
231532
229851
222178
232105
230769
210088
229952
228087
223648
232407
232511
222898
227740
221953
227403
232652
232182
223924
232780
227495
222321
228800
223131
230708
232963
221935
222335
232269
223514
222195
232874
231642
220637
222878
228462
229955
224166
227425
227593
232201
223097
224053
230895
227836
230475
2320912
231220
232847
229497
224315
228097
224265
2320142
231051
223063
221002
231376
224200
231238
222921
223087
220266
232696
230676
230927
230053
231007
223312
224186
220602
229404
232867
220648
233224
220823
231818
230142
220914
222135
227282
228285
232338
228710
231647
230180
224300
230915
228013
223576
232496
231589
220172
210254
232871
227992
232427
222717
223134
231081
230642
210359
231943
222269
223705
232503
228625
231251
230803
222960
231863
231408
227399
232255
222293
228455
210409
222113
222819
232966
227614
223497
230658
223398
230086
228008
220908
210415
230183
230213
233323
220992
231716
222820
231267
210048
222030
229313
230715
223146
232133
233118
232668
223437
231292
223840
228706
231752
228792
222358
230728
223283
232610
227605
231136
220859
232881
233188
222967
220072
230858
231022
228825
220628
220800
227601
232200
223129
232373
210184
223305
223186
2320682
210446
220730
230481
233040
231432
231809
2320172
227956
230759
230098
223061
222981
210479
210496
229573
233228
232927
223533
227433
222495
222743
232413
233034
233301
230132
222211
233213
229677
227451
231540
224236
232149
220164
231609
230107
228957
220837
231699
222589
233298
230260
223284
222062
227584
232531
228447
230257
230427
210405
227653
224376
231054
229114
229964
233127
232543
227629
228466
229709
220146
230234
223084
228000
220254
227362
222168
223772
222944
228603
227928
232693
233212
230222
232108
223105
229724
222200
227569
223785
224386
220165
233282
232921
229638
220547
228491
232532
220010
227828
220218
228082
232723
220244
231031
233072
222628
232439
233098
230868
231746
222370
231418
231079
223086
232856
230120
231235
220787
229897
232153
220024
222913
223114
231462
222343
2320122
220584
227800
222686
222640
223617
230482
223409
223291
233025
229087
233159
223247
223020
230330
222523
232121
232301
232813
227910
228368
220673
229969
227287
232249
220654
227416
229159
231268
230609
210262
230145
222298
229371
227568
224384
223218
230785
228341
230796
223404
231342
232692
230654
231244
224026
231466
2319952
232948
222259
222470
227767
222286
230466
223940
227682
230980
231294
224280
231794
231253
228243
228871
220032
230730
223983
220721
227497
223918
230269
228477
229750
223233
223922
220915
2319761
222307
229744
228760
229895
222368
220756
224394
224016
229124
222645
220267
223808
231739
229737
228885
220755
232274
223638
224003
222263
231452
223521
220651
223359
229095
232650
210266
231550
222234
223373
229370
227680
230790
232112
210059
230434
230770
210138
229425
229036
232993
228803
230936
223094
231552
228665
224061
231879
210009
223539
224018
228577
229183
230503
210074
232451
222942
230430
232103
222069
231088
228733
231229
232194
224021
231189
222539
210306
227821
222101
220807
228209
232155
231222
229977
228929
229485
210040
223050
223462
229103
223290
2320272
228176
230035
224317
231309
231584
230135
224283
232905
230214
210344
232851
231132
223855
231116
222813
229612
222535
229853
228613
220917
224405
223254
230879
231831
228175
224007
231872
222705
210343
223766
220087
230524
229293
228250
227890
231218
227675
230899
229873
222872
223103
232540
230221
232552
232722
231093
230525
230876
231037
231573
229318
228919
224282
223564
224259
222442
232845
231754
222729
210274
230314
224316
233169
2320011
220220
220802
228765
230573
223418
233303
230541
231469
221951
220293
220978
223801
210121
232954
232290
232119
228155
233204
220198
227658
220865
227267
223260
210372
224112
231873
232246
223868
227485
227752
224356
223720
222792
222647
232134
232697
229244
223266
231417
220715
228771
223257
223335
227492
2321842
222553
229263
223957
230201
222469
227373
232444
220101
231106
224425
223645
231839
233120
231902
222776
227511
230703
223520
223909
220043
230286
220601
232872
222315
232777
223811
227559
232321
228202
228506
210136
2319802
230731
222781
232699
230476
228496
232141
231148
220598
230076
229721
230500
220697
224257
223518
220263
223671
210052
232720
220984
222928
222672
223884
230015
232270
210073
231246
223141
220867
230546
224062
229633
230004
228589
222552
231115
232979
222481
232130
220876
220110
222693
221959
228174
232736
227573
233271
230553
222805
233086
229820
227731
229530
228816
227887
220128
220289
231333
220840
228761
220124
2319881
228220
222182
231121
223488
227783
231295
231409
232853
233236
232947
223349
231175
224037
230619
222751
228071
2322381
229684
231147
222585
231190
210311
223703
229121
229508
233284
227986
224134
222167
231475
220137
2320071
2320452
210241
229261
232641
222587
230293
224180
230212
228193
210084
222673
231590
229354
227891
232946
223118
223812
223724
222849
210357
224097
224368
220851
232316
233092
231608
230613
231092
228151
210134
228695
224218
229838
2320631
230205
229798
224081
227814
223670
224341
222932
2319702
227938
227874
231914
231578
220695
229824
229768
228392
224222
223255
229639
231045
230191
220809
221963
232969
2320642
232433
232196
231852
222973
229303
231392
228638
222886
224100
228731
232326
228372
228659
223046
210442
230310
224011
232594
210291
223453
222623
224264
220318
228085
223546
223899
231722
228269
210067
229634
230327
224178
231630
231275
230566
231897
223128
210342
228545
221955
222698
231049
232992
220811
227329
220002
222697
231411
223489
231836
220213
230308
223567
222788
222158
232312
232608
230067
229181
223338
228331
222230
222364
223293
232295
223169
210203
220589
210221
229398
231558
224027
210407
231743
230701
224417
223713
227897
224127
227961
230864
232846
210208
230874
227481
220117
230272
232662
231215
227372
228821
223580
233251
231485
223394
231110
231074
229642
223132
223298
231131
228925
210258
222745
230247
231192
223400
232869
2319991
220732
233016
224252
220950
220753
223587
230231
220242
227473
230762
230060
231955
2320781
229024
232209
233222
220055
223581
228707
227799
222904
224189
228751
220866
210271
223275
229243
230801
210418
222217
220848
228774
222906
223749
230240
231782
229958
232449
228581
223314
228720
223225
223861
228796
228562
232909
230634
231441
232835
232646
231003
223792
229253
232965
230994
222110
230462
232240
232144
229846
2319721
220129
227576
231907
230764
210249
223031
232204
230672
223148
233189
2319742
210452
229249
227412
229422
220790
2320771
223985
232573
230102
231846
220705
232887
230755
227472
210390
231477
220091
223815
231903
220934
220225
230239
232940
229603
220741
227442
229945
228249
230104
223937
220869
233146
221991
224009
220287
230749
231909
232212
230920
231419
229682
222767
228239
227762
223978
230674
220241
224350
220967
210078
229878
228594
230543
210465
227385
210393
227423
232519
223916
232502
231597
233214
224318
231330
231256
220217
229517
222704
229986
2322112
220675
232876
220891
230894
222397
220841
220006
233052
222768
230326
224147
223986
224295
227958
223223
210116
231859
223369
230046
229863
232253
230464
232277
223173
231028
230235
228318
220830
232857
223543
229532
228032
224307
2319841
224171
232210
222749
2319921
224144
227608
232633
2319962
231819
231266
220690
222436
229191
233045
220824
228886
231402
228227
227763
232602
230832
230146
231686
223750
230010
223943
233289
223111
229539
229743
220663
230011
223536
221983
232566
231076
222474
232272
222001
222840
222708
232096
227900
210175
227441
228340
222619
228804
232169
224442
229552
228402
220216
229669
228475
231719
232719
230081
224017
222231
227779
228866
223934
231105
230571
227888
232215
222272
231497
231733
231064
227641
228694
220597
227646
228211
228793
230075
229591
230804
227462
223570
222282
229287
2320402
223439
230242
230572
227270
2320751
223364
231010
231398
222777
223493
231780
228681
210130
231554
224268
210482
220013
220852
222914
223639
223424
228029
223144
222946
220632
233148
220669
230537
224208
223139
223963
227862
223127
231164
229336
227678
233263
229776
223074
228264
222638
227677
230640
229576
222988
210022
231149
2320782
231360
230860
232466
224034
229719
233354
231119
222157
230032
230425
229587
221981
228841
232228
227885
230349
227397
227858
223663
223379
231881
223501
223627
220207
210054
220948
2320532
231649
231600
228159
232839
223089
222323
222758
224314
223479
227797
230499
227672
228810
2320062
223269
224087
228119
223507
230911
227861
210487
221001
230806
223837
229247
229646
220991
232659
228972
222215
229577
231415
223077
230518
228474
231904
223447
223797
229447
232671
232242
229542
229115
229281
232395
230713
228678
223722
230057
230517
223024
210485
231667
232893
210160
227284
232901
231847
231029
222762
229759
232302
232481
228253
228568
227982
228891
228875
222699
222784
220572
232244
229126
2319772
232221
229754
2320311
210214
210476
224164
223579
224304
222936
222622
230943
220035
229889
220629
232577
227693
228067
232380
222531
223130
2320242
231792
228798
220979
231021
231652
229378
223206
220134
222476
227325
228809
230811
222744
233286
220900
231545
229147
210038
232235
232345
223561
232365
223556
223238
231383
223939
231265
220553
231367
224029
228337
227255
224387
230561
230531
231053
223988
229727
232254
227577
221998
233232
220649
230300
223464
232879
227409
220686
230928
232206
232800
230165
2320691
227737
220704
231186
232447
233267
223800
220573
224172
230536
228690
222213
232309
223641
2319722
210362
210363
232124
231083
220199
222145
228834
227742
232941
228293
2320221
220116
222957
232677
231833
231247
230992
230763
231404
230975
227755
231489
222694
220652
231314
220308
231281
228902
223168
229418
224248
223956
221999
227572
210099
230232
223037
229368
223696
223616
224290
222395
223990
220923
223334
223353
230636
220975
223227
233343
231034
231269
227780
229580
231888
229491
229756
222830
221957
232443
230593
222867
223019
2319672
222018
229872
220735
223577
229940
210321
233221
232225
232885
232262
230855
210380
223123
230757
231388
210298
220845
222223
231507
228943
230871
231373
231960
224357
227595
230137
232761
220575
228777
230206
229904
231123
220751
229760
229314
210368
227637
222980
222504
232567
229833
231605
231961
223160
229458
231143
233155
210187
222718
210005
231783
232957
220770
230671
229956
221969
222873
231490
233108
224191
232266
229931
223516
227706
224360
232675
220854
233309
228198
210127
224168
233014
229771
210020
221967
233047
222015
231611
232469
228532
227673
230873
228479
230467
230468
233128
222816
2320331
2319832
228755
228254
222059
230623
222817
228903
231559
222893
230172
230273
232227
223026
228168
210173
223999
222502
224380
231621
230299
229204
2320162
220054
223964
227378
233320
2320702
233217
210408
210464
233234
223486
222518
229983
228221
227759
222116
228772
229522
222379
228219
230941
223739
220903
220964
224028
222103
227818
220130
224411
231165
230917
230594
229069
210235
232504
233068
230969
228541
230264
210406
232721
232343
2320262
220942
231910
223492
222890
227636
222728
210137
220276
223245
222391
224139
223354
229514
231273
223484
229911
223120
222680
230914
220897
224349
223682
2320212
220304
230167
228558
233256
220941
221972
233306
232489
231488
229862
222384
231283
224342
222754
222724
228438
224335
232146
228044
232306
210284
222785
220260
210462
2320361
230095
231546
224031
220972
220672
229850
224096
228421
228021
223726
228072
232205
231697
224243
228170
231777
222742
232753
224223
231567
232684
220792
227831
229840
230742
223625
224116
220639
230978
220647
230834
227574
232250
230545
228813
230469
229428
228575
231856
224132
227791
229359
223471
222085
231798
232131
223586
224121
232537
220571
229606
230523
222679
231166
210447
228941
229396
231541
223751
210272
222172
224346
210032
230069
231434
230225
229741
231508
222227
232820
227252
224326
230291
227864
228650
222183
232509
223185
232822
220265
221960
220913
224151
222250
232880
220600
229604
222976
222515
222726
222119
230913
220698
223621
231626
222401
230907
223228
227276
223048
228778
231538
231089
223805
233341
231237
210484
228911
232679
231942
232708
230779
227765
232688
229468
231301
230683
228492
229974
220599
232645
227310
228736
230877
232709
220812
224124
232189
228910
228131
232601
230692
230450
224001
224355
228588
231952
230560
230251
229099
232177
210044
222424
230093
231492
224057
231137
220853
231262
231705
222926
222863
220930
227463
222385
230656
230837
222488
228039
227728
232833
231636
2320081
227596
232949
210220
210312
2320892
210025
232282
220727
233087
220187
222669
224354
222040
222243
233285
232776
2320491
230431
231718
220135
228668
232666
220668
224239
229649
230812
220093
220981
224066
231033
228014
223679
229694
223718
230245
231505
231717
220856
224382
220551
228734
231807
210350
228346
222915
229272
232786
230771
210379
229494
220570
224352
232655
223458
222838
2322492
227253
220742
233299
222850
227647
223299
230023
231913
223306
230736
223011
222003
228416
222802
232759
227343
222093
210069
231595
228869
232145
2320442
222687
232795
232855
222618
231410
231011
230474
229229
227669
230037
232598
223504
223365
2319751
210421
223601
229562
223854
220051
210117
223347
222924
220886
231631
229881
230580
223231
222125
229832
229045
231564
232889
222374
232580
2322682
227586
229331
230151
210133
228208
220815
228102
223232
227847
210328
224119
220004
220620
231343
230018
228719
230059
231915
231135
230126
230563
223323
230121
231695
231405
2320042
232564
224286
230334
227256
232521
228158
223367
229611
230617
222017
229596
231289
229715
222579
223459
229323
233074
231774
222046
210109
228595
223099
210347
231173
229373
232436
232476
210154
2320271
228682
232620
228742
220929
227590
231258
223149
223091
232741
223301
231706
229735
223166
232393
210043
232129
210317
222206
232604
232767
232315
230983
227493
230455
222747
229843
231895
223420
230456
232971
210491
229526
228794
2319912
220699
230171
224306
224088
231496
222224
227853
228738
232809
210375
229039
229703
224421
220692
223574
227876
228909
223695
220999
230680
227776
223944
224041
231453
232918
231299
223588
231684
231593
232597
222411
222804
210215
230557
222982
223043
230507
223512
232384
222314
210295
232985
227857
222580
232291
229589
227435
222229
222129
228608
228345
229786
231553
229387
220184
233102
229722
220983
231276
232631
231845
224412
228927
229066
2320791
232232
229400
222891
230956
210366
229421
222294
232595
220228
229560
223356
229352
229149
231313
231397
231658
231786
227604
232071
220956
221977
220178
222876
228294
222653
229960
229512
222858
229995
228045
231001
223549
224348
220144
228617
222392
230487
210180
222654
232654
2320531
228235
231529
230163
222770
228442
228473
220271
230302
210302
232126
224120
228270
229058
222181
230722
229079
227739
223594
231848
232935
220011
227882
232703
222341
228451
227334
223698
222821
228177
232279
222332
233151
228325
220179
231632
230465
223711
228189
222565
233196
230698
221938
228922
228839
231078
224260
230720
232158
222823
233174
231731
224294
227870
233314
210200
230259
223499
229046
232350
222843
222583
220764
231963
210077
231682
220940
229965
222439
233253
222437
220763
231424
223874
231778
232114
228633
227570
232706
229324
223234
223481
231348
223987
229148
232148
230605
228904
231198
223267
228265
230797
222532
2320761
232923
222276
222246
231321
232922
229278
222203
228614
230328
210431
222568
232378
227407
230729
233193
230726
222281
231938
231080
231403
222836
228830
220170
230746
222663
230575
210495
224010
224085
230085
232251
233056
230768
229635
223583
232529
231663
220074
229122
229056
222627
227662
223681
230219
223814
223308
223268
233037
232367
229626
231413
224311
2320292
229307
229660
2320932
228357
220238
230716
224150
223240
231336
223307
231427
223997
231820
220112
220243
220676
228849
228783
222534
210400
223001
2320091
233096
228007
230261
231654
232983
210204
227295
210142
222342
223145
220758
220223
230458
222685
230005
210349
233278
229450
222842
230567
223116
231318
228297
210246
229765
228639
2320861
230598
228339
228935
231315
230870
231025
229551
229132
210108
222441
231332
230338
233131
228699
220804
228301
229327
223279
223966
223310
220729
230199
232163
231145
230200
223653
224409
223771
229177
232336
231470
222065
210290
232749
227634
227683
233121
210294
228183
222703
232986
231425
228714
232152
233225
229657
228653
230528
224251
2319671
231385
2320641
229231
2320671
210240
220937
2320101
231374
220746
229395
229233
229716
227298
232625
224153
231726
227896
223085
220665
224413
229976
229801
230962
222616
232179
229241
230224
230063
222870
232811
228273
227345
229333
230289
229887
231673
223428
233114
228162
231924
229152
223370
233310
227563
227815
220222
231209
228559
222711
232348
231825
210323
228872
220723
2320792
223860
230442
229205
223012
233145
222633
227453
228338
223377
210319
220321
223108
232102
224107
210289
220121
230056
222037
228257
229211
228744
231860
223331
228408
220173
222302
210373
228655
228950
228702
230903
231878
220068
230817
2320692
232898
228921
229417
220585
230926
220052
222048
232453
230477
228218
222528
232944
210459
228482
220561
224173
223451
220907
210057
220968
229847
231867
222398
223408
233239
232360
222862
229746
232754
230155
227627
2320521
230192
230587
220148
228936
228542
224184
224044
224234
227483
231775
230446
227898
222306
231936
232757
233336
230739
220997
222311
232252
233029
223984
223181
229687
223919
229230
222241
224076
227798
231487
227419
231670
224160
223845
228242
210165
231587
222204
230924
231849
228317
228267
231612
223472
229312
227408
2320152
232446
232328
231951
230993
232724
232592
222402
220587
232392
222626
228412
229242
220680
223375
223876
233352
231454
227371
2320201
233230
233163
2320902
223069
230884
229225
227259
210033
210233
232526
227391
223340
231906
228546
220203
230998
222555
223878
233138
210429
220924
223669
229238
228326
220759
222774
228070
229236
210337
220157
230014
230565
2320501
230287
227892
233199
229615
224434
229599
227452
227754
232783
229499
229346
231523
230780
227901
220642
231724
223881
223330
230646
222520
228275
220933
223656
231331
222139
222171
210396
228274
233115
228154
222677
224123
231046
231109
231156
232223
227729
231958
223106
222390
220973
230896
228089
231894
210391
230154
232728
224122
228654
223819
2320722
220142
223603
222131
232745
2319942
228673
227274
223562
228169
210316
229629
223352
227688
229699
229941
231692
229200
2320362
222292
2319682
231855
2320392
229430
2320001
222656
222512
232619
233350
228448
223022
223015
231616
2320161
227879
224293
220670
228432
232600
210370
224308
230323
223171
228068
228824
232877
210091
231203
224216
232701
220305
228758
229158
231107
224128
223426
222664
228713
230794
210371
230036
232304
231254
222643
210280
224045
222144
229871
222082
231280
232805
233101
220550
222218
232868
229628
232624
231690
229432
230498
232718
224203
223289
222115
231056
2320332
227477
227330
229061
220754
210288
210081
223469
222187
230900
229805
223480
220768
223062
228381
231655
232766
223303
232479
229993
220987
229617
228471
224351
230981
232180
231713
230556
232605
220862
220285
2319801
228579
231732
227309
228795
223659
210157
220825
223057
227250
233041
231272
232727
232790
231118
232840
228907
230999
231926
228746
230786
231213
220306
232629
230633
230312
231923
232764
223192
232704
222524
233144
230043
228775
223732
223902
230542
228350
220056
220808
227802
220235
227579
220047
223137
224377
224285
231515
2320252
232430
228450
222271
233083
228236
210041
222133
223976
230986
227413
210145
2320031
228004
220791
223052
223935
228125
227439
229899
222874
223320
232493
223309
231571
223336
227291
229172
2320441
231430
222636
232657
222028
220284
233268
230652
223315
228272
228725
221956
220015
232356
232752
228835
230301
210019
220776
229949
220880
223483
231720
222251
227710
222433
2320301
223090
230935
224190
223009
2320171
229963
228671
220773
232593
229415
223222
220734
231676
231096
222102
228883
230530
222651
233063
222010
232059
231689
223389
231071
223348
230886
220018
228418
227805
222340
220739
224141
227906
231653
231812
220017
228906
210285
223961
220136
220280
223386
232468
231017
210333
224154
230752
224322
223824
220167
227817
2320472
229973
232281
230950
222922
210015
229665
230922
227251
232548
231351
223038
224221
227867
222289
233210
224340
228553
2320381
229424
228456
228952
210327
230787
223478
228715
230332
221936
232743
223864
231703
229813
224149
221987
220027
230793
210353
2320082
228266
229711
227774
222455
231414
229815
222683
232239
229609
228452
230441
231509
231364
223115
231548
224162
231219
229702
232571
227987
221945
230679
222329
220767
228743
220028
228355
224439
223758
229317
224118
232364
228231
210455
229075
227784
232911
228817
224204
224370
222888
228020
228017
233252
231555
220724
223665
231776
220322
230626
229212
223991
220622
231624
220126
224334
223265
227375
223555
229419
223357
220262
230072
223434
223155
222537
228234
222668
229745
230117
220631
222527
222029
232664
229866
227803
230959
231451
231211
223188
228431
210082
227732
210267
229700
231709
221943
228480
223667
233002
222452
227271
232807
224145
210150
222541
230000
230805
223506
230236
222232
220977
228680
227293
230521
222748
231387
232942
223273
223913
223584
223683
231964
228807
230547
229880
229769
223657
223900
220709
220957
230489
222193
222895
229294
230087
231347
229057
233094
227734
231446
228833
223602
232406
224364
222221
231495
232135
227852
229140
230333
227263
227469
229811
232748
223850
223204
229310
220681
223672
222372
220086
228732
210467
231685
231919
233130
233168
229966
228041
227947
229193
233302
229830
231095
222910
229041
210050
2320732
223795
222098
223752
229410
228823
223177
230208
230558
222930
210422
228330
227952
210227
228143
231458
220953
232280
231666
231959
227681
233015
232361
229951
230564
228182
222179
2320871
224129
228077
223554
232578
223525
229207
231457
223702
223032
223731
231355
227788
222366
224104
220820
230659
223215
223515
222660
220567
231613
231638
222463
232480
231710
232647
231561
220633
232162
228711
224013
220195
228752
223104
222222
222798
2320482
232099
223010
223998
228096
229427
222727
222719
229357
230088
231912
230322
230815
227713
227292
223216
210483
227969
231224
223140
233178
223734
232324
231939
228700
228958
232283
210398
222492
228187
227363
224101
223178
223187
231345
232676
233275
210017
231868
231789
227908
223851
232568
227746
223658
228686
224197
232473
231069
220799
230316
224278
224042
231949
223610
231514
210046
231421
231141
228622
230948
232895
230905
233089
230074
227690
222389
222092
222896
230788
232991
2319752
220583
230929
210042
231108
228283
223575
229540
232928
227679
210374
228307
222450
2320551
227257
2319762
229290
230938
230704
223858
228110
228435
227985
230823
224099
227753
220113
231598
229736
231582
228544
231236
2320851
210412
228844
223971
223378
220084
232165
230647
231525
2320681
231781
233293
223442
227557
224266
210179
228754
229802
230578
230885
229112
230643
232186
230841
233190
230131
231226
210472
232136
230267
233088
222778
228627
229726
223620
228141
230237
229064
223150
220736
223778
220053
220175
224095
222019
227676
210031
229280
223886
223271
228770
224080
223261
231753
231534
220922
228046
232498
231167
233009
233067
232150
231160
229792
2319861
231530
230139
229369
228574
229338
227686
223297
228028
223700
228153
220636
222732
229273
233012
222536
229117
228914
230848
221973
227875
222884
232284
232459
229925
230218
210008
230800
224406
227978
229365
222641
230282
227824
229845
210437
233312
233288
224005
227633
229047
228801
227594
221961
223762
228685
229763
231181
2319992
232524
227657
232256
227922
232628
223047
228463
222388
222935
222006
228667
223936
229534
220757
228149
230867
220744
222721
223251
229886
223780
231234
223202
223189
227478
231504
222934
2320612
223891
221990
228664
223951
223542
223755
230690
224247
232781
227487
224366
222165
224379
228799
233205
228449
220694
222008
223088
223629
223044
231322
222076
227571
2320931
210268
228464
231438
210335
233307
230745
232516
231278
233054
221994
231511
210094
224109
220888
223947
230422
230923
222877
231828
231816
222166
231171
229084
220564
233080
220877
232841
2320352
222808
220906
223995
228100
231810
220019
222997
231042
224289
222723
227600
220201
228419
228705
220855
232488
223179
227730
210030
227655
230635
228086
224086
220943
232176
231857
231013
227349
229959
2320032
220745
231723
222009
224195
233292
222632
227666
223697
223730
232357
210103
231439
227834
230336
230830
227638
221952
2320542
231319
223467
223849
228692
230721
223337
229954
222551
228737
228387
228268
232122
230243
230727
210097
222975
232157
223585
222428
233055
231442
231284
220688
210226
220258
224074
220963
224138
2320241
210367
227830
232422
229170
222846
222352
232747
232424
230925
228278
223773
227632
231223
229816
231843
229150
210261
222586
227674
230590
220701
223609
2320002
224106
231887
222735
220062
230971
223522
228776
222440
223241
222448
232188
232642
229761
229151
224438
231041
220772
230520
230819
232442
223680
224288
223438
227764
231715
210250
231335
223164
232296
229733
230673
220255
231286
222209
220180
229790
210426
222471
231886
223823
224281
220962
210314
223923
232123
230339
230846
231362
233077
223490
231841
231556
232810
224279
223470
231285
228426
228832
231674
233122
223568
231400
228716
231814
223781
229116
230882
232814
230265
229935
224284
224148
230196
223715
223828
233276
222434
223280
232589
233304
222361
222538
230215
231639
231199
221986
220936
232558
230712
210193
227612
228123
229713
210310
210468
231772
220643
228324
222509
222582
230892
228398
230977
228645
228165
210270
230343
231744
228865
228819
232349
230141
228939
231645
231378
229884
228105
224256
221939
210239
229972
228397
233154
232095
231390
222054
223853
220192
228867
231325
230599
230756
228652
228651
229016
222032
223339
224432
220061
232982
230160
223005
228782
232405
231353
231610
224051
233117
220810
232883
224398
220563
210419
228361
229144
220064
220145
228791
228769
228018
230092
227895
222576
231493
233242
232908
223893
229050
223911
210355
210307
227341
220944
230157
227537
230552
222013
228556
232375
224274
230893
220264
232621
231287
232838
222007
223465
232261
222974
231524
228478
232626
232906
222940
220189
222359
222346
233011
210427
222851
228057
223443
223056
231570
223691
231871
228635
223302
232160
227429
2319821
210181
210083
230115
232581
220070
222161
233344
229296
223535
229584
230857
232798
229351
229397
232994
228684
230105
222268
2320881
233277
222625
228083
229710
230073
227394
220857
223075
231790
210478
232213
231005
229215
229980
232549
230042
228135
230878
230097
230954
223591
230116
210072
227283
223693
231927
220274
224209
210217
227314
221978
224253
227649
229218
210105
223325
227351
232245
227860
224110
230529
229827
227319
232569
231127
233260
228607
229032
231898
231002
220069
229979
227360
220822
223862
230663
224433
210378
224094
228413
223316
232260
228525
227869
222290
224090
231298
222421
232456
232618
230324
2319701
230451
229918
229734
228596
210163
222983
229414
228161
230818
228298
220279
222567
230725
223613
229252
222376
232933
224388
231755
231113
222303
228847
228656
231324
231901
227778
222375
232711
233112
210213
222658
210308
229900
2320672
222966
210430
222280
232355
210469
232500
229817
223435
2322111
210191
220557
232230
229783
220993
210477
223175
229822
232551
223531
227281
228884
230706
232385
233084
227810
229841
220737
229708
232623
232660
222918
228493
227849
222094
223710
222786
231391
220905
229894
231641
229136
222720
223614
232712
220005
231747
229456
2320701
220959
230995
231239
230686
220725
228204
230912
222868
224055
228012
230760
232801
210416
231354
231060
220961
230439
222485
210065
228696
232191
229437
227851
227700
224073
231900
232541
232873
220788
228584
230119
231395
228428
232756
232505
232438
232224
229105
233194
229942
222634
220958
228548
223098
228880
230883
230641
224212
231707
230100
220839
227490
222533
231797
220174
230298
228550
230478
233305
222465
231320
230616
220828
232371
232445
222739
230931
222118
220152
210120
222984
230175
231090
222572
210080
229224
229275
228043
229929
229049
222706
230836
222170
222480
231323
229299
220119
229906
229812
2320192
232945
223300
2319902
227617
210499
228157
232819
220989
232707
231543
232730
232159
222432
231513
228031
230966
227482
231547
228206
229276
230872
231932
231946
224292
222511
222954
210159
230020
230443
220766
222035
227434
230842
222995
232334
230147
223003
210210
230494
231233
228055
230054
222031
222123
232974
222383
230960
230472
232116
220710
232482
230947
228090
222443
222530
222514
230810
230256
223926
232812
232824
222044
227613
223686
224385
222752
222772
222270
232826
232762
228425
223034
222406
230781
210395
229025
229723
220577
222666
222169
230090
210320
224231
227337
220016
232559
231651
231542
232775
220588
220674
224201
227735
227357
233073
231599
223908
223311
224229
228554
224436
230144
210403
210243
223674
223183
229870
229080
222540
220208
227311
224309
230496
222284
228674
223079
231544
223444
222844
224301
230778
220552
229971
223362
223055
224078
229467
220197
232106
220683
223551
210092
222334
210234
220952
230262
221946
231100
232816
223027
223403
231853
230009
233291
210369
228232
228605
220607
231629
222300
231334
223195
229828
220014
210413
224441
210444
230277
223092
223167
210428
230562
233346
230677
223278
229892
232844
231291
233207
228962
220048
227813
233064
229340
232729
232613
224277
232353
229883
210192
222087
227903
230668
222238
210386
231838
210313
228748
222617
232744
232132
230919
224202
224103
231823
231317
222117
231874
232656
230918
223151
223414
220738
229987
228423
227556
222120
231602
231804
223211
228081
228370
231721
229752
220750
210475
222042
228602
233030
223006
230570
232151
210164
233119
229927
210388
230510
220871
229803
220288
224333
231085
232298
228238
222304
222422
220982
229620
233172
222192
229566
228646
231370
224075
232603
232435
232452
223524
223905
231338
232849
223237
230495
231947
227727
230217
232896
224272
222472
222737
210433
227671
210448
223744
223473
223143
228728
210255
210197
220947
232651
232866
231176
220783
230508
230003
231293
220902
231052
227620
232533
231380
222416
228222
229546
224238
231742
223113
220719
233020
224319
222570
231498
229998
227812
232791
231180
230581
2320461
223550
230854
232115
223198
223505
231603
223193
232715
231361
233038
220200
231103
223317
230839
220678
231620
232513
227307
222712
229019
231503
231625
227553
230614
210144
222657
227948
231311
228670
210303
230169
222575
222000
223064
227272
230952
228434
223391
230317
230687
229175
227848
230281
227884
223600
223344
2320492
224241
232772
220045
229345
223897
231252
232220
223965
232139
229301
220546
220083
224269
230825
232987
231023
229679
227346
231204
232732
232331
232450
229545
229981
224126
228759
224158
230665
228820
222578
2319972
223236
222099
231168
232507
229671
222419
222194
2322382
230829
230845
230263
220860
228708
223637
220879
229835
232996
221940
222503
220215
227400
228989
220073
224391
220777
224372
231428
231660
227968
228675
220798
230719
230340
228508
222208
230792
233150
220771
224270
230990
220156
232412
210068
222467
224000
220204
210338
232803
224052
210207
221005
224043
232691
224254
222274
224136
231316
230309
222841
228940
228437
233255
224193
232074
223717
230897
227711
232293
231363
231471
222927
231048
230880
230944
229764
222814
223526
233008
228763
230620
231491
222466
220245
230311
223194
222415
223890
228248
231282
230313
210053
233140
224030
229505
223333
222444
229944
230970
222667
227760
231829
223045
210263
233079
220089
223753
223863
222964
220275
232340
228128
227606
228347
230303
227865
230325
220789
222140
220761
223381
232731
227350
231535
229335
229433
220847
222034
222827
2319732
223572
228897
232138
2320561
222542
229717
230775
222806
229319
222198
231290
232742
228894
222496
229254
222322
220232
228887
221950
230821
232394
231381
231389
220059
227787
224345
222937
231635
223358
233227
223067
228697
231297
232630
222797
223736
230284
220139
230490
233007
2319852
232248
220657
227297
233316
220904
220290
230597
229409
224083
232627
232267
223413
221995
227770
228395
220078
227323
231594
224310
220079
230984
233262
223219
220042
232560
223527
222725
210264
223341
223390
230436
231077
223589
223209
224014
2319931
229139
220861
231569
223224
223360
210339
223487
220314
232113
232686
220702
230483
232583
228840
222344
227583
230627
222854
228727
229260
229329
220925
224182
223076
2319872
231307
222783
222815
229053
223229
210286
220194
231759
231346
231935
229155
230973
231328
222454
222061
227470
220140
222199
230588
222160
227502
222022
231518
228822
229613
228286
220890
229645
224002
220141
230253
230751
228557
228092
222941
222023
229448
229483
228406
223028
227491
232463
210315
222111
233259
230697
228348
230501
229092
2320901
227489
231531
220835
227560
231264
231202
232346
227288
232388
233039
233134
220219
228724
232678
223558
231020
220872
230491
210394
224133
231712
222733
224440
222833
231230
220611
230027
220214
220586
228592
229859
232313
232755
230611
229102
228459
224323
222722
221962
220186
2319842
2319981
221975
230164
224261
229753
223644
220227
224249
223068
230029
230910
232536
220898
220911
229146
222055
222869
222959
223244
231728
233137
210185
222800
220974
228290
222952
222064
232539
223513
223775
233171
231050
229988
232471
221954
224174
230833
222949
222951
230228
223023
227695
222349
223482
222713
223274
227665
233226
232311
228188
232477
229520
230351
223235
222164
233270
223707
233110
232740
229537
223757
224187
224192
223065
229890
231533
229957
222333
233044
231601
227747
222205
231858
229221
231384
223872
210411
228059
228328
232808
232285
233152
227722
232784
230502
222412
220100
228310
223677
210070
231672
223013
230743
229994
231195
230682
220131
2320432
229855
228739
224329
2319871
223072
210237
227868
227389
229837
227436
222889
233093
229289
222324
230047
231779
232305
220921
224375
230669
224008
222826
230968
233058
223025
230008
230347
220606
223388
222715
229187
233308
230283
223263
228597
231512
222920
222526
222393
228481
223328
227352
210436
220595
220033
229637
233017
233129
231729
220176
220261
220714
229298
224159
220623
222377
230433
230798
210037
229788
230723
231036
231757
233049
231745
231371
222731
222249
222107
228585
227290
2320581
2319791
224410
231352
223210
222445
210218
220191
230161
223954
224416
230638
229636
231800
232574
220614
230887
230814
224330
232241
232198
227794
230016
220960
228255
231835
232710
210322
231837
222853
227859
232550
231773
230576
223463
210126
220895
229563
221003
232546
232648
223793
229663
229655
232166
232192
231908
223844
232926
228637
223455
222631
231484
230193
223993
230767
222407
223095
230233
231066
220605
220603
228093
231884
223545
229789
230288
227387
233076
223433
228120
210296
223838
230945
223624
222381
231200
229038
229758
224142
223612
229085
2319771
231916
228217
223847
210299
222291
233246
229932
228178
229891
222414
231581
232737
222507
2320921
232622
231882
230863
230197
222014
229198
229197
227277
220104
220029
223709
229464
223100
223296
220221
229749
230153
220796
224084
222665
230296
223605
229062
224058
228190
228949
222068
222903
231644
228931
230904
222487
210111
227872
222052
230527
220935
2319811
229608
231250
232667
230748
224049
231669
227761
230186
229223
2320412
222134
220001
227771
231257
210278
233322
229605
222338
210466
222066
231646
2320911
222136
222386
231694
222191
220234
227915
223294
227827
228827
227444
223692
229867
2320832
229967
222483
230204
220158
222146
231661
228124
222498
232517
222882
232352
223830
232590
231606
223329
222479
221974
231481
230988
220655
232094
227591
231032
227249
229366
232916
222953
220971
228615
222985
231473
210156
230600
224210
229915
230506
228723
228399
222148
224287
231950
230603
223249
223070
232545
228814
228712
222078
231241
229825
229678
223689
229557
232472
231675
228619
231499
222155
222794
229382
230664
220591
229934
210330
222461
223436
223948
228898
230124
220202
230271
2320742
231615
231158
229108
229489
222097
231549
210139
210473
220889
223112
223968
230695
2320451
2320731
230866
228722
229070
230967
230667
224032
232342
230631
232640
229358
229698
210190
223053
228427
228779
229585
228308
231725
231386
227355
220899
233085
228868
222174
227348
231099
229823
222176
220949
210474
228691
228140
231614
222024
222337
231577
230022
228019
228552
223721
222367
224056
224396
232487
227833
230791
224363
230150
223161
2319922
220747
222339
220703
232897
222947
232937
222020
232190
231580
227994
232771
223258
231537
220109
229429
223133
233318
232170
210178
231928
229970
220817
232461
229493
222923
220299
223393
223182
224185
232104
2320562
223363
222562
220090
230077
229308
232878
232495
222899
224146
222152
228878
223093
233273
224267
229720
230437
230297
223870
210075
223565
223982
223415
227712
223796
232615
231302
232858
232828
232587
210166
210216
231502
223848
2319891
223865
228703
222590
232273
220760
229619
227562
222789
222702
232490
227902
220653
222319
220576
223295
227871
222457
228166
222405
220077
229731
228245
220114
230274
222396
230096
220037
210172
230024
232863
231862
220646
223051
229691
231368
210167
224305
222124
222497
222682
229347
220160
232535
220115
220638
228610
220558
220621
223402
221966
222279
229875
230681
222917
223199
222255
222050
231917
230949
220554
222861
228117
222320
224389
2319792
230162
223508
229559
222060
222360
228629
220990
230847
230849
222547
228768
230678
227745
223083
230702
229495
220752
232065
227775
230902
231472
210129
229946
230585
227377
220875
223142
233004
220031
2320632
232995
220794
227863
232837
230045
229674
231482
210183
223485
229751
230651
222100
222644
229349
232975
233091
223517
229503
227315
231769
229208
220153
220604
232154
231770
232639
220149
2320181
232429
222114
227275
223832
223952
229914
227567
210089
222256
231583
223972
230188
220624
230504
227286
223401
223592
233161
232796
230429
231102
232386
222353
231178
233160
231905
230432
231627
220545
231929
224353
231014
2320302
230602
231736
227305
220838
230130
222083
223867
224420
233283
229630
220618
230048
224143
231870
228010
229555
210195
210275
229304
227917
228920
222900
223474
223719
232464
222834
222521
230816
228960
220292
229300
210489
220560
231027
228587
210242
232111
233191
224170
220625
223945
223582
2320371
228035
220969
227716
228277
232222
210326
232925
227781
231579
223664
222075
222955
227819
227585
223917
233141
2320801
227899
230660
220716
2319691
220920
2320541
223880
227940
223460
228669
220075
231953
222357
222871
232848
231169
230051
230942
223002
222235
222987
223960
227644
231760
222425
223754
233042
222857
230484
232617
2320321
2319911
233000
223980
224343
230844
222459
224298
229407
210457
2320571
222577
232998
220303
229374
229681
232118
223383
233176
210064
220592
222091
230533
229521
228620
2320841
233069
231756
223859
223449
232341
223125
223014
227635
231500
230705
223946
231842
228107
223429
229999
230514
224246
223372
224071
230348
228207
229510
222695
222262
223529
223454
231480
228244
223304
222345
222038
223008
232308
231568
231465
229579
229156
2319731
223782
229315
220272
227516
232670
230951
223776
233033
228677
232554
223866
232782
230058
2319812
223511
222347
231954
223566
231861
229688
229739
227955
228443
220108
233335
233219
229322
220985
228098
2320372
228649
210232
230457
230315
210093
220183
224401
222829
224276
230110
233090
229523
232109
223958
233347
222655
231329
231883
2320281
222273
223733
222482
232636
224226
223082
220066
232899
227318
232695
232247
223292
230252
222086
224039
223466
223906
232175
231574
231957
232514
231162
223569
229570
232669
231217
2320401
2319932
227689
229401
220021
229554
221979
230136
223468
232377
210385
210212
232458
231586
223846
232216
232467
223080
232181
231058
220619
222875
229893
222639
230052
220630
231665
222883
232632
231875
232142
228606
228647
222088
233051
210432
222561
227418
231892
227844
233325
233329
232195
229928
220169
210153
230114
231044
222295
220246
220095
223410
231300
230423
231129
231055
224262
232083
229849
222741
221989
230644
224137
228896
231623
230444
228404
228836
210340
224038
222557
228333
232961
221949
231344
220291
222513
230700
223928
223416
228094
228138
232990
231111
232127
231240
231304
228054
231865
228572
229533
222149
210098
230989
228103
210146
229282
230765
228494
224426
222226
229575
230166
227645
220582
223903
232714
233167
220555
229766
232956
227855
230838
221984
232218
232792
231931
228994
229597
223950
222297
232611
227913
230345
232875
2320322
229631
223121
229262
231681
222438
224336
222053
227624
232125
230156
230083
232774
223804
231242
232362
230629
229297
230082
228320
223678
229572
229791
220858
227474
223126
223992
230127
222911
223930
220610
229093
231369
230148
220928
224022
222670
210488
229582
2320231
230891
222782
230223
232520
224418
230084
220661
231075
233184
210051
2320211
223803
223559
222790
222662
224064
220251
223226
223154
223829
228790
220995
223931
229888
220896
222710
210199
228192
232172
228591
231401
221985
230655
229525
229854
222989
220007
222288
222519
229984
220171
232943
229757
220677
224093
231921
230230
229784
220127
227696
222970
2320772
222462
228926
210039
233208
210132
227832
223557
